,0,1,2,3,4,5,6,7,8,9,10,11,12,13,14,15,16,17,18,19,20,21,22,23,24,25,26,27,28,29,30,31
0,1.0,-0.03487451152686505,0.0059904201622822985,-0.07240899578970537,-0.07010574543128181,-0.037179321398642,-0.024946184865659637,-0.01507449257829092,-0.03852139530691265,-0.06220733268162242,-0.0681266224927168,0.06998283446475975,-0.050197704597376366,0.03993662210875457,0.09019114756257277,0.0314405692641947,-0.059547979324173855,-0.050226860242933144,-0.035172651163832364,0.06395820737367416,-0.030601147807928313,-0.07579471175879154,-0.06239369581228174,-0.00049101397373737,-0.034351163157834354,-0.034021551460149825,0.0014740425997559082,-0.044683600291124184,-0.03113810743531571,0.038600420504569626,-0.03334786028489978,-0.038037990754421366
1,-0.03487451152686505,1.0,-0.015911319035905407,0.04479507629130611,-0.03965828665166532,0.10671435458850283,-0.04811507700842853,-0.028856147306724214,0.06007414562123049,-0.038029474163445307,-0.04410749150876683,-0.03248218002386033,-0.014187260049500041,-0.022608670248358546,-0.014989260750305438,-0.03565808070924839,-0.032831937232269195,0.023250605483468904,-0.040381642191906854,-0.05411246680306388,0.054131087173927304,-0.04655386764535946,-0.04154557146315645,-0.015691583508032358,-0.019401185898731757,0.012683785185943116,-0.014513334806281785,-0.02382789772967188,0.004723870375630558,-0.027411774099312416,0.004769054794209783,-3.813613356692426e-05
2,0.0059904201622822985,-0.015911319035905407,1.0,-0.03416233347208259,-0.0300076605504525,-0.017036696937302084,0.04796524603460943,-0.022189312442951546,-0.01758392153029112,-0.0306913230486556,-0.03397465169438664,-0.014338705218837549,-0.02335373579644311,0.10804444184956222,-0.0022776592954270127,-0.026066979841938596,-0.026810671815845906,-0.026429111196512697,0.028400875691916287,0.11544029103771085,-0.013947230242771553,0.005177932250536653,-0.027397971811101023,-0.011117916360349686,-0.01673110550330912,-0.015572372063129725,-0.015036356993029394,-0.023644748715830437,-0.01531597117580365,-0.007226786798209012,-0.005333779351389546,-0.017579678707360567
3,-0.07240899578970537,0.04479507629130611,-0.03416233347208259,1.0,0.16301411747082253,-0.010410807995563537,-0.040258480097469344,-0.05727153035320926,-0.02819041159916516,-0.0800117317235769,-0.09522453136897513,-0.05541388258622858,0.31850891564147316,-0.04821332526122281,0.014480951281153703,-0.07685467429989362,-0.07571791190749375,0.01590785851364613,0.036512676396455626,-0.07304126188113058,0.05957842799346206,0.11170249172503606,0.00398667069354721,-0.03289723726578518,0.012082640879742486,0.009594887752591737,-0.056597995744597215,-0.04675313086234228,0.0027179259140388107,-0.055372175358460896,0.04593862350901096,-0.014183374119550883
4,-0.07010574543128181,-0.03965828665166532,-0.0300076605504525,0.16301411747082253,1.0,-0.034662260774550736,-0.04313799609405922,-0.06088368784829901,-0.045107938003139655,-0.08243289055936548,-0.09369063645333728,-0.054652502021155534,0.08603737412335853,-0.02785098590930537,-0.033417074642571154,-0.07557488087232586,-0.07381549996045461,-0.037498646001441295,0.15264592452372316,0.04900439918138605,-0.036482423785298056,0.3638318056474169,0.17034551676212883,-0.033208307254705874,-0.023892298650538643,-0.04071818185394658,-0.06486201832753324,-0.05610755586477824,-0.03251772991853003,-0.030579793849663764,-0.025242908234074064,-0.04574102637089194
5,-0.037179321398642,0.10671435458850283,-0.017036696937302084,-0.010410807995563537,-0.034662260774550736,1.0,-0.04059134347147822,-0.031467450640536854,0.1550955922207513,-0.0380414822189132,-0.04777914090354603,-0.033468872186698924,-0.022327505795539992,-0.023777143764133094,-0.03330771773568943,-0.03797332436442279,-0.03616545511054768,0.023701798806192845,-0.041433312311455923,-0.05384808424652226,0.05219791907797417,-0.043783552714114715,-0.04080347394661988,-0.016908512948221613,-0.012598280980184258,-0.011106428759384702,-0.03206607653536097,0.04120244966133052,0.00265349321011728,-0.029258042537962953,-0.000136751277570615,-0.014946353575090136
6,-0.024946184865659637,-0.04811507700842853,0.04796524603460943,-0.040258480097469344,-0.04313799609405922,-0.04059134347147822,1.0,-0.008701842942590621,-0.05917697970438737,-0.07825106601351253,-0.09829823829578413,0.047375037012905005,-0.04769225621343412,-0.000607333606871025,-0.012796099449941995,-0.07187257043104006,-0.08888606276182441,-0.04032802427973212,-0.031066609039752335,-0.0027145572862130075,-0.046851733823235805,-0.029227848229297707,-0.04772277273591802,-0.004638433961176037,0.007095767304054152,-0.03505089832641886,-0.019112797138786053,-0.04261399415918768,-0.0179673856946203,0.0226060523444692,-0.05092507923762743,-0.032469542249560515
7,-0.01507449257829092,-0.028856147306724214,-0.022189312442951546,-0.05727153035320926,-0.06088368784829901,-0.031467450640536854,-0.008701842942590621,1.0,-0.033092364195771475,0.0666023228207409,0.10953377967732363,-0.021163423864526923,-0.040600157711141616,-0.030516598067810985,-0.03461513916307808,-0.0056982788852470555,-0.04166573044366962,-0.029034582855579243,-0.05237891141396697,-0.06230687377819696,-0.025879354171646177,-0.06715786960189576,-0.052120183628226804,0.008850742374020558,-0.027070984225453704,-0.027989612668332352,0.03619624913787021,-0.042217027466805626,-0.021814301764182243,-0.024869662896875436,-0.03026490725594181,-0.02992440917999588
8,-0.03852139530691265,0.06007414562123049,-0.01758392153029112,-0.02819041159916516,-0.045107938003139655,0.1550955922207513,-0.05917697970438737,-0.033092364195771475,1.0,-0.04423846035354989,-0.04965622597551895,-0.03475825721162411,-0.02749806313388582,-0.024953722612030462,-0.03380357605403418,-0.034487066943767616,-0.038642800277497114,0.07009103424400087,-0.04319734194741277,-0.05390947645397188,0.019206248762557727,-0.05137715899261924,-0.046814898897691824,-0.017685528021203677,-0.02313067598353859,-0.008726071593652645,-0.029940926843914334,0.002085173972592014,-0.02082036641599747,-0.0295140866076447,0.030387403528540906,-0.015533855755349818
9,-0.06220733268162242,-0.038029474163445307,-0.0306913230486556,-0.0800117317235769,-0.08243289055936548,-0.0380414822189132,-0.07825106601351253,0.0666023228207409,-0.04423846035354989,1.0,0.07364243892548097,-0.02794565860530682,-0.05976860958914603,-0.04326437512429466,-0.06923396865785081,-0.031896729456460285,0.15523621285790315,-0.04929314724763011,-0.0805166117640499,-0.1033389491981461,-0.03448317770825783,-0.0987432724908043,-0.07895663480443968,-0.02383104567807718,-0.038591861993858625,-0.03842751728406045,0.0795010458838717,-0.040533021853093994,-0.029034528780032737,-0.05242855411272472,-0.051520071185711884,-0.027673726049704483
10,-0.0681266224927168,-0.04410749150876683,-0.03397465169438664,-0.09522453136897513,-0.09369063645333728,-0.04777914090354603,-0.09829823829578413,0.10953377967732363,-0.04965622597551895,0.07364243892548097,1.0,-0.06218846989158977,-0.0672147249164923,-0.047448164803005954,-0.07181240228319635,0.04270861621762753,0.25493705444919285,-0.06848980937694307,-0.0893472091474466,-0.11165930357369402,-0.037851903382361815,-0.10923774885912835,-0.09198902750233076,0.006432966051432248,-0.04649849737915754,-0.04361102734188789,-0.0017141165790453944,-0.06313371437807434,-0.04060695729049568,-0.05394390347409943,-0.03986232771559593,-0.047545201744562775
11,0.06998283446475975,-0.03248218002386033,-0.014338705218837549,-0.05541388258622858,-0.054652502021155534,-0.033468872186698924,0.047375037012905005,-0.021163423864526923,-0.03475825721162411,-0.02794565860530682,-0.06218846989158977,1.0,-0.03809493507631931,-0.004620547057503649,0.04857835030233453,-0.041651237692002296,-0.052824215170702654,-0.03783556478147396,-0.00899751123165087,-0.002535121197735509,-0.028423456839590223,-0.05854578658550657,-0.014881443432275161,-0.019873403957876352,-0.009956072215575798,-0.03156992364547308,-0.015686609483488517,-0.04463475691732739,-0.02815126114318428,0.05755640096089236,-0.025386694998246896,-0.032556100569524654
12,-0.050197704597376366,-0.014187260049500041,-0.02335373579644311,0.31850891564147316,0.08603737412335853,-0.022327505795539992,-0.04769225621343412,-0.040600157711141616,-0.02749806313388582,-0.05976860958914603,-0.0672147249164923,-0.03809493507631931,1.0,-0.033911987117035275,0.07204886488428361,-0.0540315644697782,-0.0532079599599557,-0.030750565135709215,-0.02332658548491332,-0.04700102285578389,-0.02519922085613898,0.07604838663452877,-0.03634206436241763,-0.023432993884923013,-0.00654979174085361,-0.014360866530952709,-0.04186650762516969,-0.04295101322476943,-0.023490689233779727,-0.036714214962682415,-0.022212678417738385,-0.030998363591663455
13,0.03993662210875457,-0.022608670248358546,0.10804444184956222,-0.04821332526122281,-0.02785098590930537,-0.023777143764133094,-0.000607333606871025,-0.030516598067810985,-0.024953722612030462,-0.04326437512429466,-0.047448164803005954,-0.004620547057503649,-0.033911987117035275,1.0,-0.010410078680229109,-0.03100092816665802,-0.03870309755261,-0.0379873265945655,0.11674907605001116,0.14874249857465227,-0.019828909097278524,0.0017448371996802432,-0.03765649737951374,-0.015287422383997336,-0.023591528738785485,-0.02208006802447325,-0.031169875905075556,-0.03262125822187138,-0.021635360210668593,0.03444799575904817,-0.02889643769117313,-0.02487384137703409
14,0.09019114756257277,-0.014989260750305438,-0.0022776592954270127,0.014480951281153703,-0.033417074642571154,-0.03330771773568943,-0.012796099449941995,-0.03461513916307808,-0.03380357605403418,-0.06923396865785081,-0.07181240228319635,0.04857835030233453,0.07204886488428361,-0.010410078680229109,1.0,-0.04210293069658724,-0.061915419113630236,-0.03457013418805736,-0.01209145329336061,0.012541140234885981,-0.02722320079344802,-0.03222361251740042,-0.0335340831945979,-0.01982321321097318,-0.03066324772903045,-0.03488158915615672,-0.01378033931217338,-0.029576262048264145,-0.03156637827343001,0.06368982280528046,-0.020966848722695487,-0.03905385491731275
15,0.0314405692641947,-0.03565808070924839,-0.026066979841938596,-0.07685467429989362,-0.07557488087232586,-0.03797332436442279,-0.07187257043104006,-0.0056982788852470555,-0.034487066943767616,-0.031896729456460285,0.04270861621762753,-0.041651237692002296,-0.0540315644697782,-0.03100092816665802,-0.04210293069658724,1.0,-0.0512962702547232,-0.044431411207412216,-0.07054685792159993,-0.07228385221036814,-0.02911864128597683,-0.08699706373024724,-0.07415728777164114,0.025207344092527596,-0.03704512822409157,-0.035725641793176985,0.0768644513230433,-0.006468023594600471,-0.030856193599434804,-0.023587124003001378,0.00018432199225861304,-0.03455888407052429
16,-0.059547979324173855,-0.032831937232269195,-0.026810671815845906,-0.07571791190749375,-0.07381549996045461,-0.03616545511054768,-0.08888606276182441,-0.04166573044366962,-0.038642800277497114,0.15523621285790315,0.25493705444919285,-0.052824215170702654,-0.0532079599599557,-0.03870309755261,-0.061915419113630236,-0.0512962702547232,1.0,-0.058302769455146834,-0.07128022271241619,-0.09164034602645157,-0.030221452925634912,-0.08856063909386672,-0.07056034750880144,-0.026083122326743542,-0.03650184924317791,-0.03448864375673525,-0.057717276189880894,-0.05312842296070497,-0.03353805228800512,-0.046738823607975294,-0.04267112521495607,-0.038396247997827405
17,-0.050226860242933144,0.023250605483468904,-0.026429111196512697,0.01590785851364613,-0.037498646001441295,0.023701798806192845,-0.04032802427973212,-0.029034582855579243,0.07009103424400087,-0.04929314724763011,-0.06848980937694307,-0.03783556478147396,-0.030750565135709215,-0.0379873265945655,-0.03457013418805736,-0.044431411207412216,-0.058302769455146834,1.0,-0.05408736004956953,-0.059142915443016864,0.0773875895517382,-0.060255957388994565,-0.06228960089745708,-0.01543126064672782,-0.019815199110928508,0.15290275083785448,-0.01513246078315459,0.054418316504070544,0.0010151796646480412,-0.04204822987515419,0.052045911154301266,0.0478005415036505
18,-0.035172651163832364,-0.040381642191906854,0.028400875691916287,0.036512676396455626,0.15264592452372316,-0.041433312311455923,-0.031066609039752335,-0.05237891141396697,-0.04319734194741277,-0.0805166117640499,-0.0893472091474466,-0.00899751123165087,-0.02332658548491332,0.11674907605001116,-0.01209145329336061,-0.07054685792159993,-0.07128022271241619,-0.05408736004956953,1.0,0.13351032657538067,-0.036045211623150775,0.23877845388611196,0.06979661647678684,-0.031369704036299975,-0.014359249665482172,-0.039560354398815036,-0.05549125924901312,-0.049792265445833685,-0.03002458187386321,0.013246240310687154,-0.0368548218160976,-0.0428193877630326
19,0.06395820737367416,-0.05411246680306388,0.11544029103771085,-0.07304126188113058,0.04900439918138605,-0.05384808424652226,-0.0027145572862130075,-0.06230687377819696,-0.05390947645397188,-0.1033389491981461,-0.11165930357369402,-0.002535121197735509,-0.04700102285578389,0.14874249857465227,0.012541140234885981,-0.07228385221036814,-0.09164034602645157,-0.059142915443016864,0.13351032657538067,1.0,-0.04647148967388526,0.16386642846887317,0.03112269656303286,-0.035189469102525205,-0.0423542154480978,-0.05251318288083187,-0.04216914617313679,-0.045073940334152976,-0.04543138019114493,0.07524955070775463,-0.03153035124860343,-0.058343752058982776
20,-0.030601147807928313,0.054131087173927304,-0.013947230242771553,0.05957842799346206,-0.036482423785298056,0.05219791907797417,-0.046851733823235805,-0.025879354171646177,0.019206248762557727,-0.03448317770825783,-0.037851903382361815,-0.028423456839590223,-0.02519922085613898,-0.019828909097278524,-0.02722320079344802,-0.02911864128597683,-0.030221452925634912,0.0773875895517382,-0.036045211623150775,-0.04647148967388526,1.0,-0.04263253365385093,-0.037102741847445664,-0.013553360199323232,-0.018712297419131843,-0.016841255834711646,-0.01617213213997548,-0.007888293203664628,0.0024332154020434704,-0.023914221092903212,0.05557520451087945,-0.016159625911900326
21,-0.07579471175879154,-0.04655386764535946,0.005177932250536653,0.11170249172503606,0.3638318056474169,-0.043783552714114715,-0.029227848229297707,-0.06715786960189576,-0.05137715899261924,-0.0987432724908043,-0.10923774885912835,-0.05854578658550657,0.07604838663452877,0.0017448371996802432,-0.03222361251740042,-0.08699706373024724,-0.08856063909386672,-0.060255957388994565,0.23877845388611196,0.16386642846887317,-0.04263253365385093,1.0,0.10400943095426257,-0.038349009971195794,-0.023056428744422423,-0.046742242518451396,-0.06728274117272037,-0.06372742399720767,-0.0315517840520194,-0.03985222417967475,0.0027283287996222663,-0.05336787085959935
22,-0.06239369581228174,-0.04154557146315645,-0.027397971811101023,0.00398667069354721,0.17034551676212883,-0.04080347394661988,-0.04772277273591802,-0.052120183628226804,-0.046814898897691824,-0.07895663480443968,-0.09198902750233076,-0.014881443432275161,-0.03634206436241763,-0.03765649737951374,-0.0335340831945979,-0.07415728777164114,-0.07056034750880144,-0.06228960089745708,0.06979661647678684,0.03112269656303286,-0.037102741847445664,0.10400943095426257,1.0,-0.03221556155221952,-0.0012412944391779505,-0.04045088913508768,-0.06368606785972694,-0.05801622197983236,-0.02845985547782865,-0.02423481791435641,-0.05981482047218309,-0.04395636816146825
23,-0.00049101397373737,-0.015691583508032358,-0.011117916360349686,-0.03289723726578518,-0.033208307254705874,-0.016908512948221613,-0.004638433961176037,0.008850742374020558,-0.017685528021203677,-0.02383104567807718,0.006432966051432248,-0.019873403957876352,-0.023432993884923013,-0.015287422383997336,-0.01982321321097318,0.025207344092527596,-0.026083122326743542,-0.01543126064672782,-0.031369704036299975,-0.035189469102525205,-0.013553360199323232,-0.038349009971195794,-0.03221556155221952,1.0,-0.015867236920289626,-0.015472124116895773,0.014500149740506077,-0.016540315971325305,-0.011917008610858076,-0.015742009861189267,-0.005096415531417448,-0.01652071617158257
24,-0.034351163157834354,-0.019401185898731757,-0.01673110550330912,0.012082640879742486,-0.023892298650538643,-0.012598280980184258,0.007095767304054152,-0.027070984225453704,-0.02313067598353859,-0.038591861993858625,-0.04649849737915754,-0.009956072215575798,-0.00654979174085361,-0.023591528738785485,-0.03066324772903045,-0.03704512822409157,-0.03650184924317791,-0.019815199110928508,-0.014359249665482172,-0.0423542154480978,-0.018712297419131843,-0.023056428744422423,-0.0012412944391779505,-0.015867236920289626,1.0,-0.0020548703405623607,-0.03262489890283972,-0.01699685380821145,-0.002087125543107735,-0.027656729107401322,-0.029110391870465338,-0.003723656012985755
25,-0.034021551460149825,0.012683785185943116,-0.015572372063129725,0.009594887752591737,-0.04071818185394658,-0.011106428759384702,-0.03505089832641886,-0.027989612668332352,-0.008726071593652645,-0.03842751728406045,-0.04361102734188789,-0.03156992364547308,-0.014360866530952709,-0.02208006802447325,-0.03488158915615672,-0.035725641793176985,-0.03448864375673525,0.15290275083785448,-0.039560354398815036,-0.05251318288083187,-0.016841255834711646,-0.046742242518451396,-0.04045088913508768,-0.015472124116895773,-0.0020548703405623607,1.0,-0.031058065711070157,-0.02647373739397483,-0.008156540093073048,-0.02694672015035756,-0.02578514029559686,0.009832296688983583
26,0.0014740425997559082,-0.014513334806281785,-0.015036356993029394,-0.056597995744597215,-0.06486201832753324,-0.03206607653536097,-0.019112797138786053,0.03619624913787021,-0.029940926843914334,0.0795010458838717,-0.0017141165790453944,-0.015686609483488517,-0.04186650762516969,-0.031169875905075556,-0.01378033931217338,0.0768644513230433,-0.057717276189880894,-0.01513246078315459,-0.05549125924901312,-0.04216914617313679,-0.01617213213997548,-0.06728274117272037,-0.06368606785972694,0.014500149740506077,-0.03262489890283972,-0.031058065711070157,1.0,0.038741341850134704,-0.028425791755124726,-0.010929410385568633,0.013792872270049569,-0.019222191795806573
27,-0.044683600291124184,-0.02382789772967188,-0.023644748715830437,-0.04675313086234228,-0.05610755586477824,0.04120244966133052,-0.04261399415918768,-0.042217027466805626,0.002085173972592014,-0.040533021853093994,-0.06313371437807434,-0.04463475691732739,-0.04295101322476943,-0.03262125822187138,-0.029576262048264145,-0.006468023594600471,-0.05312842296070497,0.054418316504070544,-0.049792265445833685,-0.045073940334152976,-0.007888293203664628,-0.06372742399720767,-0.05801622197983236,-0.016540315971325305,-0.01699685380821145,-0.02647373739397483,0.038741341850134704,1.0,-0.002005369346272684,-0.031389738485480066,0.050511953180148325,0.0024794332729990718
28,-0.03113810743531571,0.004723870375630558,-0.01531597117580365,0.0027179259140388107,-0.03251772991853003,0.00265349321011728,-0.0179673856946203,-0.021814301764182243,-0.02082036641599747,-0.029034528780032737,-0.04060695729049568,-0.02815126114318428,-0.023490689233779727,-0.021635360210668593,-0.03156637827343001,-0.030856193599434804,-0.03353805228800512,0.0010151796646480412,-0.03002458187386321,-0.04543138019114493,0.0024332154020434704,-0.0315517840520194,-0.02845985547782865,-0.011917008610858076,-0.002087125543107735,-0.008156540093073048,-0.028425791755124726,-0.002005369346272684,1.0,-0.0262548875726943,-0.021693887421595427,0.06786796700730896
29,0.038600420504569626,-0.027411774099312416,-0.007226786798209012,-0.055372175358460896,-0.030579793849663764,-0.029258042537962953,0.0226060523444692,-0.024869662896875436,-0.0295140866076447,-0.05242855411272472,-0.05394390347409943,0.05755640096089236,-0.036714214962682415,0.03444799575904817,0.06368982280528046,-0.023587124003001378,-0.046738823607975294,-0.04204822987515419,0.013246240310687154,0.07524955070775463,-0.023914221092903212,-0.03985222417967475,-0.02423481791435641,-0.015742009861189267,-0.027656729107401322,-0.02694672015035756,-0.010929410385568633,-0.031389738485480066,-0.0262548875726943,1.0,-0.02970417526280891,-0.030082702143392294
30,-0.03334786028489978,0.004769054794209783,-0.005333779351389546,0.04593862350901096,-0.025242908234074064,-0.000136751277570615,-0.05092507923762743,-0.03026490725594181,0.030387403528540906,-0.051520071185711884,-0.03986232771559593,-0.025386694998246896,-0.022212678417738385,-0.02889643769117313,-0.020966848722695487,0.00018432199225861304,-0.04267112521495607,0.052045911154301266,-0.0368548218160976,-0.03153035124860343,0.05557520451087945,0.0027283287996222663,-0.05981482047218309,-0.005096415531417448,-0.029110391870465338,-0.02578514029559686,0.013792872270049569,0.050511953180148325,-0.021693887421595427,-0.02970417526280891,1.0,-0.019285314687182413
31,-0.038037990754421366,-3.813613356692426e-05,-0.017579678707360567,-0.014183374119550883,-0.04574102637089194,-0.014946353575090136,-0.032469542249560515,-0.02992440917999588,-0.015533855755349818,-0.027673726049704483,-0.047545201744562775,-0.032556100569524654,-0.030998363591663455,-0.02487384137703409,-0.03905385491731275,-0.03455888407052429,-0.038396247997827405,0.0478005415036505,-0.0428193877630326,-0.058343752058982776,-0.016159625911900326,-0.05336787085959935,-0.04395636816146825,-0.01652071617158257,-0.003723656012985755,0.009832296688983583,-0.019222191795806573,0.0024794332729990718,0.06786796700730896,-0.030082702143392294,-0.019285314687182413,1.0
