,0,1,2,3,4,5,6,7,8,9,10,11,12,13,14,15,16,17,18,19,20,21,22,23,24,25,26,27,28,29,30,31,32,33,34,35
0,1.0,-0.030291699984742845,0.00600415750510265,-0.02601652601102181,-0.06944880131267775,-0.036513503292403646,-0.06911882493946489,-0.01432689419078145,-0.019940628197528926,-0.060945616141621264,-0.06738557137483615,0.06927071341946295,-0.04991892146592984,0.03949177504113788,0.08513847238861803,0.030568777455410423,-0.05899877157467098,-0.04755589631166807,-0.03553011436761676,0.1833603186310927,-0.038338246071292145,-0.07566104614959887,-0.06177959619247209,-0.0002942020365411652,-0.03074445924834813,-0.033533292808710674,0.0012333443744049159,-0.04304659680157688,-0.02089619454088166,0.023315994748765452,-0.03444683692243242,-0.036321846902157284,-0.019689331864073602,0.022030985342658297,-0.06998734761583109,-0.034430873912738275
1,-0.030291699984742845,1.0,-0.013928445715645988,-0.013749285631517788,-0.03625485192975876,0.05210121186700902,-0.03646492526839666,-0.025421716341852883,-0.011185504836614289,-0.034072384399422964,-0.03771392226855452,-0.02807535542730903,-0.024815732995368274,-0.019741831668703393,-0.026128862454747603,-0.02832296130110136,-0.030163581297494687,0.079835384403249,-0.035839274114641585,-0.054348907367563176,0.01934366310463745,-0.04228841918843902,-0.0368232300110259,-0.013361698170088976,-0.016551812967108358,-0.016765574113593078,-0.015173507658824028,-0.0037323955101769917,0.009790269236803107,-0.03538675469593029,0.05591678037212297,-0.014582288608749818,-0.03799490409048305,-0.02024464261848411,0.06079010984456534,0.05404135841793764
2,0.00600415750510265,-0.013928445715645988,1.0,-0.012009870330886668,-0.02977283912529486,-0.01689806349929969,-0.03640257122921917,-0.02179893156033469,-0.005043909787070336,-0.03038576715526961,-0.03396471110982325,-0.014362819810382756,-0.023352321111243864,0.10791401476230147,-0.002307265428373196,-0.026183671556028756,-0.026802988337721354,-0.02505208265697472,0.028970067711246546,0.020200530463501308,-0.017624652276373366,0.00660941373099182,-0.027148413572367948,-0.01102464768815819,-0.014767246762709008,-0.015503996667880495,-0.01518121873938447,-0.021301796397393335,-0.010116145409974587,0.14919954999451657,-0.005443330641407412,-0.016907775664574756,0.05713693459828144,-0.007643344581358051,-0.03329262750560775,-0.015858415161619455
3,-0.02601652601102181,-0.013749285631517788,-0.012009870330886668,1.0,0.06341638138702732,-0.010751836804445117,-0.005376565907796064,-0.021756337694275006,0.0323474086979802,-0.029545874836862974,-0.03389526571918181,-0.021425297810570815,-0.00976798051270827,-0.015751054810428548,-0.02073344456595364,-0.027159393923982922,-0.02691998107762314,-0.023794918463262413,0.012292135034626093,-0.03442020982805365,-0.017069608852377474,0.09451283816427095,0.05143126406205761,-0.01193663283624311,-0.0036011218787648782,-0.014895724736521503,-0.024419858803246233,-0.018818015396362513,-0.009325010478912156,-0.0018249128609577276,-0.021911958040823434,-0.016098656389786345,0.029410299116450465,-0.016954372694664245,0.011174441546469745,-0.015365452271599817
4,-0.06944880131267775,-0.03625485192975876,-0.02977283912529486,0.06341638138702732,1.0,-0.03445593585058027,-0.051048763171066595,-0.05978517706059505,0.03616725051630821,-0.08155063959241042,-0.09321395192511833,-0.05357432642236372,0.08744845040752586,-0.027295090474089546,-0.03054637692674369,-0.07445670733136903,-0.07348960737456664,-0.03416579225876536,0.15523834102987608,-0.043252377936972515,-0.04497774177828569,0.36129411464772676,0.16953745350076468,-0.032796760762923136,-0.021808692914859117,-0.040491408698832054,-0.06368581289459121,-0.05058638260125184,-0.025575569424295598,0.08303105391729344,-0.024448467256141904,-0.04436106243779982,-0.04054548925658057,-0.025485450674819415,0.1650347272714606,-0.03928860077690528
5,-0.036513503292403646,0.05210121186700902,-0.01689806349929969,-0.010751836804445117,-0.03445593585058027,1.0,0.012335728255300531,-0.031013915726841323,-0.007451061473908094,-0.0381715057172236,-0.047262126606934865,-0.03279103445729541,-0.021678080419523037,-0.02348160189892331,-0.031785794038467506,-0.03702133868693224,-0.0358079063397851,0.024567341078752844,-0.0411541088767787,-0.06263857289657748,0.15892967019308973,-0.04375839169656264,-0.040661649257960494,-0.016640217674651955,-0.01303372906307525,-0.011113354982708722,-0.030517079712658844,0.04144666884816456,0.0006095703909530167,-0.04075865148257517,0.0009065059808333054,-0.015151021563859019,-0.03792112898688077,-0.02428661522690842,-0.010318995168263075,0.1071337771069455
6,-0.06911882493946489,-0.03646492526839666,-0.03640257122921917,-0.005376565907796064,-0.051048763171066595,0.012335728255300531,1.0,-0.017200897735109844,-0.01462154849458823,-0.05133663382149603,-0.09884016362875957,-0.053774440305526125,-0.05243085000325698,-0.05169523863962187,-0.06205101294132826,-0.07300568398092291,-0.08023410190211486,0.0011052016076072058,-0.048666485034492106,-0.09430238207285183,-0.04916535700522894,-0.05094688554775438,-0.02985978271933249,-0.03086113217740425,0.014670265214647156,0.0077269683204679515,-0.055706140398449365,-0.0018089109624263638,-0.005960242765653735,-0.0664489291600564,-0.05588860289113022,0.025957658600921356,-0.014854320169278283,-0.0521126026830143,-0.009192792438796142,-0.025684430795989397
7,-0.01432689419078145,-0.025421716341852883,-0.02179893156033469,-0.021756337694275006,-0.05978517706059505,-0.031013915726841323,-0.017200897735109844,1.0,-0.013994514854144723,0.06863100151129768,0.1119484507891574,-0.02002298415732145,-0.040002468453420065,-0.029834066539902858,-0.033078266992662114,-0.003775520662956158,-0.040683752367761644,-0.026125877283823172,-0.05271885977339652,-0.05176357637120826,-0.03262029536971686,-0.0662107449619094,-0.051803884477971324,0.009601330446054785,-0.024741965984106058,-0.027732357027157206,0.037785974381091686,-0.0373189230855015,-0.018092070034508023,-0.05205977003119698,-0.0292269669186171,-0.029024301522864414,-0.001852846167216342,-0.021218251928665173,-0.05561283993034702,-0.02835414446146617
8,-0.019940628197528926,-0.011185504836614289,-0.005043909787070336,0.0323474086979802,0.03616725051630821,-0.007451061473908094,-0.01462154849458823,-0.013994514854144723,1.0,-0.02256029050554827,-0.02691184319044255,-0.016261881391228403,0.06323160318724082,-0.012713662392070096,-0.011634228808883509,-0.0212524140859401,-0.021501866943235994,-0.012382684192544999,-0.006883300442465283,0.011927569464261505,-0.011646284363025523,0.05066505533569664,-0.0039053610746539154,-0.008702007957219378,-0.006036536968535909,-0.012166725683815022,-0.004839329313924879,-0.01412826974767379,-0.0079191842418544,0.0021479640748513057,0.012633425995541233,-0.011820905083313456,0.014739140740883748,-0.012801274204455062,0.02636934414235073,-0.01253588747234318
9,-0.060945616141621264,-0.034072384399422964,-0.03038576715526961,-0.029545874836862974,-0.08155063959241042,-0.0381715057172236,-0.05133663382149603,0.06863100151129768,-0.02256029050554827,1.0,0.07543499078156825,-0.026696838726622884,-0.05867572745691354,-0.04270067322377599,-0.066345480756456,-0.029547900669756072,0.15645107788322726,-0.04693489798673779,-0.07964835771224132,-0.11958294848878966,-0.043887735632268686,-0.09783246180534899,-0.07805960232385313,-0.023231324267945608,-0.03522170175455011,-0.038063512603367336,0.08408300842831984,-0.036059572734774774,-0.02390543586992566,-0.07836001856746322,-0.049936373589975755,-0.027597191413271174,-0.06155446414833943,-0.0435568358295818,-0.07903511519018797,-0.03770100762652021
10,-0.06738557137483615,-0.03771392226855452,-0.03396471110982325,-0.03389526571918181,-0.09321395192511833,-0.047262126606934865,-0.09884016362875957,0.1119484507891574,-0.02691184319044255,0.07543499078156825,1.0,-0.06151353934594546,-0.06646275351084885,-0.04733682409193027,-0.0695856900876655,0.04398940323543469,0.2550708958049631,-0.06364957161245088,-0.08910689996396873,-0.11751033340947137,-0.049628220306584134,-0.10883296725280052,-0.09132455286873108,0.006782905490957128,-0.041090238670556,-0.04330533580433515,-0.001142156681580393,-0.05408529791374191,-0.02640240144822997,-0.08776449809461956,-0.0388466614216957,-0.04559131856144332,-0.07771520947099195,-0.04686304178763782,-0.09255094970744634,-0.043848065153384685
11,0.06927071341946295,-0.02807535542730903,-0.014362819810382756,-0.021425297810570815,-0.05357432642236372,-0.03279103445729541,-0.053774440305526125,-0.02002298415732145,-0.016261881391228403,-0.026696838726622884,-0.06151353934594546,1.0,-0.03731116962592208,-0.00504139383347692,0.047874912320122406,-0.04145423036691751,-0.05218100291147025,-0.034681962146977934,-0.009666340604294943,0.03322176181250283,-0.0344565476962074,-0.05787541367949747,-0.014480044281325412,-0.01959943283768406,-0.007641885563310323,-0.031109654090212237,-0.015019050953068012,-0.040645304714417026,-0.02024012749818775,-0.009300972372271878,-0.02477866119779857,-0.03092096354904536,0.058916285924517885,0.0541847250621492,-0.05325930473672651,-0.03196911094773794
12,-0.04991892146592984,-0.024815732995368274,-0.023352321111243864,-0.00976798051270827,0.08744845040752586,-0.021678080419523037,-0.05243085000325698,-0.040002468453420065,0.06323160318724082,-0.05867572745691354,-0.06646275351084885,-0.03731116962592208,1.0,-0.033539854067706806,0.07376800451477838,-0.05277529078080393,-0.05267744642971446,-0.028403092180646183,-0.022630077033497294,-0.04318536038968529,-0.027377148603758117,0.07530532202448317,-0.03564840391285228,-0.023057698588173428,-0.0032840251862821693,-0.013695622647695686,-0.041886015599265844,-0.038348869313178005,-0.015671579959807832,-0.043257598386800676,-0.023452132851474308,-0.029433508096481455,-0.03790009733638177,-0.03358710394087275,0.327743875343366,-0.01342096902418869
13,0.03949177504113788,-0.019741831668703393,0.10791401476230147,-0.015751054810428548,-0.027295090474089546,-0.02348160189892331,-0.05169523863962187,-0.029834066539902858,-0.012713662392070096,-0.04270067322377599,-0.04733682409193027,-0.00504139383347692,-0.033539854067706806,1.0,-0.010426595348323568,-0.03198185140876421,-0.03854884664752818,-0.035518821823905616,0.11846124738239194,0.053006215680373295,-0.024919506614393933,0.004762581649925277,-0.03717028566065938,-0.015177708503192104,-0.020773099448328905,-0.021876047609944636,-0.030704805990672546,-0.030126942498229236,-0.014217779578306958,0.1620073402299613,-0.028961221524224166,-0.02383574215939075,0.011932159203552091,0.028775865141906023,-0.046702048499347136,-0.02243697741316833
14,0.08513847238861803,-0.026128862454747603,-0.002307265428373196,-0.02073344456595364,-0.03054637692674369,-0.031785794038467506,-0.06205101294132826,-0.033078266992662114,-0.011634228808883509,-0.066345480756456,-0.0695856900876655,0.047874912320122406,0.07376800451477838,-0.010426595348323568,1.0,-0.04166556243371439,-0.05981031418215757,-0.03083962945678159,-0.012513429431382025,0.11083300354739445,-0.03262943205962608,-0.030271730490288126,-0.03170229473634561,-0.019382827735865995,-0.026730808213833238,-0.033478418780846446,-0.012845965436531888,-0.02531851207408664,-0.02104713054013577,-0.006486465754287348,-0.020212163144242838,-0.03640904258384188,-0.0012948785809318783,0.05696766588904329,0.018841547584654908,-0.013427055043046806
15,0.030568777455410423,-0.02832296130110136,-0.026183671556028756,-0.027159393923982922,-0.07445670733136903,-0.03702133868693224,-0.07300568398092291,-0.003775520662956158,-0.0212524140859401,-0.029547900669756072,0.04398940323543469,-0.04145423036691751,-0.05277529078080393,-0.03198185140876421,-0.04166556243371439,1.0,-0.049879892429116966,-0.04058401011407568,-0.07013973101759834,-0.04731230700725292,-0.03388559934152096,-0.08632017329314415,-0.07292615146830575,0.025665586689285827,-0.03279461588568326,-0.03474783334481882,0.07765637932373434,-0.0014529688222021447,-0.020515073685342607,-0.06756158062648865,0.0011629112786330506,-0.03238445337373412,-0.05752110014987173,-0.02441677690049564,-0.07387151175622966,-0.03474703524120626
16,-0.05899877157467098,-0.030163581297494687,-0.026802988337721354,-0.02691998107762314,-0.07348960737456664,-0.0358079063397851,-0.08023410190211486,-0.040683752367761644,-0.021501866943235994,0.15645107788322726,0.2550708958049631,-0.05218100291147025,-0.05267744642971446,-0.03854884664752818,-0.05981031418215757,-0.049879892429116966,1.0,-0.05445725466233175,-0.07098446749798172,-0.10902346742813833,-0.03867100296014458,-0.08821088479503883,-0.07002703567670657,-0.0257563143484705,-0.03223001092845691,-0.03429092786020291,-0.055898737036975635,-0.04549280388197978,-0.022121269780207314,-0.070363783186682,-0.04171671726281999,-0.0368732969644704,-0.07180759856913213,-0.039453775459138515,-0.07364757957236184,-0.03268612482027431
17,-0.04755589631166807,0.079835384403249,-0.02505208265697472,-0.023794918463262413,-0.03416579225876536,0.024567341078752844,0.0011052016076072058,-0.026125877283823172,-0.012382684192544999,-0.04693489798673779,-0.06364957161245088,-0.034681962146977934,-0.028403092180646183,-0.035518821823905616,-0.03083962945678159,-0.04058401011407568,-0.05445725466233175,1.0,-0.05116855680332392,-0.04601046691143596,0.0741464298884695,-0.05710721720359538,-0.059855149321027784,-0.013947791833733295,-0.02132059120296324,0.1518455657775093,-0.010704457067145332,0.054647424325136855,-0.005039251845779174,-0.05211596466156369,0.0559812250784425,0.04853707875820075,-0.03766152388735524,-0.03606424237882396,0.018070494216539567,0.02492172309136411
18,-0.03553011436761676,-0.035839274114641585,0.028970067711246546,0.012292135034626093,0.15523834102987608,-0.0411541088767787,-0.048666485034492106,-0.05271885977339652,-0.006883300442465283,-0.07964835771224132,-0.08910689996396873,-0.009666340604294943,-0.022630077033497294,0.11846124738239194,-0.012513429431382025,-0.07013973101759834,-0.07098446749798172,-0.05116855680332392,1.0,0.0547884650314282,-0.043075255071258436,0.245892692225509,0.07044125797652495,-0.0311675090318502,-0.012120996673800115,-0.03929835314359,-0.055730767824759386,-0.04617161963808884,-0.022885204025364578,0.13038000982818057,-0.03650162730845574,-0.04138947391284421,-0.02354795923615617,0.01012433700845714,0.038447889754730846,-0.04007663671300865
19,0.1833603186310927,-0.054348907367563176,0.020200530463501308,-0.03442020982805365,-0.043252377936972515,-0.06263857289657748,-0.09430238207285183,-0.05176357637120826,0.011927569464261505,-0.11958294848878966,-0.11751033340947137,0.03322176181250283,-0.04318536038968529,0.053006215680373295,0.11083300354739445,-0.04731230700725292,-0.10902346742813833,-0.04601046691143596,0.0547884650314282,1.0,-0.06257571924676536,0.011580167952464573,-0.036647205315574395,-0.02472158594394807,-0.04462598660215594,-0.06369190506162811,-0.011043413900135449,-0.009574105312334493,-0.03990390002506436,0.18627204537606656,-0.015630149638068143,-0.06731843680750592,0.04085900837905694,0.08409455857774784,-0.08944097887560151,-0.06612023998188431
20,-0.038338246071292145,0.01934366310463745,-0.017624652276373366,-0.017069608852377474,-0.04497774177828569,0.15892967019308973,-0.04916535700522894,-0.03262029536971686,-0.011646284363025523,-0.043887735632268686,-0.049628220306584134,-0.0344565476962074,-0.027377148603758117,-0.024919506614393933,-0.03262943205962608,-0.03388559934152096,-0.03867100296014458,0.0741464298884695,-0.043075255071258436,-0.06257571924676536,1.0,-0.05130342908499001,-0.046608903869237356,-0.01751391554704934,-0.020435184771430387,-0.008602777462013423,-0.029077201117657152,0.0075049545972681615,-0.013255312513603568,-0.04214137586363785,0.0310345106724663,-0.013976897191536266,-0.04832347426727438,-0.025517685243826034,-0.026596835483980702,0.06164654459399245
21,-0.07566104614959887,-0.04228841918843902,0.00660941373099182,0.09451283816427095,0.36129411464772676,-0.04375839169656264,-0.05094688554775438,-0.0662107449619094,0.05066505533569664,-0.09783246180534899,-0.10883296725280052,-0.05787541367949747,0.07530532202448317,0.004762581649925277,-0.030271730490288126,-0.08632017329314415,-0.08821088479503883,-0.05710721720359538,0.245892692225509,0.011580167952464573,-0.05130342908499001,1.0,0.10358285405750861,-0.037874872805351734,-0.021161975350173,-0.046412946043743825,-0.06640198954667077,-0.06020370296995053,-0.025257476995048305,0.18715203182122198,0.0032090908866926164,-0.051697395493192674,-0.028472930776039462,-0.038756564050515585,0.11398481519293961,-0.04621352701080618
22,-0.06177959619247209,-0.0368232300110259,-0.027148413572367948,0.05143126406205761,0.16953745350076468,-0.040661649257960494,-0.02985978271933249,-0.051803884477971324,-0.0039053610746539154,-0.07805960232385313,-0.09132455286873108,-0.014480044281325412,-0.03564840391285228,-0.03717028566065938,-0.03170229473634561,-0.07292615146830575,-0.07002703567670657,-0.059855149321027784,0.07044125797652495,-0.036647205315574395,-0.046608903869237356,0.10358285405750861,1.0,-0.03179163550140575,0.0006196949243175934,-0.04025390550775007,-0.06281024967121775,-0.05419026292942472,-0.02407815656708656,0.04230275075480355,-0.05891005300323102,-0.042774309443819575,-0.04678393648569957,-0.021453843149664545,0.005655057648299893,-0.041198635830956704
23,-0.0002942020365411652,-0.013361698170088976,-0.01102464768815819,-0.01193663283624311,-0.032796760762923136,-0.016640217674651955,-0.03086113217740425,0.009601330446054785,-0.008702007957219378,-0.023231324267945608,0.006782905490957128,-0.01959943283768406,-0.023057698588173428,-0.015177708503192104,-0.019382827735865995,0.025665586689285827,-0.0257563143484705,-0.013947791833733295,-0.0311675090318502,-0.02472158594394807,-0.01751391554704934,-0.037874872805351734,-0.03179163550140575,1.0,-0.01410507771837646,-0.015232019559528756,0.014225000080485984,-0.01430682841782524,-0.00759167037693417,-0.03024583921883637,-0.004681870855241534,-0.015802092117089356,0.0029233452655613376,-0.014354626346813185,-0.031977339444898376,-0.015450417369083324
24,-0.03074445924834813,-0.016551812967108358,-0.014767246762709008,-0.0036011218787648782,-0.021808692914859117,-0.01303372906307525,0.014670265214647156,-0.024741965984106058,-0.006036536968535909,-0.03522170175455011,-0.041090238670556,-0.007641885563310323,-0.0032840251862821693,-0.020773099448328905,-0.026730808213833238,-0.03279461588568326,-0.03223001092845691,-0.02132059120296324,-0.012120996673800115,-0.04462598660215594,-0.020435184771430387,-0.021161975350173,0.0006196949243175934,-0.01410507771837646,1.0,-0.0030622910830698687,-0.028498743729384816,-0.021901394867008397,-0.010314731233830945,-0.03068610180926714,-0.026059288044622396,-0.004413912968584875,0.00499886319083986,-0.020897618000808152,0.011363350978467565,-0.017613418742878615
25,-0.033533292808710674,-0.016765574113593078,-0.015503996667880495,-0.014895724736521503,-0.040491408698832054,-0.011113354982708722,0.0077269683204679515,-0.027732357027157206,-0.012166725683815022,-0.038063512603367336,-0.04330533580433515,-0.031109654090212237,-0.013695622647695686,-0.021876047609944636,-0.033478418780846446,-0.03474783334481882,-0.03429092786020291,0.1518455657775093,-0.03929835314359,-0.06369190506162811,-0.008602777462013423,-0.046412946043743825,-0.04025390550775007,-0.015232019559528756,-0.0030622910830698687,1.0,-0.02987421019040558,-0.02568780726836683,-0.009630181039020979,-0.039430860269960316,-0.02504058082519766,0.009696023630046905,-0.03404140204555276,-0.02239692474751746,0.011249395960598384,0.01261485249297341
26,0.0012333443744049159,-0.015173507658824028,-0.01518121873938447,-0.024419858803246233,-0.06368581289459121,-0.030517079712658844,-0.055706140398449365,0.037785974381091686,-0.004839329313924879,0.08408300842831984,-0.001142156681580393,-0.015019050953068012,-0.041886015599265844,-0.030704805990672546,-0.012845965436531888,0.07765637932373434,-0.055898737036975635,-0.010704457067145332,-0.055730767824759386,-0.011043413900135449,-0.029077201117657152,-0.06640198954667077,-0.06281024967121775,0.014225000080485984,-0.028498743729384816,-0.02987421019040558,1.0,0.044837362061548196,-0.018314543378487064,-0.0461005666571202,0.01484172046790965,-0.0165601779633443,-0.01211822113958442,-0.010707287658108272,-0.053297771808051286,-0.012901544849157384
27,-0.04304659680157688,-0.0037323955101769917,-0.021301796397393335,-0.018818015396362513,-0.05058638260125184,0.04144666884816456,-0.0018089109624263638,-0.0373189230855015,-0.01412826974767379,-0.036059572734774774,-0.05408529791374191,-0.040645304714417026,-0.038348869313178005,-0.030126942498229236,-0.02531851207408664,-0.0014529688222021447,-0.04549280388197978,0.054647424325136855,-0.04617161963808884,-0.009574105312334493,0.0075049545972681615,-0.06020370296995053,-0.05419026292942472,-0.01430682841782524,-0.021901394867008397,-0.02568780726836683,0.044837362061548196,1.0,-0.011643966298518235,-0.04956335833378789,0.05556089524584659,0.0030660681262477405,-0.04591608174987369,-0.03037950985723071,-0.04652513924340756,-0.019860490980752384
28,-0.02089619454088166,0.009790269236803107,-0.010116145409974587,-0.009325010478912156,-0.025575569424295598,0.0006095703909530167,-0.005960242765653735,-0.018092070034508023,-0.0079191842418544,-0.02390543586992566,-0.02640240144822997,-0.02024012749818775,-0.015671579959807832,-0.014217779578306958,-0.02104713054013577,-0.020515073685342607,-0.022121269780207314,-0.005039251845779174,-0.022885204025364578,-0.03990390002506436,-0.013255312513603568,-0.025257476995048305,-0.02407815656708656,-0.00759167037693417,-0.010314731233830945,-0.009630181039020979,-0.018314543378487064,-0.011643966298518235,1.0,-0.024666969759815735,-0.012355960572358419,0.06384784716666786,-0.025012985370932498,-0.01461575178668158,0.004374834204687319,0.009036818466041655
29,0.023315994748765452,-0.03538675469593029,0.14919954999451657,-0.0018249128609577276,0.08303105391729344,-0.04075865148257517,-0.0664489291600564,-0.05205977003119698,0.0021479640748513057,-0.07836001856746322,-0.08776449809461956,-0.009300972372271878,-0.043257598386800676,0.1620073402299613,-0.006486465754287348,-0.06756158062648865,-0.070363783186682,-0.05211596466156369,0.13038000982818057,0.18627204537606656,-0.04214137586363785,0.18715203182122198,0.04230275075480355,-0.03024583921883637,-0.03068610180926714,-0.039430860269960316,-0.0461005666571202,-0.04956335833378789,-0.024666969759815735,1.0,-0.02747691950157508,-0.042629401983319395,-0.006224163628979504,0.03677267736242942,-0.0480068104336997,-0.040473545236980574
30,-0.03444683692243242,0.05591678037212297,-0.005443330641407412,-0.021911958040823434,-0.024448467256141904,0.0009065059808333054,-0.05588860289113022,-0.0292269669186171,0.012633425995541233,-0.049936373589975755,-0.0388466614216957,-0.02477866119779857,-0.023452132851474308,-0.028961221524224166,-0.020212163144242838,0.0011629112786330506,-0.04171671726281999,0.0559812250784425,-0.03650162730845574,-0.015630149638068143,0.0310345106724663,0.0032090908866926164,-0.05891005300323102,-0.004681870855241534,-0.026059288044622396,-0.02504058082519766,0.01484172046790965,0.05556089524584659,-0.012355960572358419,-0.02747691950157508,1.0,-0.017092482285578886,-0.04169029944542912,-0.029855942418592393,0.0484596063224682,0.005696541207814812
31,-0.036321846902157284,-0.014582288608749818,-0.016907775664574756,-0.016098656389786345,-0.04436106243779982,-0.015151021563859019,0.025957658600921356,-0.029024301522864414,-0.011820905083313456,-0.027597191413271174,-0.04559131856144332,-0.03092096354904536,-0.029433508096481455,-0.02383574215939075,-0.03640904258384188,-0.03238445337373412,-0.0368732969644704,0.04853707875820075,-0.04138947391284421,-0.06731843680750592,-0.013976897191536266,-0.051697395493192674,-0.042774309443819575,-0.015802092117089356,-0.004413912968584875,0.009696023630046905,-0.0165601779633443,0.0030660681262477405,0.06384784716666786,-0.042629401983319395,-0.017092482285578886,1.0,-0.02711844351408918,-0.024118714217757693,-0.014434829800871109,0.0003882356195602321
32,-0.019689331864073602,-0.03799490409048305,0.05713693459828144,0.029410299116450465,-0.04054548925658057,-0.03792112898688077,-0.014854320169278283,-0.001852846167216342,0.014739140740883748,-0.06155446414833943,-0.07771520947099195,0.058916285924517885,-0.03790009733638177,0.011932159203552091,-0.0012948785809318783,-0.05752110014987173,-0.07180759856913213,-0.03766152388735524,-0.02354795923615617,0.04085900837905694,-0.04832347426727438,-0.028472930776039462,-0.04678393648569957,0.0029233452655613376,0.00499886319083986,-0.03404140204555276,-0.01211822113958442,-0.04591608174987369,-0.025012985370932498,-0.006224163628979504,-0.04169029944542912,-0.02711844351408918,1.0,0.028137575008293524,-0.03197053520981697,-0.03937181645799627
33,0.022030985342658297,-0.02024464261848411,-0.007643344581358051,-0.016954372694664245,-0.025485450674819415,-0.02428661522690842,-0.0521126026830143,-0.021218251928665173,-0.012801274204455062,-0.0435568358295818,-0.04686304178763782,0.0541847250621492,-0.03358710394087275,0.028775865141906023,0.05696766588904329,-0.02441677690049564,-0.039453775459138515,-0.03606424237882396,0.01012433700845714,0.08409455857774784,-0.025517685243826034,-0.038756564050515585,-0.021453843149664545,-0.014354626346813185,-0.020897618000808152,-0.02239692474751746,-0.010707287658108272,-0.03037950985723071,-0.01461575178668158,0.03677267736242942,-0.029855942418592393,-0.024118714217757693,0.028137575008293524,1.0,-0.04631394690165114,-0.022920076835690428
34,-0.06998734761583109,0.06079010984456534,-0.03329262750560775,0.011174441546469745,0.1650347272714606,-0.010318995168263075,-0.009192792438796142,-0.05561283993034702,0.02636934414235073,-0.07903511519018797,-0.09255094970744634,-0.05325930473672651,0.327743875343366,-0.046702048499347136,0.018841547584654908,-0.07387151175622966,-0.07364757957236184,0.018070494216539567,0.038447889754730846,-0.08944097887560151,-0.026596835483980702,0.11398481519293961,0.005655057648299893,-0.031977339444898376,0.011363350978467565,0.011249395960598384,-0.053297771808051286,-0.04652513924340756,0.004374834204687319,-0.0480068104336997,0.0484596063224682,-0.014434829800871109,-0.03197053520981697,-0.04631394690165114,1.0,0.04576871495539743
35,-0.034430873912738275,0.05404135841793764,-0.015858415161619455,-0.015365452271599817,-0.03928860077690528,0.1071337771069455,-0.025684430795989397,-0.02835414446146617,-0.01253588747234318,-0.03770100762652021,-0.043848065153384685,-0.03196911094773794,-0.01342096902418869,-0.02243697741316833,-0.013427055043046806,-0.03474703524120626,-0.03268612482027431,0.02492172309136411,-0.04007663671300865,-0.06612023998188431,0.06164654459399245,-0.04621352701080618,-0.041198635830956704,-0.015450417369083324,-0.017613418742878615,0.01261485249297341,-0.012901544849157384,-0.019860490980752384,0.009036818466041655,-0.040473545236980574,0.005696541207814812,0.0003882356195602321,-0.03937181645799627,-0.022920076835690428,0.04576871495539743,1.0
