,0,1,2,3,4,5,6,7,8,9,10,11,12,13,14,15,16,17,18,19,20,21,22,23,24,25,26,27,28,29,30,31,32,33,34,35,36,37,38,39,40
0,1.0,-0.01800321748472542,-0.020383589524813162,-0.011467002629888937,-0.022942044916144613,-0.021793020135086605,-0.029561476478871848,0.005409881341513595,-0.007124231476819154,-0.04684568824541184,-0.04488227162415063,-0.02842624270539541,0.09425631240532266,-0.028231040912156127,0.012561152806165227,-0.03952287218806202,-0.04362190216174349,-0.022104448597151077,-0.0018262424608094813,-0.0056044985002272445,-0.02401831812417162,0.01118690705316244,0.00171046608239161,-0.011067939993576761,-0.024087019318154622,0.02337759400120745,-0.019702589203642408,-0.021423602124262933,-0.013848439823719607,-0.024614713843704616,-0.008047693128855792,-0.022339233535086996,-0.021599840703556576,-0.019259590223678954,0.03306267459299686,0.007795364966971688,0.06284042459133246,-0.020234893593655837,-0.01835479350155069,-0.028735480150407697,-0.007198076584082072
1,-0.01800321748472542,1.0,-0.01391058076038058,-0.012878591686128576,-0.03608422669681888,0.0521212486595977,-0.04616123322084358,-0.02467082468081118,-0.010910507249231413,-0.035018146555518145,-0.03749506103630147,-0.027963920941573996,-0.024141818207586235,-0.019703320832121486,-0.02605879916494193,-0.02770239885244189,-0.030053967443303756,0.08030300008314292,-0.03571506492429632,-0.030206770871517827,0.01932841583009405,-0.042055637322595554,-0.03659631053101264,-0.013133384462377776,-0.014704106545737108,-0.016655752377640352,-0.0035520831850215104,8.541999893410101e-05,0.010234745445662649,-0.03535885548629926,0.05618162313646401,-0.014499307090209957,-0.036841213035493224,-0.020139037558135314,0.061502160633267924,-0.012788080019349255,-0.014257235139278825,0.05410818676754017,-0.012931084462043399,-0.02440651407999904,-0.04984669377483385
2,-0.020383589524813162,-0.01391058076038058,1.0,-0.011229865809827157,-0.029670131161528356,-0.01683251081947154,-0.04334363882683071,-0.020966484163559198,-0.004851454816858247,-0.03113098984700899,-0.03389672260776635,-0.014321747485638898,-0.022561200623688715,0.1084255982664211,-0.0022417493636122635,-0.026028715485890933,-0.026782479639805196,-0.024720265117718028,0.02910324115285039,0.006012148278019564,-0.01757023899006724,0.006919704020082255,-0.02699943823891455,-0.01084051572889689,-0.0168158612943346,-0.015383489641548282,-0.012349488480167732,-0.019943349332513044,-0.009879697601737947,0.14883959528376448,-0.005220763946070425,-0.01680834939702668,0.05924913425072244,-0.007723529294395623,-0.03267082019777814,-0.011153051109967383,-0.012694957533167236,-0.015838852560897444,-0.013087365066685234,-0.016958800215526267,0.02597060574177952
3,-0.011467002629888937,-0.012878591686128576,-0.011229865809827157,1.0,0.06348005217391779,-0.010967322178050945,0.008198043288647799,-0.019770057224569627,0.03207477531076297,-0.028828438689460046,-0.031842545467674524,-0.020423671011267075,-0.008139933842703636,-0.014691266027120554,-0.019858778853933175,-0.025273887031955287,-0.025398074203356606,-0.02260764947010878,0.012542973673139574,-0.02453145865914546,-0.016039963880427256,0.093872999130049,0.05093829136346306,-0.01105548368670239,-0.014958695988293238,-0.013983211290083411,-0.011339612894042773,-0.01758367453843563,-0.008738083870693341,-0.0006571571199562704,-0.020580219871163864,-0.015302618559852842,0.031104935371922337,-0.01597083135227539,0.00967141876898013,-0.00956571951853291,-0.006098770121963096,-0.014435576737204175,-0.011665351953744163,-0.030465634680451194,-0.03349210758491755
4,-0.022942044916144613,-0.03608422669681888,-0.029670131161528356,0.06348005217391779,1.0,-0.03448284072090868,-0.0175789299213632,-0.057485483530623716,0.0366505086744753,-0.08345430201962688,-0.09267948071317439,-0.05339729789551229,0.09029707769393958,-0.027204707546190525,-0.03021230221253013,-0.07302606817689604,-0.07327945151836282,-0.03338837580612479,0.15778199530699877,-0.06927590098499306,-0.044634062373098055,0.3639135492037537,0.16951913194281043,-0.03224739282042584,-0.043205101713131376,-0.0405706061723535,-0.03301169047135882,-0.04738072865592157,-0.025310863192503814,0.08316814579563667,-0.023806391082106547,-0.04412963838362845,-0.03844041263111449,-0.025425943853527783,0.16547456975831548,-0.026116417750222932,-0.020624723220164773,-0.03916236499237045,-0.03174645097613103,-0.08200264905349884,-0.03766772024128711
5,-0.021793020135086605,0.0521212486595977,-0.01683251081947154,-0.010967322178050945,-0.03448284072090868,1.0,-0.0010375166730951608,-0.02985027261965754,-0.007364075346343712,-0.03948625879165047,-0.046917063457977415,-0.03268044145754108,-0.02077317089782003,-0.0233967259207161,-0.031674342525330856,-0.03633691465902976,-0.035718679760266527,0.024872631888011767,-0.041024457679882796,-0.03637025046981748,0.15722252793596397,-0.043881542615377744,-0.040652958073237294,-0.0162744919498258,0.019526984022161742,-0.010812249344532192,-0.011767614763633319,0.05362982232098372,0.000833342090323117,-0.04066609557270998,0.0012922254481688416,-0.01499145248532104,-0.03769967098539459,-0.024084945487427904,-0.009779243718788334,-0.013326798270968415,-0.01222752542483339,0.10730723197290296,-0.004989124682965978,-0.04197597637874472,-0.06061821177797718
6,-0.029561476478871848,-0.04616123322084358,-0.04334363882683071,0.008198043288647799,-0.0175789299213632,-0.0010375166730951608,1.0,-0.0480132746137836,-0.009259552227801587,-0.08419301246203803,-0.12124776145746849,-0.04596244320621441,-0.05580552447049156,-0.06309621353920891,-0.06020940171215812,-0.09076359886555986,-0.09710123990505418,0.0012078804291833331,-0.04190854982435947,-0.08373578675185409,-0.06096846954435355,-0.025273978236712274,-0.012723867381941496,-0.0381211347347717,0.06784296268850118,0.04470372890653971,-0.028221055853001248,0.004182187158954737,-0.005024371630283707,-0.06572225605516376,-0.06462478007065589,-0.0002929236923524675,0.013819782042854636,-0.061827620497268275,0.00801612333059238,0.059804258720457,0.04661649960898448,-0.03384172586589328,-0.02822218140275192,-0.08597269908604901,-0.09862639679830243
7,0.005409881341513595,-0.02467082468081118,-0.020966484163559198,-0.019770057224569627,-0.057485483530623716,-0.02985027261965754,-0.0480132746137836,1.0,-0.013800675661193126,0.0773733867639288,0.11227761342517739,-0.019062339693075043,-0.04045151222597225,-0.028532611164359574,-0.033019278715681596,-0.0031388689835993525,-0.03886105259912098,-0.02657165139451209,-0.05226198068608297,-0.01485219908982735,-0.03136141467017181,-0.06492781276606269,-0.050860866785544204,0.00948620966920629,-0.027873916490952836,-0.027115169045645954,0.010409747197181084,-0.034306173883112884,-0.01707948161272306,-0.05062048684104106,-0.029621711635506597,-0.02777186862649615,-0.0023020739373224523,-0.020650567947370406,-0.05493602989556004,0.07087466349688559,-0.02210382257825553,-0.027410158860250926,-0.023022962727218495,0.12399771476004763,-0.05504227897076713
8,-0.007124231476819154,-0.010910507249231413,-0.004851454816858247,0.03207477531076297,0.0366505086744753,-0.007364075346343712,-0.009259552227801587,-0.013800675661193126,1.0,-0.02233090565736482,-0.026603687171253408,-0.015839056976949793,0.06517370237904482,-0.012348199304196228,-0.011177984712897236,-0.0210100758960787,-0.02085367436701034,-0.011925335926848269,-0.0062139268171050544,-0.019647446961240267,-0.011198267452652729,0.05125045482054093,-0.003596745108606752,-0.008374394019124534,-0.0123956520666983,-0.011786062787756152,-0.008487713906592642,-0.013264667890181353,-0.007678635649969352,0.002855251783245272,0.013270063521312438,-0.011486406156574248,0.015386030850437746,-0.01260461901145796,0.026895941148223846,-0.005835098361968386,-0.005532655634776355,-0.012214345858079062,-0.007523410656877925,-0.0011875063219657358,0.013567024059190254
9,-0.04684568824541184,-0.035018146555518145,-0.03113098984700899,-0.028828438689460046,-0.08345430201962688,-0.03948625879165047,-0.08419301246203803,0.0773733867639288,-0.02233090565736482,1.0,0.10072665140292222,-0.028543050360126943,-0.05863426003087315,-0.04375300481529925,-0.0674011727224399,-0.021279235407071675,0.16747744144078422,-0.047902413872935715,-0.08149920704796285,-0.061757323296153833,-0.04489411087953114,-0.10014108564510116,-0.0798026641872438,-0.021059463609686725,-0.01729412101632896,-0.0388079528033447,0.19193597473607438,-0.03156287567193506,-0.02401363789730957,-0.08014909724028418,-0.04960067239985762,-0.02870495607400949,-0.06008463807001577,-0.04425996899566016,-0.08005607320236392,-0.02351697373971258,-0.03181398683626211,-0.03916438718954812,-0.03080600711696043,-0.04451060868815732,-0.1150494669483077
10,-0.04488227162415063,-0.03749506103630147,-0.03389672260776635,-0.031842545467674524,-0.09267948071317439,-0.046917063457977415,-0.12124776145746849,0.11227761342517739,-0.026603687171253408,0.10072665140292222,1.0,-0.06137967752872722,-0.06462086124653725,-0.047237710582440376,-0.06933715440768509,0.04303064198470573,0.25584231190641915,-0.0630854307600657,-0.08866243938424469,-0.06763700526287182,-0.049378044995671014,-0.10822775776881842,-0.09070913662044766,0.005884137583055958,-0.04421005737625412,-0.04286257310849857,-0.02882252297918357,-0.05407887716092859,-0.025929567227984947,-0.08751519721411585,-0.03905380393537718,-0.045316801239715834,-0.07603149994526492,-0.046501147114258595,-0.09075829345830208,-0.030558162656934545,-0.0354776884166065,-0.04370610609730521,-0.021726322323337453,0.03051247941297544,-0.11410041794696829
11,-0.02842624270539541,-0.027963920941573996,-0.014321747485638898,-0.020423671011267075,-0.05339729789551229,-0.03268044145754108,-0.04596244320621441,-0.019062339693075043,-0.015839056976949793,-0.028543050360126943,-0.06137967752872722,1.0,-0.0360221540891774,-0.00502385048588085,0.04805884694915971,-0.0410359038949773,-0.05207669973952019,-0.03412463430019497,-0.009444681258754865,0.06941999581417989,-0.034303948929266796,-0.057524655542829595,-0.014117224702162933,-0.019394141340355674,-0.034633670638479344,-0.030966372660872238,-0.011458815419797706,-0.037826524323780454,-0.019896826878512706,-0.009152774423849961,-0.024504560782238803,-0.030780424096958046,0.06047080929333151,0.054248586658207455,-0.052443253806052734,-0.015275123265118512,-0.0046452964740216155,-0.03193461728277353,-0.025956440547039362,-0.012229756538714373,0.03915809036802892
12,0.09425631240532266,-0.024141818207586235,-0.022561200623688715,-0.008139933842703636,0.09029707769393958,-0.02077317089782003,-0.05580552447049156,-0.04045151222597225,0.06517370237904482,-0.05863426003087315,-0.06462086124653725,-0.0360221540891774,1.0,-0.032585518336566324,0.0736638808219536,-0.05070808785650186,-0.05122599568623535,-0.027031186135613894,-0.02252884623641672,-0.04956402444632547,-0.02641894512806626,0.07700055907725714,-0.03634738642815387,-0.02234789166650078,-0.02533821038730577,-0.014771566643030698,-0.02268255637111964,-0.03442775371720991,-0.015044908257920004,-0.04174085888898721,-0.02271535862810952,-0.02858305409079398,-0.03476860519993359,-0.03300757384781759,0.3332200821876141,-0.015477344123239223,-0.01053499205184992,-0.012524939112968042,-0.023070132527327217,-0.0518811867014167,-0.042099396328100204
13,-0.028231040912156127,-0.019703320832121486,0.1084255982664211,-0.014691266027120554,-0.027204707546190525,-0.0233967259207161,-0.06309621353920891,-0.028532611164359574,-0.012348199304196228,-0.04375300481529925,-0.047237710582440376,-0.00502385048588085,-0.032585518336566324,1.0,-0.010395178986123566,-0.03126094462360715,-0.038539920973183914,-0.035070812312631254,0.11898793069735258,0.03940615657107582,-0.0248543388909144,0.005588425705062586,-0.036944947968681335,-0.014953927718784921,-0.023588500346161854,-0.02172424045972907,-0.01740194859189716,-0.028291020156210114,-0.013877430923516006,0.16178878315753192,-0.028700905858865165,-0.02371464469346698,0.014846993415893569,0.02853213871212134,-0.045865545990528715,-0.015757041447086582,-0.017792938037005036,-0.022407993366716485,-0.018488667084516207,-0.037378982932620694,0.06307650718320726
14,0.012561152806165227,-0.02605879916494193,-0.0022417493636122635,-0.019858778853933175,-0.03021230221253013,-0.031674342525330856,-0.06020940171215812,-0.033019278715681596,-0.011177984712897236,-0.0674011727224399,-0.06933715440768509,0.04805884694915971,0.0736638808219536,-0.010395178986123566,1.0,-0.040927000318864065,-0.05964866533242242,-0.03041162884674302,-0.012231893296153106,0.08502362400213764,-0.03246900165390618,-0.02985060476776574,-0.031317049169244285,-0.01914615775546586,-0.03517655901080176,-0.033351310046282806,-0.016491197147311114,-0.02043567019350305,-0.020698637984670233,-0.006508056242464588,-0.020076819350797262,-0.03627865529979468,0.0006759383085716058,0.05680909993088145,0.019320666259818674,-0.019671139452346262,-0.024142199285749635,-0.013387779363963495,-0.024308790798253477,-0.008343169418991152,0.11562537026336817
15,-0.03952287218806202,-0.02770239885244189,-0.026028715485890933,-0.025273887031955287,-0.07302606817689604,-0.03633691465902976,-0.09076359886555986,-0.0031388689835993525,-0.0210100758960787,-0.021279235407071675,0.04303064198470573,-0.0410359038949773,-0.05070808785650186,-0.03126094462360715,-0.040927000318864065,1.0,-0.04875496999757206,-0.040381223469982214,-0.06891306401488619,0.03006516099300585,-0.03342279212261198,-0.08483709131029316,-0.07150938395516575,0.025205544059586662,-0.03042515310946531,-0.033930067783137924,-0.000415490878493285,-0.007836857558824694,-0.02002722407535469,-0.06650909615835518,0.0009585893385791354,-0.03213004415629661,-0.05569339289263775,-0.023796875068617107,-0.07151549345479316,-0.02395010446606495,-0.02798535019423699,-0.03421814833617666,0.003278962323660136,0.12143359011073282,-0.04396088714479733
16,-0.04362190216174349,-0.030053967443303756,-0.026782479639805196,-0.025398074203356606,-0.07327945151836282,-0.035718679760266527,-0.09710123990505418,-0.03886105259912098,-0.02085367436701034,0.16747744144078422,0.25584231190641915,-0.05207669973952019,-0.05122599568623535,-0.038539920973183914,-0.05964866533242242,-0.04875496999757206,1.0,-0.05364960924901861,-0.0708024473030785,-0.05894920586027152,-0.038555804998549145,-0.0879423960161626,-0.06974132078241647,-0.02537465710021091,-0.037905879412435464,-0.034010520969179,-0.02550443096416916,-0.04305473367235078,-0.021643738813052222,-0.07023831191257682,-0.04127695468375171,-0.036660662886197626,-0.06939217704079957,-0.03922379431605017,-0.07233591880466647,-0.02474562402912967,-0.0278742562849714,-0.032624288128312466,-0.026642896636234974,-0.07084232866103729,-0.10160362480184461
17,-0.022104448597151077,0.08030300008314292,-0.024720265117718028,-0.02260764947010878,-0.03338837580612479,0.024872631888011767,0.0012078804291833331,-0.02657165139451209,-0.011925335926848269,-0.047902413872935715,-0.0630854307600657,-0.03412463430019497,-0.027031186135613894,-0.035070812312631254,-0.03041162884674302,-0.040381223469982214,-0.05364960924901861,1.0,-0.050148118258049906,-0.04719562347331743,0.0747986663999801,-0.05602941505274021,-0.058970728881268905,-0.013632976978040143,0.011114429333455774,0.15081690552265048,-0.012611972849756606,0.06503195918142518,-0.0048571081741885,-0.0515152320451444,0.0569713404943521,0.048783397779743984,-0.03730803236664217,-0.035660751630371884,0.01927939379476351,-0.020013263562039856,-0.01857467605292938,0.025274426577168753,-0.005852410068831221,-0.006286719960647336,-0.04115789092331885
18,-0.0018262424608094813,-0.03571506492429632,0.02910324115285039,0.012542973673139574,0.15778199530699877,-0.041024457679882796,-0.04190854982435947,-0.05226198068608297,-0.0062139268171050544,-0.08149920704796285,-0.08866243938424469,-0.009444681258754865,-0.02252884623641672,0.11898793069735258,-0.012231893296153106,-0.06891306401488619,-0.0708024473030785,-0.050148118258049906,1.0,-0.035519039117780905,-0.04284326399291804,0.24736604457151665,0.07056495360391662,-0.03066027145913878,-0.042410558295414263,-0.03942649248418957,-0.031895149559475075,-0.042753464231019035,-0.022672694248661352,0.13089955859820446,-0.03578299762859019,-0.04112637203230354,-0.020854779386261256,0.01011352928960308,0.03960871662235617,0.00932485507591631,-0.013036101097657193,-0.03995390892973538,-0.029945063955306037,-0.06853285251159286,0.06362770429163012
19,-0.0056044985002272445,-0.030206770871517827,0.006012148278019564,-0.02453145865914546,-0.06927590098499306,-0.03637025046981748,-0.08373578675185409,-0.01485219908982735,-0.019647446961240267,-0.061757323296153833,-0.06763700526287182,0.06941999581417989,-0.04956402444632547,0.03940615657107582,0.08502362400213764,0.03006516099300585,-0.05894920586027152,-0.04719562347331743,-0.035519039117780905,1.0,-0.038226614015133074,-0.0751727005519954,-0.061536316165647434,-0.0004708981213479434,-0.035053413114366695,-0.03333297594936314,-0.025291056012144694,-0.04115212063165162,-0.02053411167184114,0.02313816853907716,-0.03455303581552127,-0.03620255613376342,-0.018030678850336327,0.021703539474891762,-0.06942296445050372,-0.012875606685880397,-0.026960123891062997,-0.03438114534223246,-0.023027009861849614,0.024583740557516304,0.1934065018871267
20,-0.02401831812417162,0.01932841583009405,-0.01757023899006724,-0.016039963880427256,-0.044634062373098055,0.15722252793596397,-0.06096846954435355,-0.03136141467017181,-0.011198267452652729,-0.04489411087953114,-0.049378044995671014,-0.034303948929266796,-0.02641894512806626,-0.0248543388909144,-0.03246900165390618,-0.03342279212261198,-0.038555804998549145,0.0747986663999801,-0.04284326399291804,-0.038226614015133074,1.0,-0.05096965780103699,-0.04629859362971363,-0.017228724624635143,-0.021547610294326842,-0.008426905562864118,-0.014258971914257772,0.009070397226785782,-0.0128869487069399,-0.041985961557139254,0.031407816197566815,-0.013721156227588592,-0.046497299022965094,-0.025410469794800442,-0.02578072157784412,-0.015468059933191902,-0.017658815400174846,0.060027789276502055,0.017137167761057816,-0.038210745204546606,-0.057388172421376914
21,0.01118690705316244,-0.042055637322595554,0.006919704020082255,0.093872999130049,0.3639135492037537,-0.043881542615377744,-0.025273978236712274,-0.06492781276606269,0.05125045482054093,-0.10014108564510116,-0.10822775776881842,-0.057524655542829595,0.07700055907725714,0.005588425705062586,-0.02985060476776574,-0.08483709131029316,-0.0879423960161626,-0.05602941505274021,0.24736604457151665,-0.0751727005519954,-0.05096965780103699,1.0,0.10380835739673236,-0.03733494904717022,-0.04583214103446728,-0.0462855091820616,-0.039596473963122464,-0.056428961878061665,-0.02504278541656802,0.18864097687006193,0.004103431804810421,-0.05143918051461309,-0.02512764129911327,-0.03848892953018048,0.11414880655025317,-0.012497270514207848,-0.022344911853350972,-0.046089733517716336,-0.03673754700846543,-0.08136264074797656,0.015220875943873974
22,0.00171046608239161,-0.03659631053101264,-0.02699943823891455,0.05093829136346306,0.16951913194281043,-0.040652958073237294,-0.012723867381941496,-0.050860866785544204,-0.003596745108606752,-0.0798026641872438,-0.09070913662044766,-0.014117224702162933,-0.03634738642815387,-0.036944947968681335,-0.031317049169244285,-0.07150938395516575,-0.06974132078241647,-0.058970728881268905,0.07056495360391662,-0.061536316165647434,-0.04629859362971363,0.10380835739673236,1.0,-0.031244535312675438,-0.037371799703386555,-0.04020997751836872,-0.03229945580916023,-0.0507464222199696,-0.02383143013534421,0.042865879913631444,-0.05828224058568695,-0.04243597551254615,-0.04481812868952781,-0.021240701652807132,0.006317465330521897,0.02079511955829154,-6.991400957382776e-05,-0.0410075551002094,-0.03400294918429256,-0.07987431865976222,-0.030539263237138785
23,-0.011067939993576761,-0.013133384462377776,-0.01084051572889689,-0.01105548368670239,-0.03224739282042584,-0.0162744919498258,-0.0381211347347717,0.00948620966920629,-0.008374394019124534,-0.021059463609686725,0.005884137583055958,-0.019394141340355674,-0.02234789166650078,-0.014953927718784921,-0.01914615775546586,0.025205544059586662,-0.02537465710021091,-0.013632976978040143,-0.03066027145913878,-0.0004708981213479434,-0.017228724624635143,-0.03733494904717022,-0.031244535312675438,1.0,-0.011996449162965717,-0.01497323943682384,-0.011144805239585881,-0.015722698360490447,-0.007569806698105121,-0.029911106477529165,-0.0047565769949563606,-0.015632971913459123,0.003604963395945509,-0.01409069792346409,-0.031190638843448734,-0.00942007194483089,-0.012237765489089291,-0.015231822597893605,0.0034942915086957948,0.034453336303010354,-0.02355197248298313
24,-0.024087019318154622,-0.014704106545737108,-0.0168158612943346,-0.014958695988293238,-0.043205101713131376,0.019526984022161742,0.06784296268850118,-0.027873916490952836,-0.0123956520666983,-0.01729412101632896,-0.04421005737625412,-0.034633670638479344,-0.02533821038730577,-0.023588500346161854,-0.03517655901080176,-0.03042515310946531,-0.037905879412435464,0.011114429333455774,-0.042410558295414263,-0.035053413114366695,-0.021547610294326842,-0.04583214103446728,-0.037371799703386555,-0.011996449162965717,1.0,-0.017663462769856125,-0.013973236736964482,0.012507018869561591,-0.0014983139419107129,-0.04193731570424802,-0.0253051229727008,0.050123916658717335,-0.030620033664730824,-0.024168135123079977,-0.007525655071765755,-0.014859896724319106,-0.00827542981673763,-0.008600824196857771,-0.009828092895351973,-0.03596548625010278,-0.0612703301266541
25,0.02337759400120745,-0.016655752377640352,-0.015383489641548282,-0.013983211290083411,-0.0405706061723535,-0.010812249344532192,0.04470372890653971,-0.027115169045645954,-0.011786062787756152,-0.0388079528033447,-0.04286257310849857,-0.030966372660872238,-0.014771566643030698,-0.02172424045972907,-0.033351310046282806,-0.033930067783137924,-0.034010520969179,0.15081690552265048,-0.03942649248418957,-0.03333297594936314,-0.008426905562864118,-0.0462855091820616,-0.04020997751836872,-0.01497323943682384,-0.017663462769856125,1.0,-0.015183158326094928,-0.023784846203907285,-0.009539293757515731,-0.039321942656793035,-0.024730126610804933,0.009754427448817818,-0.035622069806871,-0.022208479034691204,0.010633380397378798,-0.011737488597446347,-0.004008109732356879,0.012765357285454818,-0.01676883191061172,-0.03954522906195799,-0.06080258779051864
26,-0.019702589203642408,-0.0035520831850215104,-0.012349488480167732,-0.011339612894042773,-0.03301169047135882,-0.011767614763633319,-0.028221055853001248,0.010409747197181084,-0.008487713906592642,0.19193597473607438,-0.02882252297918357,-0.011458815419797706,-0.02268255637111964,-0.01740194859189716,-0.016491197147311114,-0.000415490878493285,-0.02550443096416916,-0.012611972849756606,-0.031895149559475075,-0.025291056012144694,-0.014258971914257772,-0.039596473963122464,-0.03229945580916023,-0.011144805239585881,-0.013973236736964482,-0.015183158326094928,1.0,0.019963061805348768,-0.008926163723847871,-0.030933259760542148,-0.005433904929922943,-0.008536686968150558,-0.022682536164554755,-0.017651542772223763,-0.024789161350426386,-0.009458242451060275,-0.01253488263004814,0.008625483442400914,-0.0040580087604499635,0.23282883439780677,-0.044570106388416686
27,-0.021423602124262933,8.541999893410101e-05,-0.019943349332513044,-0.01758367453843563,-0.04738072865592157,0.05362982232098372,0.004182187158954737,-0.034306173883112884,-0.013264667890181353,-0.03156287567193506,-0.05407887716092859,-0.037826524323780454,-0.03442775371720991,-0.028291020156210114,-0.02043567019350305,-0.007836857558824694,-0.04305473367235078,0.06503195918142518,-0.042753464231019035,-0.04115212063165162,0.009070397226785782,-0.056428961878061665,-0.0507464222199696,-0.015722698360490447,0.012507018869561591,-0.023784846203907285,0.019963061805348768,1.0,-0.012044846455110505,-0.04621100657055255,0.051684432962878356,0.005203227107943143,-0.04255881286499679,-0.028417886879030317,-0.04117831829101695,-0.01617723148846287,-0.018841148030691673,-0.017004988720804037,0.19920245316293467,0.0530979186933433,-0.01374187409470928
28,-0.013848439823719607,0.010234745445662649,-0.009879697601737947,-0.008738083870693341,-0.025310863192503814,0.000833342090323117,-0.005024371630283707,-0.01707948161272306,-0.007678635649969352,-0.02401363789730957,-0.025929567227984947,-0.019896826878512706,-0.015044908257920004,-0.013877430923516006,-0.020698637984670233,-0.02002722407535469,-0.021643738813052222,-0.0048571081741885,-0.022672694248661352,-0.02053411167184114,-0.0128869487069399,-0.02504278541656802,-0.02383143013534421,-0.007569806698105121,-0.0014983139419107129,-0.009539293757515731,-0.008926163723847871,-0.012044846455110505,1.0,-0.02420959792588768,-0.012146448447806798,0.06395825672900014,-0.02445913076108743,-0.014245497854917133,0.004700197626872945,-0.008624618053628293,-0.009044706524059481,0.009214246194356731,-0.0032210477545086148,-0.023887668900178172,-0.036802055668896605
29,-0.024614713843704616,-0.03535885548629926,0.14883959528376448,-0.0006571571199562704,0.08316814579563667,-0.04066609557270998,-0.06572225605516376,-0.05062048684104106,0.002855251783245272,-0.08014909724028418,-0.08751519721411585,-0.009152774423849961,-0.04174085888898721,0.16178878315753192,-0.006508056242464588,-0.06650909615835518,-0.07023831191257682,-0.0515152320451444,0.13089955859820446,0.02313816853907716,-0.041985961557139254,0.18864097687006193,0.042865879913631444,-0.029911106477529165,-0.04193731570424802,-0.039321942656793035,-0.030933259760542148,-0.04621100657055255,-0.02420959792588768,1.0,-0.027082542125627163,-0.04254281079561738,-0.0033580228988769577,0.03613897088732469,-0.04731972090311301,-0.012882661642326806,-0.027111122954620058,-0.04041447257584202,-0.030254254680874833,-0.051759085639777797,0.194348086249552
30,-0.008047693128855792,0.05618162313646401,-0.005220763946070425,-0.020580219871163864,-0.023806391082106547,0.0012922254481688416,-0.06462478007065589,-0.029621711635506597,0.013270063521312438,-0.04960067239985762,-0.03905380393537718,-0.024504560782238803,-0.02271535862810952,-0.028700905858865165,-0.020076819350797262,0.0009585893385791354,-0.04127695468375171,0.0569713404943521,-0.03578299762859019,-0.03455303581552127,0.031407816197566815,0.004103431804810421,-0.05828224058568695,-0.0047565769949563606,-0.0253051229727008,-0.024730126610804933,-0.005433904929922943,0.051684432962878356,-0.012146448447806798,-0.027082542125627163,1.0,-0.01679481460831542,-0.03988774732535809,-0.029783518306949953,0.049430725559710335,-0.020364672740002032,-0.02333894037020814,0.006018960177999694,0.036777548543383276,0.025427418077724258,-0.01261834543923893
31,-0.022339233535086996,-0.014499307090209957,-0.01680834939702668,-0.015302618559852842,-0.04412963838362845,-0.01499145248532104,-0.0002929236923524675,-0.02777186862649615,-0.011486406156574248,-0.02870495607400949,-0.045316801239715834,-0.030780424096958046,-0.02858305409079398,-0.02371464469346698,-0.03627865529979468,-0.03213004415629661,-0.036660662886197626,0.048783397779743984,-0.04112637203230354,-0.03620255613376342,-0.013721156227588592,-0.05143918051461309,-0.04243597551254615,-0.015632971913459123,0.050123916658717335,0.009754427448817818,-0.008536686968150558,0.005203227107943143,0.06395825672900014,-0.04254281079561738,-0.01679481460831542,1.0,-0.0265320792764395,-0.02394871811686635,-0.013680663468422945,-0.013905548682084363,-0.0030041646394315287,0.0004698957383070805,-0.0066473949420001064,-0.02371932699586153,-0.06343016982747637
32,-0.021599840703556576,-0.036841213035493224,0.05924913425072244,0.031104935371922337,-0.03844041263111449,-0.03769967098539459,0.013819782042854636,-0.0023020739373224523,0.015386030850437746,-0.06008463807001577,-0.07603149994526492,0.06047080929333151,-0.03476860519993359,0.014846993415893569,0.0006759383085716058,-0.05569339289263775,-0.06939217704079957,-0.03730803236664217,-0.020854779386261256,-0.018030678850336327,-0.046497299022965094,-0.02512764129911327,-0.04481812868952781,0.003604963395945509,-0.030620033664730824,-0.035622069806871,-0.022682536164554755,-0.04255881286499679,-0.02445913076108743,-0.0033580228988769577,-0.03988774732535809,-0.0265320792764395,1.0,0.029545593416440315,-0.029362582426789297,-0.0010057847089442217,0.005162587438056818,-0.03828581885545757,-0.0302025385801896,0.004066126737229798,0.046922733510346606
33,-0.019259590223678954,-0.020139037558135314,-0.007723529294395623,-0.01597083135227539,-0.025425943853527783,-0.024084945487427904,-0.061827620497268275,-0.020650567947370406,-0.01260461901145796,-0.04425996899566016,-0.046501147114258595,0.054248586658207455,-0.03300757384781759,0.02853213871212134,0.05680909993088145,-0.023796875068617107,-0.03922379431605017,-0.035660751630371884,0.01011352928960308,0.021703539474891762,-0.025410469794800442,-0.03848892953018048,-0.021240701652807132,-0.01409069792346409,-0.024168135123079977,-0.022208479034691204,-0.017651542772223763,-0.028417886879030317,-0.014245497854917133,0.03613897088732469,-0.029783518306949953,-0.02394871811686635,0.029545593416440315,1.0,-0.04570354812669093,-0.014910029429852131,-0.017765682396362156,-0.022905037580262536,-0.019293212127415457,0.0033777599099637837,0.09253683894447785
34,0.03306267459299686,0.061502160633267924,-0.03267082019777814,0.00967141876898013,0.16547456975831548,-0.009779243718788334,0.00801612333059238,-0.05493602989556004,0.026895941148223846,-0.08005607320236392,-0.09075829345830208,-0.052443253806052734,0.3332200821876141,-0.045865545990528715,0.019320666259818674,-0.07151549345479316,-0.07233591880466647,0.01927939379476351,0.03960871662235617,-0.06942296445050372,-0.02578072157784412,0.11414880655025317,0.006317465330521897,-0.031190638843448734,-0.007525655071765755,0.010633380397378798,-0.024789161350426386,-0.04117831829101695,0.004700197626872945,-0.04731972090311301,0.049430725559710335,-0.013680663468422945,-0.029362582426789297,-0.04570354812669093,1.0,-0.019591120410030242,0.008739401318602263,0.0464322614553017,-0.03194336869199086,-0.07017561733224235,-0.09224087660628108
35,0.007795364966971688,-0.012788080019349255,-0.011153051109967383,-0.00956571951853291,-0.026116417750222932,-0.013326798270968415,0.059804258720457,0.07087466349688559,-0.005835098361968386,-0.02351697373971258,-0.030558162656934545,-0.015275123265118512,-0.015477344123239223,-0.015757041447086582,-0.019671139452346262,-0.02395010446606495,-0.02474562402912967,-0.020013263562039856,0.00932485507591631,-0.012875606685880397,-0.015468059933191902,-0.012497270514207848,0.02079511955829154,-0.00942007194483089,-0.014859896724319106,-0.011737488597446347,-0.009458242451060275,-0.01617723148846287,-0.008624618053628293,-0.012882661642326806,-0.020364672740002032,-0.013905548682084363,-0.0010057847089442217,-0.014910029429852131,-0.019591120410030242,1.0,-0.006583619699855237,-0.013684998889936767,-0.011592299792338879,0.006398420415574715,-0.030634729215093102
36,0.06284042459133246,-0.014257235139278825,-0.012694957533167236,-0.006098770121963096,-0.020624723220164773,-0.01222752542483339,0.04661649960898448,-0.02210382257825553,-0.005532655634776355,-0.03181398683626211,-0.0354776884166065,-0.0046452964740216155,-0.01053499205184992,-0.017792938037005036,-0.024142199285749635,-0.02798535019423699,-0.0278742562849714,-0.01857467605292938,-0.013036101097657193,-0.026960123891062997,-0.017658815400174846,-0.022344911853350972,-6.991400957382776e-05,-0.012237765489089291,-0.00827542981673763,-0.004008109732356879,-0.01253488263004814,-0.018841148030691673,-0.009044706524059481,-0.027111122954620058,-0.02333894037020814,-0.0030041646394315287,0.005162587438056818,-0.017765682396362156,0.008739401318602263,-0.006583619699855237,1.0,-0.015191508442081031,-0.012767299844231,-0.033112552448537655,-0.04173568659946271
37,-0.020234893593655837,0.05410818676754017,-0.015838852560897444,-0.014435576737204175,-0.03916236499237045,0.10730723197290296,-0.03384172586589328,-0.027410158860250926,-0.012214345858079062,-0.03916438718954812,-0.04370610609730521,-0.03193461728277353,-0.012524939112968042,-0.022407993366716485,-0.013387779363963495,-0.03421814833617666,-0.032624288128312466,0.025274426577168753,-0.03995390892973538,-0.03438114534223246,0.060027789276502055,-0.046089733517716336,-0.0410075551002094,-0.015231822597893605,-0.008600824196857771,0.012765357285454818,0.008625483442400914,-0.017004988720804037,0.009214246194356731,-0.04041447257584202,0.006018960177999694,0.0004698957383070805,-0.03828581885545757,-0.022905037580262536,0.0464322614553017,-0.013684998889936767,-0.015191508442081031,1.0,-0.0162620136956253,-0.029364525629397308,-0.06184892962536633
38,-0.01835479350155069,-0.012931084462043399,-0.013087365066685234,-0.011665351953744163,-0.03174645097613103,-0.004989124682965978,-0.02822218140275192,-0.023022962727218495,-0.007523410656877925,-0.03080600711696043,-0.021726322323337453,-0.025956440547039362,-0.023070132527327217,-0.018488667084516207,-0.024308790798253477,0.003278962323660136,-0.026642896636234974,-0.005852410068831221,-0.029945063955306037,-0.023027009861849614,0.017137167761057816,-0.03673754700846543,-0.03400294918429256,0.0034942915086957948,-0.009828092895351973,-0.01676883191061172,-0.0040580087604499635,0.19920245316293467,-0.0032210477545086148,-0.030254254680874833,0.036777548543383276,-0.0066473949420001064,-0.0302025385801896,-0.019293212127415457,-0.03194336869199086,-0.011592299792338879,-0.012767299844231,-0.0162620136956253,1.0,-0.0022790391564893,-0.00487550072791135
39,-0.028735480150407697,-0.02440651407999904,-0.016958800215526267,-0.030465634680451194,-0.08200264905349884,-0.04197597637874472,-0.08597269908604901,0.12399771476004763,-0.0011875063219657358,-0.04451060868815732,0.03051247941297544,-0.012229756538714373,-0.0518811867014167,-0.037378982932620694,-0.008343169418991152,0.12143359011073282,-0.07084232866103729,-0.006286719960647336,-0.06853285251159286,0.024583740557516304,-0.038210745204546606,-0.08136264074797656,-0.07987431865976222,0.034453336303010354,-0.03596548625010278,-0.03954522906195799,0.23282883439780677,0.0530979186933433,-0.023887668900178172,-0.051759085639777797,0.025427418077724258,-0.02371932699586153,0.004066126737229798,0.0033777599099637837,-0.07017561733224235,0.006398420415574715,-0.033112552448537655,-0.029364525629397308,-0.0022790391564893,1.0,0.019609300053031672
40,-0.007198076584082072,-0.04984669377483385,0.02597060574177952,-0.03349210758491755,-0.03766772024128711,-0.06061821177797718,-0.09862639679830243,-0.05504227897076713,0.013567024059190254,-0.1150494669483077,-0.11410041794696829,0.03915809036802892,-0.042099396328100204,0.06307650718320726,0.11562537026336817,-0.04396088714479733,-0.10160362480184461,-0.04115789092331885,0.06362770429163012,0.1934065018871267,-0.057388172421376914,0.015220875943873974,-0.030539263237138785,-0.02355197248298313,-0.0612703301266541,-0.06080258779051864,-0.044570106388416686,-0.01374187409470928,-0.036802055668896605,0.194348086249552,-0.01261834543923893,-0.06343016982747637,0.046922733510346606,0.09253683894447785,-0.09224087660628108,-0.030634729215093102,-0.04173568659946271,-0.06184892962536633,-0.00487550072791135,0.019609300053031672,1.0
