,0,1,2,3,4,5,6,7,8,9,10,11,12,13,14,15,16,17,18,19,20,21,22,23,24,25,26,27,28,29,30,31,32,33,34,35,36,37,38,39,40,41
0,1.0,-0.035961890561912596,0.0060120737337026695,-0.024530180254184554,-0.06927650247558155,-0.03634851047838772,-0.08368573145761449,-0.014851169602447607,-0.019647420242738394,-0.062223261189149406,-0.06762711853685843,0.06942023280074362,-0.04956924203265734,0.039406655840798,0.08502540203593556,0.030095918269931358,-0.05894828143848703,-0.046558587253417466,-0.03551384412452244,0.19338220633327055,-0.038192511702244476,-0.07515143745989783,-0.061540584240998945,-0.0004702386029707601,-0.034997212682988416,-0.03333456714828988,-0.025239525914630905,-0.0410537796202954,-0.01806548505041174,0.02315041278950498,-0.03413382977699245,-0.03618148642345275,-0.018033843974993954,-0.0203743783753809,-0.06930354896894123,-0.012871326280262203,-0.026953266239839003,-0.034308642079842626,-0.023021062642243555,0.024621158306861575,0.02171253275168068,-0.005710928851435072
1,-0.035961890561912596,1.0,-0.01644453479094323,-0.015323621825902665,-0.040023553550370516,0.13471793402449705,-0.04938459599495505,-0.02933420036947476,-0.012532606244360138,-0.041860900925132255,-0.042840755392976215,-0.03310213399358192,-0.022573183588688185,-0.023483287652537543,-0.024168396538346917,-0.02951282700291074,-0.03566941623466979,0.142419493064042,-0.040637901245888536,-0.050851294002693406,0.034410001228857456,-0.045523051717257616,-0.04323880847110195,-0.014653005895066405,-0.013193241625232898,-0.01822283859823566,-0.0007916714511218854,0.02344455461864606,0.07802992234706008,-0.04024212014376819,0.1009681528104991,-0.01374548720131867,-0.04159295422359401,0.01837992220605565,0.09859856158042116,-0.014857024301386582,-0.016509648935453536,0.07476178180194863,-0.013790910157144745,-0.037535829514558916,-0.02403183769277762,-0.014036058481255383
2,0.0060120737337026695,-0.01644453479094323,1.0,-0.01122929007380839,-0.029668471316043867,-0.01682879325930467,-0.04331853874931644,-0.02097235877370711,-0.00484825966492097,-0.03135869618780645,-0.033894400966058724,-0.014320985434557676,-0.022565517245307858,0.10811540306226917,-0.002241834340253441,-0.026014253502518882,-0.026781994295520167,-0.02446781982562845,0.029106082607728567,0.025906901172079708,-0.01755750871865811,0.0069348198141179086,-0.027001506470640035,-0.010842299732517637,-0.01679140797678443,-0.015384220147085802,-0.012326438536332755,-0.019911715620021996,-0.008383879598116964,0.14885498114187717,-0.0050243215516402725,-0.01679888588936849,0.05923180489133387,-0.009806457876874885,-0.03262454631587244,-0.01115579752927348,-0.012692780949520352,-0.01580081990326438,-0.013081303063920791,-0.016948452404409037,-0.007717990341196808,-0.020264966930557973
3,-0.024530180254184554,-0.015323621825902665,-0.01122929007380839,1.0,0.06347951130486956,-0.010822479683279797,0.008225922017573007,-0.01977327333892353,0.03207450158865818,-0.029041694434491352,-0.031837985120658364,-0.020422491942481445,-0.00814251080209535,-0.014687565007989841,-0.019858044396193836,-0.025261147016681213,-0.025396348748217078,-0.02238084479102817,0.01254272604467403,-0.03350831773910434,-0.01602249260239875,0.09386766071488571,0.051199620885117425,-0.011055168632054059,-0.01494161527220466,-0.013986378772244032,-0.01131855928910407,-0.017545817618940626,-0.007745584507906495,-0.0006531015420971711,-0.02041972390277294,-0.01529411850283375,0.03109966176766608,-0.008675170685286922,0.010243559544562467,-0.009568952399264693,-0.006101720903458379,-0.01437950079883853,-0.011660857534369,-0.030447136452386905,-0.015963947662478148,-0.011319384575891848
4,-0.06927650247558155,-0.040023553550370516,-0.029668471316043867,0.06347951130486956,1.0,-0.034087292657836325,-0.017531308779287175,-0.057495696390571685,0.03665252999573337,-0.08408073013835199,-0.09267181540982466,-0.053395721795672826,0.09032450161362625,-0.027196825943592975,-0.03020784141784601,-0.07297825994055032,-0.07327890170122078,-0.03240724350945319,0.15778283658521663,-0.03768900486420148,-0.04454317778420788,0.3634172519017458,0.1695267865985267,-0.03224822016412195,-0.04312748363632948,-0.04057532863415297,-0.03294449022856956,-0.0472891775359683,-0.021653912832311127,0.0831742573925124,-0.02324925280586526,-0.04409215347799039,-0.038446754189713106,-0.02511712735946143,0.16792236379716968,-0.02612255789223974,-0.020625209160049916,-0.038895949182082515,-0.03173240060468463,-0.08194558426190712,-0.02540844879502683,-0.02253412119517104
5,-0.03634851047838772,0.13471793402449705,-0.01682879325930467,-0.010822479683279797,-0.034087292657836325,1.0,3.954563301068184e-05,-0.02980992828057153,-0.007177644340121131,-0.03970045319947127,-0.04695379879606344,-0.0325838294243638,-0.020140389563911846,-0.023382790134418976,-0.03158999770867057,-0.03644715002801865,-0.035722079208633475,0.021293841175240295,-0.040899053118008,-0.060740908125916385,0.15813104486706,-0.0434663270709561,-0.0404315369919986,-0.01627548620402643,0.019620094978087855,-0.010714645607860573,-0.011905094582322686,0.053282618312089206,0.001125988578977429,-0.04061849436785632,-0.0007948918625640521,-0.015016689744764763,-0.037527803689012484,-0.00014126302434869405,-0.011467406301485395,-0.013236918546084098,-0.012097423008791262,0.1066360050833387,-0.004792019824710814,-0.04184559196549998,-0.0240460935510156,-0.02164279766481019
6,-0.08368573145761449,-0.04938459599495505,-0.04331853874931644,0.008225922017573007,-0.017531308779287175,3.954563301068184e-05,1.0,-0.04798428590232553,-0.009243011759650597,-0.08497501840471611,-0.12116270996320436,-0.04591513400524641,-0.05585372192126109,-0.0630523434576344,-0.060177897979597696,-0.09069754409600328,-0.09704710609568454,0.0032186342466363972,-0.041843577821991426,-0.09857141853824716,-0.0609126042039423,-0.02522703516006691,-0.01265716813622402,-0.03810774552743976,0.06784997176531002,0.04471274176358142,-0.028111180107832326,0.004444331839744034,-0.027218320077689945,-0.06565618027257855,-0.06394548755037777,-0.00025878855660456217,0.013856686948421695,-0.004799643849375943,0.008566382401739361,0.05982605387152987,0.04665601802118151,-0.033739267976456544,-0.02819974938871379,-0.08590149768423105,-0.06177375981415856,-0.02908685939630592
7,-0.014851169602447607,-0.02933420036947476,-0.02097235877370711,-0.01977327333892353,-0.057495696390571685,-0.02980992828057153,-0.04798428590232553,1.0,-0.013805202708443164,0.07811512115762359,0.11227532588608208,-0.019063920488549137,-0.040451031199218605,-0.028534453596425383,-0.0330148189268082,-0.0031281323415330922,-0.038866271618978585,-0.02584856951143658,-0.052273281559653516,-0.05493248610105381,-0.0313417557075852,-0.06490678821126108,-0.05087620981863484,0.009498331587307752,-0.027829502420861442,-0.02712136206986372,0.010458916761356516,-0.03423259385865692,-0.014719614618345353,-0.050626292732164645,-0.029279008786370974,-0.027758600562144027,-0.00229174314427458,-0.016960088257882727,-0.05481644739175383,0.07088347923626129,-0.02210327046901522,-0.027342353188646598,-0.02302340799483379,0.12402086475568468,-0.020667992437134346,0.005007781857074001
8,-0.019647420242738394,-0.012532606244360138,-0.00484825966492097,0.03207450158865818,0.03665252999573337,-0.007177644340121131,-0.009243011759650597,-0.013805202708443164,1.0,-0.02251317084871,-0.026600617216629742,-0.015839758144775472,0.06519058670714979,-0.012344309712067967,-0.011175950228173439,-0.020998418191252803,-0.02085295780620015,-0.011650032753670228,-0.006202812819990682,0.013575362721121337,-0.011157879041833097,0.05124266430955832,-0.003604798562266362,-0.00837580669699833,-0.012354762277318139,-0.011789369727226242,-0.008470049159179802,-0.013203984761817854,-0.006547350236724048,0.002871223318036668,0.013489000978819613,-0.011471277098523951,0.015378517055077211,-0.007600178515582279,0.027276646565775872,-0.005837795273750891,-0.005531215981189103,-0.012152580625935074,-0.007522026663459734,-0.0011661410406947053,-0.012598372550180094,-0.006954843974491448
9,-0.062223261189149406,-0.041860900925132255,-0.03135869618780645,-0.029041694434491352,-0.08408073013835199,-0.03970045319947127,-0.08497501840471611,0.07811512115762359,-0.02251317084871,1.0,0.10791207597156287,-0.028988855248716368,-0.05907793145472398,-0.04406226911583194,-0.06786686822027099,-0.020828539457572084,0.16944525279267242,-0.04757060413601701,-0.08209390222134394,-0.11582908539479538,-0.0451897862586529,-0.1008582093073533,-0.08042123622354512,-0.021001192514363415,-0.017554278354854916,-0.039098392414792585,0.19161469050593294,-0.03179344782916288,-0.020976078808094288,-0.08073376176334585,-0.04938537073071493,-0.02899710763937547,-0.0606252906596923,-0.0240228863538637,-0.0804993221433409,-0.023728641694648934,-0.03204836283225128,-0.03936751634947566,-0.030934167874152516,-0.044270763730547835,-0.044565191461763104,-0.04710562786469562
10,-0.06762711853685843,-0.042840755392976215,-0.033894400966058724,-0.031837985120658364,-0.09267181540982466,-0.04695379879606344,-0.12116270996320436,0.11227532588608208,-0.026600617216629742,0.10791207597156287,1.0,-0.06137728940975984,-0.06461793516752184,-0.0472252706147651,-0.0693321460823193,0.0430177136018191,0.2558015845013916,-0.062344074797382715,-0.08865684659737992,-0.11396009780260027,-0.049331977726278994,-0.10817834030309376,-0.090707316107524,0.005886124628963363,-0.044162248719495534,-0.04286420129557303,-0.02877673635860868,-0.053990496105842244,-0.02304091888562066,-0.087506431742764,-0.03857623843104052,-0.0452905504711861,-0.07599820389024031,-0.025755285726310258,-0.09071173692742929,-0.030558635665339742,-0.03546869728551043,-0.043598607129078315,-0.02171778485602904,0.030555377924462144,-0.046536399838945,-0.045729576850177936
11,0.06942023280074362,-0.03310213399358192,-0.014320985434557676,-0.020422491942481445,-0.053395721795672826,-0.0325838294243638,-0.04591513400524641,-0.019063920488549137,-0.015839758144775472,-0.028988855248716368,-0.06137728940975984,1.0,-0.03602147824099858,-0.005019118444575477,0.04806047054026682,-0.04100849556946186,-0.05207494233898438,-0.033495006166463934,-0.009440705063355644,0.03924100089057734,-0.034271578500651156,-0.05750394654179243,-0.014120509695257976,-0.019395136481048635,-0.03458130151876128,-0.03096552323726073,-0.011409308746923263,-0.037736614969532956,-0.016911598187022737,-0.009144012666659346,-0.024108609552956364,-0.03075594339071927,0.06047285865266945,-0.019754224565112728,-0.05222733029401724,-0.015273996776380843,-0.004638431704191249,-0.03184440021519413,-0.02595060708925504,-0.012196639950070837,0.054250611303963865,-0.02848537872167367
12,-0.04956924203265734,-0.022573183588688185,-0.022565517245307858,-0.00814251080209535,0.09032450161362625,-0.020140389563911846,-0.05585372192126109,-0.040451031199218605,0.06519058670714979,-0.05907793145472398,-0.06461793516752184,-0.03602147824099858,1.0,-0.032584800716420025,0.07367474287354986,-0.05067023562819405,-0.05123091170516245,-0.02625302070165987,-0.02253144196206171,-0.042066837617488854,-0.026330253522592016,0.07695994003054336,-0.03637132786911063,-0.022350406092515197,-0.02529206257587584,-0.014788405740612314,-0.022631007372412616,-0.03431873184634213,-0.014089612415093107,-0.041728365192275026,-0.022327423846149587,-0.028558763505227555,-0.03472683757229594,-0.014917347811173189,0.33788119527587235,-0.01547430592063559,-0.010564717655110871,-0.011963448165789453,-0.0230621783779087,-0.05178302315321673,-0.03299379310391076,0.09505566601315493
13,0.039406655840798,-0.023483287652537543,0.10811540306226917,-0.014687565007989841,-0.027196825943592975,-0.023382790134418976,-0.0630523434576344,-0.028534453596425383,-0.012344309712067967,-0.04406226911583194,-0.0472252706147651,-0.005019118444575477,-0.032584800716420025,1.0,-0.010392991006868132,-0.031238401808300426,-0.03853253875936778,-0.034713277673722974,0.11898413240491926,0.06301178306459186,-0.024830125555669772,0.005588084147159644,-0.036940540999179344,-0.014952671252528336,-0.02355363132000661,-0.02172157268304059,-0.017369014010851315,-0.028237544476404232,-0.011865414447209469,0.16175639194823632,-0.02846135753322447,-0.023696729036171836,0.014810396773580332,-0.013777639721925878,-0.0457905475930495,-0.015757751853647622,-0.017786495017413265,-0.022358125601919087,-0.018478502535004486,-0.03735265080013572,0.028542540572802463,-0.028056669990730733
14,0.08502540203593556,-0.024168396538346917,-0.002241834340253441,-0.019858044396193836,-0.03020784141784601,-0.03158999770867057,-0.060177897979597696,-0.0330148189268082,-0.011175950228173439,-0.06786686822027099,-0.0693321460823193,0.04806047054026682,0.07367474287354986,-0.010392991006868132,1.0,-0.040908152525539365,-0.05964782715849328,-0.02984414432239369,-0.012226767982591032,0.11561388895715166,-0.03243642769523236,-0.029836494975656422,-0.03132138400211372,-0.019146802460774773,-0.03512837012972357,-0.033351820369069786,-0.016454703347507104,-0.02038469188044748,-0.01814934626875344,-0.006494445223669442,-0.019774550438491717,-0.036257654093469045,0.0006749682299800651,-0.020615893327086427,0.019794161376879987,-0.019663363340212882,-0.02413616510259435,-0.013278321143024557,-0.02430297799542861,-0.008279854489384572,0.056810537273804466,0.012563672822849026
15,0.030095918269931358,-0.02951282700291074,-0.026014253502518882,-0.025261147016681213,-0.07297825994055032,-0.03644715002801865,-0.09069754409600328,-0.0031281323415330922,-0.020998418191252803,-0.020828539457572084,0.0430177136018191,-0.04100849556946186,-0.05067023562819405,-0.031238401808300426,-0.040908152525539365,1.0,-0.04872940620540227,-0.039842350674867355,-0.06888223343671047,-0.04398384596557693,-0.033350769301468706,-0.08477040308049996,-0.07147867441975139,0.025212364959936905,-0.030383616163457874,-0.03392341813342556,-0.0003636851934798915,-0.007848813987348883,-0.017774195700043943,-0.06647476658572529,0.0014047823114688314,-0.032106901719680184,-0.055667682100376085,-0.01991594624431312,-0.07161101360804581,-0.023944078781229054,-0.027968454187999384,-0.03418548730507687,0.003278797723841851,0.12148018330178857,-0.02376480063177578,-0.03938361361438901
16,-0.05894828143848703,-0.03566941623466979,-0.026781994295520167,-0.025396348748217078,-0.07327890170122078,-0.035722079208633475,-0.09704710609568454,-0.038866271618978585,-0.02085295780620015,0.16944525279267242,0.2558015845013916,-0.05207494233898438,-0.05123091170516245,-0.03853253875936778,-0.05964782715849328,-0.04872940620540227,1.0,-0.05316068424078283,-0.07079841112341029,-0.10161717646678584,-0.03852563205220412,-0.08791481351626465,-0.06974445984616408,-0.025374808686735202,-0.037859071835947194,-0.034010879089188886,-0.025456274905238996,-0.04298625881722233,-0.018282380922370212,-0.0702297841831852,-0.04089240975342906,-0.036639320310431815,-0.06939087091271794,-0.02150366127757275,-0.07224550240919855,-0.02474955679667517,-0.027869035590273775,-0.03254909985366119,-0.02663310770101597,-0.0708018791981998,-0.03921647854344868,-0.04351086367789271
17,-0.046558587253417466,0.142419493064042,-0.02446781982562845,-0.02238084479102817,-0.03240724350945319,0.021293841175240295,0.0032186342466363972,-0.02584856951143658,-0.011650032753670228,-0.04757060413601701,-0.062344074797382715,-0.033495006166463934,-0.02625302070165987,-0.034713277673722974,-0.02984414432239369,-0.039842350674867355,-0.05316068424078283,1.0,-0.04949525394029256,-0.04042125278289618,0.07399369106984688,-0.05513162721421447,-0.0582221257997558,-0.013026066365979496,0.0115698691268037,0.15510133075448387,-0.012796851727966537,0.06386381836717903,-0.0019252173821904732,-0.050796978893418485,0.05253775802229863,0.04974263602296077,-0.03643742540439316,-0.00503300840446014,0.015384240631491432,-0.01975129521555575,-0.018171045619564893,0.02408179329477178,-0.00530808370344965,-0.005071310883520428,-0.03530793955311885,-0.021390413007948694
18,-0.03551384412452244,-0.040637901245888536,0.029106082607728567,0.01254272604467403,0.15778283658521663,-0.040899053118008,-0.041843577821991426,-0.052273281559653516,-0.006202812819990682,-0.08209390222134394,-0.08865684659737992,-0.009440705063355644,-0.02253144196206171,0.11898413240491926,-0.012226767982591032,-0.06888223343671047,-0.07079841112341029,-0.04949525394029256,1.0,0.06356722355724213,-0.042799728535136805,0.24728040358959036,0.07057235857689538,-0.030662616145321373,-0.042344146971585755,-0.039428075899582776,-0.031833979131632384,-0.04267445192214603,-0.021361801299697628,0.1309114022233922,-0.03533834853472036,-0.04109777927061253,-0.02086399329742985,-0.02248288991325618,0.040337897001884164,0.00931664562558604,-0.013039560315097475,-0.03980376400604063,-0.029930495914809487,-0.06849511633925202,0.010132265349418359,-0.0013787339360828313
19,0.19338220633327055,-0.050851294002693406,0.025906901172079708,-0.03350831773910434,-0.03768900486420148,-0.060740908125916385,-0.09857141853824716,-0.05493248610105381,0.013575362721121337,-0.11582908539479538,-0.11396009780260027,0.03924100089057734,-0.042066837617488854,0.06301178306459186,0.11561388895715166,-0.04398384596557693,-0.10161717646678584,-0.04042125278289618,0.06356722355724213,1.0,-0.05738451804195769,0.015237016711006085,-0.0306082332658216,-0.023520626156317316,-0.06122122569920561,-0.060821214879415594,-0.044505500955893895,-0.013752007896088152,-0.03261480824341059,0.19429850966940188,-0.011973768548018474,-0.06341255921944536,0.047063017766620766,-0.036549828184791015,-0.09202453402963161,-0.030624341425585778,-0.04173802482058339,-0.061818907738276224,-0.004888993319162576,0.019761221782491754,0.09255515478406051,-0.00721100760776063
20,-0.038192511702244476,0.034410001228857456,-0.01755750871865811,-0.01602249260239875,-0.04454317778420788,0.15813104486706,-0.0609126042039423,-0.0313417557075852,-0.011157879041833097,-0.0451897862586529,-0.049331977726278994,-0.034271578500651156,-0.026330253522592016,-0.024830125555669772,-0.03243642769523236,-0.033350769301468706,-0.03852563205220412,0.07399369106984688,-0.042799728535136805,-0.05738451804195769,1.0,-0.05088265032248361,-0.04625340909560691,-0.01721597289684654,-0.021615581621936407,-0.008380815826833147,-0.014329200912763114,0.009219990715135786,0.0034850848106271533,-0.041959836985102666,0.030842004375119237,-0.01368637105430772,-0.046462885597007786,-0.012844247103340442,-0.02646994368378109,-0.015460087987202527,-0.01763601425823888,0.06022216287290741,0.017151459189214534,-0.03812324410310407,-0.025380718156805072,-0.023808881091154175
21,-0.07515143745989783,-0.045523051717257616,0.0069348198141179086,0.09386766071488571,0.3634172519017458,-0.0434663270709561,-0.02522703516006691,-0.06490678821126108,0.05124266430955832,-0.1008582093073533,-0.10817834030309376,-0.05750394654179243,0.07695994003054336,0.005588084147159644,-0.029836494975656422,-0.08477040308049996,-0.08791481351626465,-0.05513162721421447,0.24728040358959036,0.015237016711006085,-0.05088265032248361,1.0,0.10375550339240419,-0.037322673979417194,-0.04572364636312251,-0.04627479402219242,-0.03951138403294155,-0.05636000419706397,-0.02561945057611638,0.18863891618735623,0.004727518322200246,-0.051391882252104754,-0.025113575610599813,-0.024808931650287462,0.11554978752425549,-0.01249055929734394,-0.022346627140456685,-0.04582413311173908,-0.0367092210147595,-0.08126574652073665,-0.038472691500073125,0.011547956839667313
22,-0.061540584240998945,-0.04323880847110195,-0.027001506470640035,0.051199620885117425,0.1695267865985267,-0.0404315369919986,-0.01265716813622402,-0.05087620981863484,-0.003604798562266362,-0.08042123622354512,-0.090707316107524,-0.014120509695257976,-0.03637132786911063,-0.036940540999179344,-0.03132138400211372,-0.07147867441975139,-0.06974445984616408,-0.0582221257997558,0.07057235857689538,-0.0306082332658216,-0.04625340909560691,0.10375550339240419,1.0,-0.031248232999783826,-0.03730557372871225,-0.04021533189791117,-0.03223988477924164,-0.050645438245617055,-0.021851195309769648,0.04287097609166075,-0.057819791309615606,-0.04241025309700766,-0.04481717781853535,-0.023624410951680094,0.006997436003349536,0.020785237629287717,-7.995806822773226e-05,-0.04088330391582444,-0.033992757631664296,-0.07984084927436594,-0.02122873413126901,0.002186530674483776
23,-0.0004702386029707601,-0.014653005895066405,-0.010842299732517637,-0.011055168632054059,-0.03224822016412195,-0.01627548620402643,-0.03810774552743976,0.009498331587307752,-0.00837580669699833,-0.021001192514363415,0.005886124628963363,-0.019395136481048635,-0.022350406092515197,-0.014952671252528336,-0.019146802460774773,0.025212364959936905,-0.025374808686735202,-0.013026066365979496,-0.030662616145321373,-0.023520626156317316,-0.01721597289684654,-0.037322673979417194,-0.031248232999783826,1.0,-0.011976670759406366,-0.0149724507233782,-0.011120565276280844,-0.015668739722436258,-0.00802275978268884,-0.02991103169656042,-0.004546496114082565,-0.015624822795284933,0.003610332155017956,-0.007490888640833816,-0.031156422024840896,-0.009417047732390285,-0.012235649440126457,-0.015187163997710331,0.0034875211793575544,0.034467559423534494,-0.014110584201772034,-0.01138862379569439
24,-0.034997212682988416,-0.013193241625232898,-0.01679140797678443,-0.01494161527220466,-0.04312748363632948,0.019620094978087855,0.06784997176531002,-0.027829502420861442,-0.012354762277318139,-0.017554278354854916,-0.044162248719495534,-0.03458130151876128,-0.02529206257587584,-0.02355363132000661,-0.03512837012972357,-0.030383616163457874,-0.037859071835947194,0.0115698691268037,-0.042344146971585755,-0.06122122569920561,-0.021615581621936407,-0.04572364636312251,-0.03730557372871225,-0.011976670759406366,1.0,-0.017626824015563314,-0.013959553969932686,0.0129746280756585,-0.008762932659477786,-0.0418700996091281,-0.025193356083848893,0.05014022376847328,-0.030542802916774713,-0.001425985170619079,-0.007349986615673572,-0.014844245769878816,-0.008242470822369202,-0.008666661650343271,-0.009803895458685428,-0.03587374341953548,-0.02412906766479086,-0.023849630587516157
25,-0.03333456714828988,-0.01822283859823566,-0.015384220147085802,-0.013986378772244032,-0.04057532863415297,-0.010714645607860573,0.04471274176358142,-0.02712136206986372,-0.011789369727226242,-0.039098392414792585,-0.04286420129557303,-0.03096552323726073,-0.014788405740612314,-0.02172157268304059,-0.033351820369069786,-0.03392341813342556,-0.034010879089188886,0.15510133075448387,-0.039428075899582776,-0.060821214879415594,-0.008380815826833147,-0.04627479402219242,-0.04021533189791117,-0.0149724507233782,-0.017626824015563314,1.0,-0.015146414224337473,-0.023691591328081574,-0.009787408746630312,-0.0393170508777011,-0.024464010140353102,0.009758357349026596,-0.03561184291445887,-0.009391407831146443,0.011792519689533357,-0.011746295014390656,-0.004017600170124221,0.012943202680432359,-0.016767844981983547,-0.0395026055274937,-0.02219781276693278,0.023689040336950955
26,-0.025239525914630905,-0.0007916714511218854,-0.012326438536332755,-0.01131855928910407,-0.03294449022856956,-0.011905094582322686,-0.028111180107832326,0.010458916761356516,-0.008470049159179802,0.19161469050593294,-0.02877673635860868,-0.011409308746923263,-0.022631007372412616,-0.017369014010851315,-0.016454703347507104,-0.0003636851934798915,-0.025456274905238996,-0.012796851727966537,-0.031833979131632384,-0.044505500955893895,-0.014329200912763114,-0.03951138403294155,-0.03223988477924164,-0.011120565276280844,-0.013959553969932686,-0.015146414224337473,1.0,0.020041613674384062,-0.006169709974906979,-0.03087387354372903,-0.005621945308482044,-0.008493984981775938,-0.02261130731527876,-0.009081194963548218,-0.025139990112222746,-0.009436991682771971,-0.012509750452810667,0.008356077599689284,-0.004005591714569009,0.23299278697434084,-0.01761394747881438,-0.019624020153669583
27,-0.0410537796202954,0.02344455461864606,-0.019911715620021996,-0.017545817618940626,-0.0472891775359683,0.053282618312089206,0.004444331839744034,-0.03423259385865692,-0.013203984761817854,-0.03179344782916288,-0.053990496105842244,-0.037736614969532956,-0.03431873184634213,-0.028237544476404232,-0.02038469188044748,-0.007848813987348883,-0.04298625881722233,0.06386381836717903,-0.04267445192214603,-0.013752007896088152,0.009219990715135786,-0.05636000419706397,-0.050645438245617055,-0.015668739722436258,0.0129746280756585,-0.023691591328081574,0.020041613674384062,1.0,-0.009009189364919897,-0.04615996788257812,0.05131833259886998,0.005297209735991126,-0.04243995139102469,-0.012452219369946642,-0.041958189328439865,-0.01614113871286018,-0.018783089825577935,-0.017176382255873344,0.1995273594482564,0.05332161789486003,-0.028359524310252744,-0.021346108848272455
28,-0.01806548505041174,0.07802992234706008,-0.008383879598116964,-0.007745584507906495,-0.021653912832311127,0.001125988578977429,-0.027218320077689945,-0.014719614618345353,-0.006547350236724048,-0.020976078808094288,-0.02304091888562066,-0.016911598187022737,-0.014089612415093107,-0.011865414447209469,-0.01814934626875344,-0.017774195700043943,-0.018282380922370212,-0.0019252173821904732,-0.021361801299697628,-0.03261480824341059,0.0034850848106271533,-0.02561945057611638,-0.021851195309769648,-0.00802275978268884,-0.008762932659477786,-0.009787408746630312,-0.006169709974906979,-0.009009189364919897,1.0,-0.021417198291514707,0.00819626927291807,-0.008574793276672838,-0.021921491910020505,-0.0035652652239094723,0.016947271449164476,-0.007647215462880994,-0.008497401724715166,0.024378646063055634,-0.0072454115632652055,-0.010051666160979548,-0.012149628051415631,-0.013381366826677923
29,0.02315041278950498,-0.04024212014376819,0.14885498114187717,-0.0006531015420971711,0.0831742573925124,-0.04061849436785632,-0.06565618027257855,-0.050626292732164645,0.002871223318036668,-0.08073376176334585,-0.087506431742764,-0.009144012666659346,-0.041728365192275026,0.16175639194823632,-0.006494445223669442,-0.06647476658572529,-0.0702297841831852,-0.050796978893418485,0.1309114022233922,0.19429850966940188,-0.041959836985102666,0.18863891618735623,0.04287097609166075,-0.02991103169656042,-0.0418700996091281,-0.0393170508777011,-0.03087387354372903,-0.04615996788257812,-0.021417198291514707,1.0,-0.02659883317787521,-0.04251418035836714,-0.0033763919954835474,-0.02399274770745559,-0.04690687285730729,-0.01288568883196237,-0.02710237585513111,-0.0403082608644517,-0.03023650316703552,-0.05173762100912137,0.03615766622279293,-0.02441332777103484
30,-0.03413382977699245,0.1009681528104991,-0.0050243215516402725,-0.02041972390277294,-0.02324925280586526,-0.0007948918625640521,-0.06394548755037777,-0.029279008786370974,0.013489000978819613,-0.04938537073071493,-0.03857623843104052,-0.024108609552956364,-0.022327423846149587,-0.02846135753322447,-0.019774550438491717,0.0014047823114688314,-0.04089240975342906,0.05253775802229863,-0.03533834853472036,-0.011973768548018474,0.030842004375119237,0.004727518322200246,-0.057819791309615606,-0.004546496114082565,-0.025193356083848893,-0.024464010140353102,-0.005621945308482044,0.05131833259886998,0.00819626927291807,-0.02659883317787521,1.0,-0.016560312590698137,-0.039401271547642225,-0.012723119691838602,0.04644051906300868,-0.020193028679043254,-0.023145233282864216,0.0048238257066149795,0.03714777695820133,0.026215644849595574,-0.029543845147733984,-0.007979987110980687
31,-0.03618148642345275,-0.01374548720131867,-0.01679888588936849,-0.01529411850283375,-0.04409215347799039,-0.015016689744764763,-0.00025878855660456217,-0.027758600562144027,-0.011471277098523951,-0.02899710763937547,-0.0452905504711861,-0.03075594339071927,-0.028558763505227555,-0.023696729036171836,-0.036257654093469045,-0.032106901719680184,-0.036639320310431815,0.04974263602296077,-0.04109777927061253,-0.06341255921944536,-0.01368637105430772,-0.051391882252104754,-0.04241025309700766,-0.015624822795284933,0.05014022376847328,0.009758357349026596,-0.008493984981775938,0.005297209735991126,-0.008574793276672838,-0.04251418035836714,-0.016560312590698137,1.0,-0.026499872985553077,0.06397237641564238,-0.013634017253823957,-0.013901154639996487,-0.0029892665275451638,0.0004836872797479002,-0.006638972581175691,-0.02367403240754214,-0.023926468697919024,-0.0220947304232334
32,-0.018033843974993954,-0.04159295422359401,0.05923180489133387,0.03109966176766608,-0.038446754189713106,-0.037527803689012484,0.013856686948421695,-0.00229174314427458,0.015378517055077211,-0.0606252906596923,-0.07599820389024031,0.06047285865266945,-0.03472683757229594,0.014810396773580332,0.0006749682299800651,-0.055667682100376085,-0.06939087091271794,-0.03643742540439316,-0.02086399329742985,0.047063017766620766,-0.046462885597007786,-0.025113575610599813,-0.04481717781853535,0.003610332155017956,-0.030542802916774713,-0.03561184291445887,-0.02261130731527876,-0.04243995139102469,-0.021921491910020505,-0.0033763919954835474,-0.039401271547642225,-0.026499872985553077,1.0,-0.024251662627022292,-0.028967697633547434,-0.0009971918469176993,0.005198613867677258,-0.038168680044779746,-0.030202926499829995,0.0041071026055473515,0.029548550926790977,-0.02196705724515973
33,-0.0203743783753809,0.01837992220605565,-0.009806457876874885,-0.008675170685286922,-0.02511712735946143,-0.00014126302434869405,-0.004799643849375943,-0.016960088257882727,-0.007600178515582279,-0.0240228863538637,-0.025755285726310258,-0.019754224565112728,-0.014917347811173189,-0.013777639721925878,-0.020615893327086427,-0.01991594624431312,-0.02150366127757275,-0.00503300840446014,-0.02248288991325618,-0.036549828184791015,-0.012844247103340442,-0.024808931650287462,-0.023624410951680094,-0.007490888640833816,-0.001425985170619079,-0.009391407831146443,-0.009081194963548218,-0.012452219369946642,-0.0035652652239094723,-0.02399274770745559,-0.012723119691838602,0.06397237641564238,-0.024251662627022292,1.0,0.004042524944861649,-0.00855678710980217,-0.008950204361786441,0.008447445708551698,-0.003086535434791792,-0.02367652264746585,-0.01414345865341193,-0.013703042878753869
34,-0.06930354896894123,0.09859856158042116,-0.03262454631587244,0.010243559544562467,0.16792236379716968,-0.011467406301485395,0.008566382401739361,-0.05481644739175383,0.027276646565775872,-0.0804993221433409,-0.09071173692742929,-0.05222733029401724,0.33788119527587235,-0.0457905475930495,0.019794161376879987,-0.07161101360804581,-0.07224550240919855,0.015384240631491432,0.040337897001884164,-0.09202453402963161,-0.02646994368378109,0.11554978752425549,0.006997436003349536,-0.031156422024840896,-0.007349986615673572,0.011792519689533357,-0.025139990112222746,-0.041958189328439865,0.016947271449164476,-0.04690687285730729,0.04644051906300868,-0.013634017253823957,-0.028967697633547434,0.004042524944861649,1.0,-0.01950161974130159,0.008979361295213564,0.0456192977113591,-0.03184826363949554,-0.06990843697554808,-0.04560770613837501,0.03399845060248788
35,-0.012871326280262203,-0.014857024301386582,-0.01115579752927348,-0.009568952399264693,-0.02612255789223974,-0.013236918546084098,0.05982605387152987,0.07088347923626129,-0.005837795273750891,-0.023728641694648934,-0.030558635665339742,-0.015273996776380843,-0.01547430592063559,-0.015757751853647622,-0.019663363340212882,-0.023944078781229054,-0.02474955679667517,-0.01975129521555575,0.00931664562558604,-0.030624341425585778,-0.015460087987202527,-0.01249055929734394,0.020785237629287717,-0.009417047732390285,-0.014844245769878816,-0.011746295014390656,-0.009436991682771971,-0.01614113871286018,-0.007647215462880994,-0.01288568883196237,-0.020193028679043254,-0.013901154639996487,-0.0009971918469176993,-0.00855678710980217,-0.01950161974130159,1.0,-0.00657874874059941,-0.013651996987910005,-0.011590788779619715,0.006416674009225317,-0.014905850050246538,0.00785245731363078
36,-0.026953266239839003,-0.016509648935453536,-0.012692780949520352,-0.006101720903458379,-0.020625209160049916,-0.012097423008791262,0.04665601802118151,-0.02210327046901522,-0.005531215981189103,-0.03204836283225128,-0.03546869728551043,-0.004638431704191249,-0.010564717655110871,-0.017786495017413265,-0.02413616510259435,-0.027968454187999384,-0.027869035590273775,-0.018171045619564893,-0.013039560315097475,-0.04173802482058339,-0.01763601425823888,-0.022346627140456685,-7.995806822773226e-05,-0.012235649440126457,-0.008242470822369202,-0.004017600170124221,-0.012509750452810667,-0.018783089825577935,-0.008497401724715166,-0.02710237585513111,-0.023145233282864216,-0.0029892665275451638,0.005198613867677258,-0.008950204361786441,0.008979361295213564,-0.00657874874059941,1.0,-0.015124456206610404,-0.012760448111902406,-0.033083208597400895,-0.017753361860519512,0.06320363064805762
37,-0.034308642079842626,0.07476178180194863,-0.01580081990326438,-0.01437950079883853,-0.038895949182082515,0.1066360050833387,-0.033739267976456544,-0.027342353188646598,-0.012152580625935074,-0.03936751634947566,-0.043598607129078315,-0.03184440021519413,-0.011963448165789453,-0.022358125601919087,-0.013278321143024557,-0.03418548730507687,-0.03254909985366119,0.02408179329477178,-0.03980376400604063,-0.061818907738276224,0.06022216287290741,-0.04582413311173908,-0.04088330391582444,-0.015187163997710331,-0.008666661650343271,0.012943202680432359,0.008356077599689284,-0.017176382255873344,0.024378646063055634,-0.0403082608644517,0.0048238257066149795,0.0004836872797479002,-0.038168680044779746,0.008447445708551698,0.0456192977113591,-0.013651996987910005,-0.015124456206610404,1.0,-0.01619014751841746,-0.028894309347702464,-0.022848622879909887,-0.019975347488437663
38,-0.023021062642243555,-0.013790910157144745,-0.013081303063920791,-0.011660857534369,-0.03173240060468463,-0.004792019824710814,-0.02819974938871379,-0.02302340799483379,-0.007522026663459734,-0.030934167874152516,-0.02171778485602904,-0.02595060708925504,-0.0230621783779087,-0.018478502535004486,-0.02430297799542861,0.003278797723841851,-0.02663310770101597,-0.00530808370344965,-0.029930495914809487,-0.004888993319162576,0.017151459189214534,-0.0367092210147595,-0.033992757631664296,0.0034875211793575544,-0.009803895458685428,-0.016767844981983547,-0.004005591714569009,0.1995273594482564,-0.0072454115632652055,-0.03023650316703552,0.03714777695820133,-0.006638972581175691,-0.030202926499829995,-0.003086535434791792,-0.03184826363949554,-0.011590788779619715,-0.012760448111902406,-0.01619014751841746,1.0,-0.002263399230951911,-0.019279084113755736,-0.018231704327786313
39,0.024621158306861575,-0.037535829514558916,-0.016948452404409037,-0.030447136452386905,-0.08194558426190712,-0.04184559196549998,-0.08590149768423105,0.12402086475568468,-0.0011661410406947053,-0.044270763730547835,0.030555377924462144,-0.012196639950070837,-0.05178302315321673,-0.03735265080013572,-0.008279854489384572,0.12148018330178857,-0.0708018791981998,-0.005071310883520428,-0.06849511633925202,0.019761221782491754,-0.03812324410310407,-0.08126574652073665,-0.07984084927436594,0.034467559423534494,-0.03587374341953548,-0.0395026055274937,0.23299278697434084,0.05332161789486003,-0.010051666160979548,-0.05173762100912137,0.026215644849595574,-0.02367403240754214,0.0041071026055473515,-0.02367652264746585,-0.06990843697554808,0.006416674009225317,-0.033083208597400895,-0.028894309347702464,-0.002263399230951911,1.0,0.0033660222481147594,-0.029541515539628173
40,0.02171253275168068,-0.02403183769277762,-0.007717990341196808,-0.015963947662478148,-0.02540844879502683,-0.0240460935510156,-0.06177375981415856,-0.020667992437134346,-0.012598372550180094,-0.044565191461763104,-0.046536399838945,0.054250611303963865,-0.03299379310391076,0.028542540572802463,0.056810537273804466,-0.02376480063177578,-0.03921647854344868,-0.03530793955311885,0.010132265349418359,0.09255515478406051,-0.025380718156805072,-0.038472691500073125,-0.02122873413126901,-0.014110584201772034,-0.02412906766479086,-0.02219781276693278,-0.01761394747881438,-0.028359524310252744,-0.012149628051415631,0.03615766622279293,-0.029543845147733984,-0.023926468697919024,0.029548550926790977,-0.01414345865341193,-0.04560770613837501,-0.014905850050246538,-0.017753361860519512,-0.022848622879909887,-0.019279084113755736,0.0033660222481147594,1.0,-0.0193824867927262
41,-0.005710928851435072,-0.014036058481255383,-0.020264966930557973,-0.011319384575891848,-0.02253412119517104,-0.02164279766481019,-0.02908685939630592,0.005007781857074001,-0.006954843974491448,-0.04710562786469562,-0.045729576850177936,-0.02848537872167367,0.09505566601315493,-0.028056669990730733,0.012563672822849026,-0.03938361361438901,-0.04351086367789271,-0.021390413007948694,-0.0013787339360828313,-0.00721100760776063,-0.023808881091154175,0.011547956839667313,0.002186530674483776,-0.01138862379569439,-0.023849630587516157,0.023689040336950955,-0.019624020153669583,-0.021346108848272455,-0.013381366826677923,-0.02441332777103484,-0.007979987110980687,-0.0220947304232334,-0.02196705724515973,-0.013703042878753869,0.03399845060248788,0.00785245731363078,0.06320363064805762,-0.019975347488437663,-0.018231704327786313,-0.029541515539628173,-0.0193824867927262,1.0
