,0,1,2,3,4,5,6,7,8,9,10,11,12,13,14,15,16,17,18,19,20,21,22,23,24,25,26,27,28,29,30,31,32,33,34,35,36,37,38,39,40,41,42
0,1.0,-0.03223688414072405,-0.019361883517846484,-0.021632727801384113,-0.05715587093124741,-0.03000879549071273,-0.05254689624380815,0.04583200760869456,-0.012473515935292567,-0.015527970326699598,0.10510166402135634,0.011220885512048064,-0.0428651848322859,-0.014281331998455785,-0.015334458602883757,-0.024832899703665652,-0.0202760952922586,-0.033986243999021275,-0.04992796417425699,-0.012304011916377075,-0.03417931836795846,-0.045050284891452214,-0.04972445589514461,0.053024882720118384,-0.024669818665595436,-0.029636149960681608,-0.012670827870721369,-0.02885102369944788,-0.016105894292585972,-0.04254993485511499,-0.014336342395578948,-0.026106440787423437,0.02602672738515655,-0.017708347458015306,-0.05477702043865452,-0.010636757435751387,-0.02289360043818034,-0.029536457581755063,-0.024071705660900757,0.043624669559930954,0.0013649973552512774,-0.008722016390006764,-0.02470034780355774
1,-0.03223688414072405,1.0,-0.016447934754626633,-0.015328321332830625,-0.040025285698766386,0.1347012262187805,-0.04892921560377095,-0.028918961526390237,-0.012519753882031375,-0.0414442701405639,-0.04263256183752183,-0.032931285426866436,-0.022572391903509827,-0.04994953938564617,-0.02415752255183655,-0.02942367343080739,-0.03566179015599355,0.14246936305292696,-0.04063442135740603,-0.03595036043917656,0.03434867463083145,-0.045527250936286554,-0.04324178629856916,-0.014245462527379897,-0.01308329727339749,-0.018221595735766295,-0.0008937249166072014,0.023452447389785407,0.07802675987409487,-0.040216515283686,0.10104048819655807,-0.01372992639405786,-0.040485664242930965,0.018381810739602343,0.09859633722805367,-0.014808239757427972,-0.016504861123728023,0.07475673108743004,-0.013796612602742522,-0.035577286384688676,-0.023875528334462427,-0.012872265657554213,-0.023496819371116376
2,-0.019361883517846484,-0.016447934754626633,1.0,-0.01122544738879599,-0.029664923191113513,-0.016828203159357662,-0.04307054718928016,-0.020756325611982,-0.00480776043840673,-0.03104004525455427,-0.033712573296063836,-0.014190540407089553,-0.022561572466718225,0.026904888764883526,-0.002238888784097261,-0.02595440998294909,-0.02679327026954289,-0.024428834623923347,0.029119696522260305,0.0060161671931885236,-0.017601643216048027,0.006939661492402175,-0.026998860756496282,-0.010557909363022864,-0.01672563935107015,-0.015384286157374649,-0.012394436764974544,-0.01989933451562125,-0.008385875445070464,0.14880121670759727,-0.005017682555477563,-0.016784674940775745,0.06091645965677047,-0.00980336428516793,-0.032625781062667,-0.011132020433459613,-0.012685133948170392,-0.015798537527500593,-0.013088522796613981,-0.015802011544361273,-0.0075919317589559455,-0.019398457879447793,0.10889748448273105
3,-0.021632727801384113,-0.015328321332830625,-0.01122544738879599,1.0,0.06359616887341288,-0.010810058419282564,0.00850455895641922,-0.019554616466537274,0.032082796918974386,-0.02873162118331289,-0.0317172584674513,-0.02030349259953395,-0.008153075170728953,-0.03293862727860193,-0.01984650145224338,-0.025193672944118548,-0.02538536015502555,-0.022339856272501714,0.012563198356499643,-0.024535603708716727,-0.016060465092122094,0.09388950260104377,0.05105478473098686,-0.01079467853644139,-0.014876416378012895,-0.013990581833837681,-0.011359361989370226,-0.017544332154167185,-0.007747155284248419,-0.000613775062133181,-0.020417473556460154,-0.01528371632779162,0.03231413659782906,-0.008674504887269448,0.010313241795402241,-0.009556515675464408,-0.006116267442797444,-0.01437851852778015,-0.011665298093403206,-0.02934163522492357,-0.01586274228644287,-0.01041031351477257,-0.014694418193610831
4,-0.05715587093124741,-0.040025285698766386,-0.029664923191113513,0.06359616887341288,1.0,-0.03407976008895262,-0.01671764695863994,-0.05682525618377289,0.0367020456378189,-0.08322208091474496,-0.09242808480700519,-0.053091471036900116,0.09031490591154957,-0.03623045222792127,-0.030201831374213624,-0.07283378932789708,-0.07327554844184006,-0.032311958524801565,0.15778407013782164,-0.06928411880584344,-0.044665561927662537,0.36392098685153473,0.16956372617730392,-0.03154353793015244,-0.04292255223306458,-0.04057622653929924,-0.0331079302870737,-0.0472399500867024,-0.02166112526107929,0.08323454214040502,-0.023219118120590694,-0.04405537771977723,-0.0362784319501812,-0.02511483097298047,0.16789576621935726,-0.026065966613953,-0.020623558499930205,-0.0388888995059436,-0.03173736070233793,-0.07871419070771796,-0.025088825439790307,-0.020096108992768976,-0.027225336060065167
5,-0.03000879549071273,0.1347012262187805,-0.016828203159357662,-0.010810058419282564,-0.03407976008895262,1.0,0.0004132868507424445,-0.029463674707568933,-0.007162935272737815,-0.03925720531550656,-0.04681112496715541,-0.032445096448613216,-0.02013404584448665,-0.060002572674983684,-0.031585227755023274,-0.03636828442663327,-0.035714394199740394,0.021340470165426194,-0.04089407862073158,-0.03635002988724466,0.16042897223026362,-0.043460368222989314,-0.0404252806283959,-0.01593237682320436,0.01970808666387709,-0.010713413705631471,-0.011988331954209449,0.05331162994989109,0.001125415557430382,-0.040602571763490594,-0.0007720270739524889,-0.014997536397525702,-0.03653868746373695,-0.00013646749782206518,-0.011465155580743038,-0.01320005056220733,-0.01208660493236732,0.10664050340910733,-0.004784674046513968,-0.040175563866819745,-0.023924961653933655,-0.020492383805814633,-0.023395318410989498
6,-0.05254689624380815,-0.04892921560377095,-0.04307054718928016,0.00850455895641922,-0.01671764695863994,0.0004132868507424445,1.0,-0.047737240764491554,-0.008970168451151676,-0.08417966885795243,-0.12113453291649177,-0.045699179983457405,-0.05523061724315259,-0.09656287284944728,-0.06007303521618917,-0.09030270205690093,-0.09684426859790551,0.0037271632394918737,-0.041190820929415284,-0.08365567847377203,-0.06055793113164504,-0.0241431732208675,-0.012060262701583545,-0.03718823417482964,0.06816872882079555,0.04521418988262638,-0.02859264077836582,0.004734123293809287,-0.026996371385052204,-0.0650178319232438,-0.06356812577099319,0.00021895219645143727,0.015479738639126987,-0.004550596126468231,0.009250512064106754,0.05990819293621218,0.04697450441760369,-0.033347303754601605,-0.02780939647422962,-0.08353663019585748,-0.061500238787063455,-0.02673880312447112,-0.06276516034538729
7,0.04583200760869456,-0.028918961526390237,-0.020756325611982,-0.019554616466537274,-0.05682525618377289,-0.029463674707568933,-0.047737240764491554,1.0,-0.013639130605244711,0.07737715037424085,0.1091406607881111,-0.01929033372571424,-0.03983313967069327,-0.05609372329340989,-0.03273890116582692,-0.002760019344622522,-0.038640447379161294,-0.025441758460255315,-0.051665832225132026,-0.014550209392798249,-0.031018277526076627,-0.06445882285395403,-0.05027469507661636,0.008447974130281522,-0.027720152309838757,-0.02676468000027035,0.01064758113711565,-0.03392823146339482,-0.01452578312771411,-0.05015155538733946,-0.02907405422222203,-0.02748970602087971,-0.002435005750883502,-0.016754782074974404,-0.054055455272736086,0.07122504745640298,-0.021818048536961045,-0.02701746662369616,-0.022672630258779018,0.11604842768085465,-0.020786328395968112,0.0028474321322011125,-0.028248809684611267
8,-0.012473515935292567,-0.012519753882031375,-0.00480776043840673,0.032082796918974386,0.0367020456378189,-0.007162935272737815,-0.008970168451151676,-0.013639130605244711,1.0,-0.022299520829920615,-0.026676965269780566,-0.01581290624996059,0.06522486684079626,0.014019366735398102,-0.01117980068093029,-0.02096937438324103,-0.02088490998887394,-0.01159640722145033,-0.006133490788067384,-0.01967151597904477,-0.011202510471514868,0.05135268894184365,-0.003578954185280191,-0.008316391910602383,-0.01228489509342484,-0.011775733192383953,-0.008508193669838671,-0.013168949367045456,-0.006543183134193137,0.002959872003886208,0.013528763073559335,-0.011442150615990902,0.016088303687966807,-0.007594490142848687,0.02731365844407327,-0.005800794600248776,-0.005500959839134246,-0.012143524916631093,-0.007507524891638284,0.0002899723172329633,-0.012489372922015175,-0.006010617438200693,-0.012332942976448096
9,-0.015527970326699598,-0.0414442701405639,-0.03104004525455427,-0.02873162118331289,-0.08322208091474496,-0.03925720531550656,-0.08417966885795243,0.07737715037424085,-0.022299520829920615,1.0,0.10549842372531465,-0.028350953294768923,-0.05845480976190176,-0.11404455024330445,-0.06726673364581359,-0.021590398336235186,0.16739715992122023,-0.04692309087058623,-0.08128415741540934,-0.061604363449147985,-0.0448163410302381,-0.09982993510689261,-0.0795698664134496,-0.020891323504911408,-0.017052941715817595,-0.038678099451218376,0.19129563507900868,-0.031290746497077214,-0.020747707423868708,-0.07997467492300916,-0.049045760792422295,-0.02858397795472225,-0.05947282788913656,-0.02376322901359485,-0.07964880738294723,-0.02345982650541086,-0.03169314410279788,-0.03893647166213509,-0.03069715473224474,-0.04355649102551697,-0.04398371125376421,-0.04642725908888688,-0.04365199562901323
10,0.10510166402135634,-0.04263256183752183,-0.033712573296063836,-0.0317172584674513,-0.09242808480700519,-0.04681112496715541,-0.12113453291649177,0.1091406607881111,-0.026676965269780566,0.10549842372531465,1.0,-0.06217501719638634,-0.06439138878937978,-0.11639789148058317,-0.06959420195542904,0.04651403475135099,0.2601296766002992,-0.06245726789257222,-0.08842811621496999,-0.0678326466342814,-0.04930047218780814,-0.10875648115576136,-0.09055208600112688,0.00548063718436358,-0.0439787283560585,-0.04272785965889803,-0.02745461624639358,-0.053745579224105104,-0.022967622825037382,-0.08751646279451811,-0.03863569318920351,-0.04519440808375823,-0.08031541355079795,-0.02564525349464534,-0.0905256610772588,-0.030792671321870337,-0.035327488449467745,-0.0434762501589967,-0.0213268826851874,0.023359654611351102,-0.04762340035860491,-0.051250611256373466,-0.04710230852430425
11,0.011220885512048064,-0.032931285426866436,-0.014190540407089553,-0.02030349259953395,-0.053091471036900116,-0.032445096448613216,-0.045699179983457405,-0.01929033372571424,-0.01581290624996059,-0.028350953294768923,-0.06217501719638634,1.0,-0.03573090495687839,0.0380576233215737,0.048105569401273286,-0.04084478926929052,-0.051946903484768096,-0.03332328976719933,-0.009106786595741333,0.06961633733427185,-0.03418126380741868,-0.05723120859866294,-0.013875998813576183,-0.019584572553059572,-0.034466025845609316,-0.030805668304042556,-0.01138153083587758,-0.0376113564246614,-0.01682253183612369,-0.00883687443001691,-0.024080019696755054,-0.03062914520613661,0.05962427769330588,-0.01967188488918057,-0.05191907484375409,-0.015273160710327874,-0.004489614830384207,-0.03169111207982091,-0.025745603634848284,-0.01358479199637426,0.05457123353238212,-0.029093303924509123,-0.004846742209995911
12,-0.0428651848322859,-0.022572391903509827,-0.022561572466718225,-0.008153075170728953,0.09031490591154957,-0.02013404584448665,-0.05523061724315259,-0.03983313967069327,0.06522486684079626,-0.05845480976190176,-0.06439138878937978,-0.03573090495687839,1.0,-0.04079198527130715,0.0737009494613654,-0.05055442181848435,-0.05122293117862355,-0.026201961818301867,-0.022533213356449658,-0.049568148664095146,-0.026407724046149758,0.0770445941574387,-0.036391157955648484,-0.021775890240943896,-0.02515678722481053,-0.014807684461699425,-0.022745339501211437,-0.03428167843071525,-0.01410343979101059,-0.04167630176946563,-0.022307902336718824,-0.028527287890298868,-0.03205537975479947,-0.014925825264064305,0.3379171949727967,-0.015363101344645365,-0.010661804090692513,-0.011966749223628522,-0.023068154771040066,-0.048603301496254275,-0.03274135776438404,0.09818676700753735,-0.03260323333015031
13,-0.014281331998455785,-0.04994953938564617,0.026904888764883526,-0.03293862727860193,-0.03623045222792127,-0.060002572674983684,-0.09656287284944728,-0.05609372329340989,0.014019366735398102,-0.11404455024330445,-0.11639789148058317,0.0380576233215737,-0.04079198527130715,1.0,0.11587780438624706,-0.04241971574314344,-0.1008693493644642,-0.03948338239790124,0.0647124380949334,0.195135953724263,-0.056710662832802204,0.016044403204939744,-0.029568243569863185,-0.023601723687824046,-0.06050412265295128,-0.060076201910546675,-0.04419766321072768,-0.012756566704230888,-0.03221171918499731,0.19570107458744357,-0.01079371536053314,-0.06286499320115287,0.04643766192266088,-0.036089639409538826,-0.0904858260314881,-0.030325821984907998,-0.0410725065868834,-0.06111655875772966,-0.0038808995565327888,0.019751255658963393,0.092411420000587,-0.006947108672950849,0.06374909348925113
14,-0.015334458602883757,-0.02415752255183655,-0.002238888784097261,-0.01984650145224338,-0.030201831374213624,-0.031585227755023274,-0.06007303521618917,-0.03273890116582692,-0.01117980068093029,-0.06726673364581359,-0.06959420195542904,0.048105569401273286,0.0737009494613654,0.11587780438624706,1.0,-0.040895106842149524,-0.05963229790487217,-0.0298057467186034,-0.012226988677463843,0.08500730703012832,-0.03249067703108009,-0.029812375999702462,-0.03131415087250408,-0.018906497994958246,-0.0350160823477868,-0.03334383328750951,-0.01654957336698621,-0.020355641455381476,-0.018145599714926262,-0.006478058968098265,-0.01975901142799275,-0.036252571937149605,0.00127959247319466,-0.02061138771132027,0.019810691074371663,-0.01963540756201035,-0.0241020349256089,-0.013271367685303834,-0.024284697966561575,-0.007144378420174462,0.05689819383309909,0.013378072996716854,-0.010389396422223534
15,-0.024832899703665652,-0.02942367343080739,-0.02595440998294909,-0.025193672944118548,-0.07283378932789708,-0.03636828442663327,-0.09030270205690093,-0.002760019344622522,-0.02096937438324103,-0.021590398336235186,0.04651403475135099,-0.04084478926929052,-0.05055442181848435,-0.04241971574314344,-0.040895106842149524,1.0,-0.04870461843725528,-0.03965133672840937,-0.0687680996031986,0.03022594920779646,-0.03335328597959049,-0.08458305601615919,-0.07135535016420846,0.02609603356304053,-0.030248099280920867,-0.0338464831150626,-4.993113993879321e-05,-0.0075815081855503345,-0.01773926377254265,-0.06634671731158569,0.0015156631820592023,-0.03199258741237665,-0.05373106003231662,-0.019870725250732857,-0.07145713476683459,-0.023860493692385628,-0.02788131217986043,-0.03411139457774101,0.0033129089905084602,0.12936796737305123,-0.023707210706646005,-0.038142424158163046,-0.03122659482596908
16,-0.0202760952922586,-0.03566179015599355,-0.02679327026954289,-0.02538536015502555,-0.07327554844184006,-0.035714394199740394,-0.09684426859790551,-0.038640447379161294,-0.02088490998887394,0.16739715992122023,0.2601296766002992,-0.051946903484768096,-0.05122293117862355,-0.1008693493644642,-0.05963229790487217,-0.04870461843725528,1.0,-0.053090415587401796,-0.0707942070118038,-0.05894116140243748,-0.03860898981238388,-0.08790855669025996,-0.06972878842567343,-0.025092597650419622,-0.037791760746727895,-0.03400268576237857,-0.025498107587721384,-0.04299651095031344,-0.01827775181288925,-0.07022286588413448,-0.040873000722258836,-0.03662832858790546,-0.06892526873237038,-0.021494345810877894,-0.07225091783406717,-0.024793591050537148,-0.027850555290678133,-0.0325385559522777,-0.02660061082893629,-0.06986255383308299,-0.03908730827220119,-0.04276737059206185,-0.03855555318268544
17,-0.033986243999021275,0.14246936305292696,-0.024428834623923347,-0.022339856272501714,-0.032311958524801565,0.021340470165426194,0.0037271632394918737,-0.025441758460255315,-0.01159640722145033,-0.04692309087058623,-0.06245726789257222,-0.03332328976719933,-0.026201961818301867,-0.03948338239790124,-0.0298057467186034,-0.03965133672840937,-0.053090415587401796,1.0,-0.04940755050002763,-0.04651945597621139,0.07404894239525152,-0.05510408931856166,-0.05814016195218634,-0.012545793380572608,0.011748009448028122,0.15514165532388047,-0.01289992030120754,0.06393146069349079,-0.0019129658440230255,-0.05070008233892475,0.052568435005380165,0.049805727782303244,-0.03526655907805416,-0.005010055236582804,0.015460480617372367,-0.019683411076353415,-0.01812944991702591,0.024124655344913523,-0.005297166968185095,-0.002917397681185626,-0.035127687671386194,-0.020060612478619653,-0.034679399610169276
18,-0.04992796417425699,-0.04063442135740603,0.029119696522260305,0.012563198356499643,0.15778407013782164,-0.04089407862073158,-0.041190820929415284,-0.051665832225132026,-0.006133490788067384,-0.08128415741540934,-0.08842811621496999,-0.009106786595741333,-0.022533213356449658,0.0647124380949334,-0.012226988677463843,-0.0687680996031986,-0.0707942070118038,-0.04940755050002763,1.0,-0.03553484975366983,-0.04291278500433552,0.2474528677417649,0.07056502350758433,-0.03003453823292234,-0.04215506918256029,-0.0394303736273478,-0.03197397406523886,-0.042634054522803715,-0.021365290226907918,0.1310049241683499,-0.035314846576964945,-0.04107015890688054,-0.01885198755451157,-0.02247892696165725,0.0403251360042378,0.009349180444595394,-0.01306741003426766,-0.03979947628647641,-0.02992806759023557,-0.0656576415426778,0.010460637225803269,0.0012535052085016498,0.11899395292746424
19,-0.012304011916377075,-0.03595036043917656,0.0060161671931885236,-0.024535603708716727,-0.06928411880584344,-0.03635002988724466,-0.08365567847377203,-0.014550209392798249,-0.01967151597904477,-0.061604363449147985,-0.0678326466342814,0.06961633733427185,-0.049568148664095146,0.195135953724263,0.08500730703012832,0.03022594920779646,-0.05894116140243748,-0.04651945597621139,-0.03553484975366983,1.0,-0.03828523764193165,-0.0751561267895759,-0.0615379460661421,-0.0001978288000882985,-0.03492747173541562,-0.03333329310330117,-0.025326451074594702,-0.04104282085514807,-0.018068331349561557,0.02310961294271721,-0.034131848630075845,-0.03616404938598784,-0.01708049980856606,-0.02037794192849264,-0.06930511347901663,-0.012893599698089973,-0.02690959788726285,-0.03430330582341204,-0.023072657330098514,0.025462696477810246,0.021900993297140698,-0.005766471753343377,0.03943086877975442
20,-0.03417931836795846,0.03434867463083145,-0.017601643216048027,-0.016060465092122094,-0.044665561927662537,0.16042897223026362,-0.06055793113164504,-0.031018277526076627,-0.011202510471514868,-0.0448163410302381,-0.04930047218780814,-0.03418126380741868,-0.026407724046149758,-0.056710662832802204,-0.03249067703108009,-0.03335328597959049,-0.03860898981238388,0.07404894239525152,-0.04291278500433552,-0.03828523764193165,1.0,-0.05102485336004443,-0.04636420488979251,-0.01683083283944543,-0.02152389848704496,-0.008361890366131029,-0.014449296974824683,0.009202253193192539,0.0035286959571914447,-0.042057601483882406,0.030835550558106117,-0.013691619441966632,-0.045454410258902775,-0.012859503048491105,-0.026462787928400143,-0.015461297250522308,-0.017666965251495505,0.06223680788648488,0.017127679480344337,-0.0362325940183235,-0.025285684256198208,-0.02258925988663282,-0.024905325701365444
21,-0.045050284891452214,-0.045527250936286554,0.006939661492402175,0.09388950260104377,0.36392098685153473,-0.043460368222989314,-0.0241431732208675,-0.06445882285395403,0.05135268894184365,-0.09982993510689261,-0.10875648115576136,-0.05723120859866294,0.0770445941574387,0.016044403204939744,-0.029812375999702462,-0.08458305601615919,-0.08790855669025996,-0.05510408931856166,0.2474528677417649,-0.0751561267895759,-0.05102485336004443,1.0,0.10381321351507963,-0.03690791753015811,-0.0454897940804489,-0.04628536367512275,-0.03970744001212058,-0.05630516451483422,-0.025633405809716264,0.18878974477246868,0.004771780198805444,-0.051352131219806404,-0.02300310471491208,-0.024835640291725143,0.11570101497464078,-0.012396240737559386,-0.022394725009724586,-0.04582056513490643,-0.03673810376264664,-0.07940155083496331,-0.03832435387916254,0.01399131585446839,0.005604531360644829
22,-0.04972445589514461,-0.04324178629856916,-0.026998860756496282,0.05105478473098686,0.16956372617730392,-0.0404252806283959,-0.012060262701583545,-0.05027469507661636,-0.003578954185280191,-0.0795698664134496,-0.09055208600112688,-0.013875998813576183,-0.036391157955648484,-0.029568243569863185,-0.03131415087250408,-0.07135535016420846,-0.06972878842567343,-0.05814016195218634,0.07056502350758433,-0.0615379460661421,-0.04636420488979251,0.10381321351507963,1.0,-0.03068349746774745,-0.03714794874257902,-0.04021751437502372,-0.03236183972343293,-0.050620400206206034,-0.021851534372089844,0.0429392441792531,-0.057800962482602775,-0.0423869685606378,-0.04330716092552711,-0.0236193455986657,0.006972205903093814,0.020795031213639507,-0.0001260301771282427,-0.04087789992356876,-0.03397221151400131,-0.07747297871296063,-0.02097274786412686,0.004679794395111833,-0.036961237961189344
23,0.053024882720118384,-0.014245462527379897,-0.010557909363022864,-0.01079467853644139,-0.03154353793015244,-0.01593237682320436,-0.03718823417482964,0.008447974130281522,-0.008316391910602383,-0.020891323504911408,0.00548063718436358,-0.019584572553059572,-0.021775890240943896,-0.023601723687824046,-0.018906497994958246,0.02609603356304053,-0.025092597650419622,-0.012545793380572608,-0.03003453823292234,-0.0001978288000882985,-0.01683083283944543,-0.03690791753015811,-0.03068349746774745,1.0,-0.011516416141566033,-0.014589649990524908,-0.010984701086217019,-0.015259331930919245,-0.007823414669304966,-0.029472804108594205,-0.004264734056390072,-0.015306865941037353,0.0018603890326366092,-0.007256258139868741,-0.030421535631079414,-0.009464004184925453,-0.011946768937478978,-0.014845871842804495,0.0038012761506136103,0.03283592245730689,-0.01449289250301313,-0.013148987518245198,-0.014592406162735543
24,-0.024669818665595436,-0.01308329727339749,-0.01672563935107015,-0.014876416378012895,-0.04292255223306458,0.01970808666387709,0.06816872882079555,-0.027720152309838757,-0.01228489509342484,-0.017052941715817595,-0.0439787283560585,-0.034466025845609316,-0.02515678722481053,-0.06050412265295128,-0.0350160823477868,-0.030248099280920867,-0.037791760746727895,0.011748009448028122,-0.04215506918256029,-0.03492747173541562,-0.02152389848704496,-0.0454897940804489,-0.03714794874257902,-0.011516416141566033,1.0,-0.017513133536982053,-0.01399309636124057,0.013085405725958982,-0.008722533833206139,-0.04169682688325432,-0.025089471808614483,0.05024367088400583,-0.02998849935766173,-0.0013560056720370046,-0.007150450177741429,-0.014765516593489854,-0.008123156002708916,-0.008556699967535431,-0.009689719574229632,-0.03465122846752906,-0.024093570207255194,-0.022757549883899636,-0.023494637630563434
25,-0.029636149960681608,-0.018221595735766295,-0.015384286157374649,-0.013990581833837681,-0.04057622653929924,-0.010713413705631471,0.04521418988262638,-0.02676468000027035,-0.011775733192383953,-0.038678099451218376,-0.04272785965889803,-0.030805668304042556,-0.014807684461699425,-0.060076201910546675,-0.03334383328750951,-0.0338464831150626,-0.03400268576237857,0.15514165532388047,-0.0394303736273478,-0.03333329310330117,-0.008361890366131029,-0.04628536367512275,-0.04021751437502372,-0.014589649990524908,-0.017513133536982053,1.0,-0.0152081022075519,-0.023669361468597144,-0.009792684322993699,-0.039294505961150916,-0.02444826198705323,0.00978357478273707,-0.03454447304956558,-0.009388702926464564,0.01178405826705693,-0.011685338393535869,-0.004049139323849312,0.012946382975114296,-0.016763828046084447,-0.03784264051369114,-0.02204927733321259,0.025256732969668592,-0.021733346795086175
26,-0.012670827870721369,-0.0008937249166072014,-0.012394436764974544,-0.011359361989370226,-0.0331079302870737,-0.011988331954209449,-0.02859264077836582,0.01064758113711565,-0.008508193669838671,0.19129563507900868,-0.02745461624639358,-0.01138153083587758,-0.022745339501211437,-0.04419766321072768,-0.01654957336698621,-4.993113993879321e-05,-0.025498107587721384,-0.01289992030120754,-0.03197397406523886,-0.025326451074594702,-0.014449296974824683,-0.03970744001212058,-0.03236183972343293,-0.010984701086217019,-0.01399309636124057,-0.0152081022075519,1.0,0.01991202834884155,-0.006210155268165168,-0.030946865697025698,-0.0057403342691515315,-0.008522973013338361,-0.022352317269157915,-0.009126760220882345,-0.025277770630028784,-0.009453927152310818,-0.01254839240990871,0.00825936359819367,-0.004168615538087607,0.23919124359687968,-0.01759334138479168,-0.0192380424302254,-0.017478188259616518
27,-0.02885102369944788,0.023452447389785407,-0.01989933451562125,-0.017544332154167185,-0.0472399500867024,0.05331162994989109,0.004734123293809287,-0.03392823146339482,-0.013168949367045456,-0.031290746497077214,-0.053745579224105104,-0.0376113564246614,-0.03428167843071525,-0.012756566704230888,-0.020355641455381476,-0.0075815081855503345,-0.04299651095031344,0.06393146069349079,-0.042634054522803715,-0.04104282085514807,0.009202253193192539,-0.05630516451483422,-0.050620400206206034,-0.015259331930919245,0.013085405725958982,-0.023669361468597144,0.01991202834884155,1.0,-0.009004289951042903,-0.04608738927275638,0.051363110264255794,0.005340747877201037,-0.04138578324653924,-0.012438846533799713,-0.041917092188452965,-0.016095745547496005,-0.018754876227681436,-0.017158903739558418,0.19947199417009084,0.057628074934293665,-0.028212474859644704,-0.02033302331754318,-0.028236105927708626
28,-0.016105894292585972,0.07802675987409487,-0.008385875445070464,-0.007747155284248419,-0.02166112526107929,0.001125415557430382,-0.026996371385052204,-0.01452578312771411,-0.006543183134193137,-0.020747707423868708,-0.022967622825037382,-0.01682253183612369,-0.01410343979101059,-0.03221171918499731,-0.018145599714926262,-0.01773926377254265,-0.01827775181288925,-0.0019129658440230255,-0.021365290226907918,-0.018068331349561557,0.0035286959571914447,-0.025633405809716264,-0.021851534372089844,-0.007823414669304966,-0.008722533833206139,-0.009792684322993699,-0.006210155268165168,-0.009004289951042903,1.0,-0.021412815722525635,0.008201331191333976,-0.008569117806559265,-0.021385015717202135,-0.0035720573151648313,0.016935859325366245,-0.007629645337759618,-0.00849538889260656,0.024377031078815673,-0.007247510840743609,-0.008837656659175451,-0.012082153523211996,-0.012750525554678325,-0.011874342136001944
29,-0.04254993485511499,-0.040216515283686,0.14880121670759727,-0.000613775062133181,0.08323454214040502,-0.040602571763490594,-0.0650178319232438,-0.05015155538733946,0.002959872003886208,-0.07997467492300916,-0.08751646279451811,-0.00883687443001691,-0.04167630176946563,0.19570107458744357,-0.006478058968098265,-0.06634671731158569,-0.07022286588413448,-0.05070008233892475,0.1310049241683499,0.02310961294271721,-0.042057601483882406,0.18878974477246868,0.0429392441792531,-0.029472804108594205,-0.04169682688325432,-0.039294505961150916,-0.030946865697025698,-0.04608738927275638,-0.021412815722525635,1.0,-0.02653801878556243,-0.042446278723130865,-0.001315028569184367,-0.02397997249008821,-0.0468481311537597,-0.012809110865884689,-0.027048867800922458,-0.04028810056956984,-0.030223018257316103,-0.0494129367421726,0.036521582027861293,-0.022692781934405822,0.1618566470295169
30,-0.014336342395578948,0.10104048819655807,-0.005017682555477563,-0.020417473556460154,-0.023219118120590694,-0.0007720270739524889,-0.06356812577099319,-0.02907405422222203,0.013528763073559335,-0.049045760792422295,-0.03863569318920351,-0.024080019696755054,-0.022307902336718824,-0.01079371536053314,-0.01975901142799275,0.0015156631820592023,-0.040873000722258836,0.052568435005380165,-0.035314846576964945,-0.034131848630075845,0.030835550558106117,0.004771780198805444,-0.057800962482602775,-0.004264734056390072,-0.025089471808614483,-0.02444826198705323,-0.0057403342691515315,0.051363110264255794,0.008201331191333976,-0.02653801878556243,1.0,-0.016522100332550853,-0.03886242881622602,-0.012714856507944343,0.04647758868457387,-0.020140431569508094,-0.023133064405173424,0.004838980316056415,0.03707385083925589,0.027969053346925375,-0.02955637492501745,-0.007987803191495588,-0.028458829360448246
31,-0.026106440787423437,-0.01372992639405786,-0.016784674940775745,-0.01528371632779162,-0.04405537771977723,-0.014997536397525702,0.00021895219645143727,-0.02748970602087971,-0.011442150615990902,-0.02858397795472225,-0.04519440808375823,-0.03062914520613661,-0.028527287890298868,-0.06286499320115287,-0.036252571937149605,-0.03199258741237665,-0.03662832858790546,0.049805727782303244,-0.04107015890688054,-0.03616404938598784,-0.013691619441966632,-0.051352131219806404,-0.0423869685606378,-0.015306865941037353,0.05024367088400583,0.00978357478273707,-0.008522973013338361,0.005340747877201037,-0.008569117806559265,-0.042446278723130865,-0.016522100332550853,1.0,-0.02571550929595892,0.06398554640898518,-0.013602835545186279,-0.013859953053260599,-0.0029630855013352457,0.0005039461550047396,-0.0066101914761203615,-0.021969350970389045,-0.023813440155389897,-0.02071200010402033,-0.023693506851811014
32,0.02602672738515655,-0.040485664242930965,0.06091645965677047,0.03231413659782906,-0.0362784319501812,-0.03653868746373695,0.015479738639126987,-0.002435005750883502,0.016088303687966807,-0.05947282788913656,-0.08031541355079795,0.05962427769330588,-0.03205537975479947,0.04643766192266088,0.00127959247319466,-0.05373106003231662,-0.06892526873237038,-0.03526655907805416,-0.01885198755451157,-0.01708049980856606,-0.045454410258902775,-0.02300310471491208,-0.04330716092552711,0.0018603890326366092,-0.02998849935766173,-0.03454447304956558,-0.022352317269157915,-0.04138578324653924,-0.021385015717202135,-0.001315028569184367,-0.03886242881622602,-0.02571550929595892,1.0,-0.023629090618780664,-0.026646340785543593,-0.0008765419789234826,0.00673724743084691,-0.03719400806222181,-0.02890356575557955,0.001601712207388438,0.02952945087872833,-0.024739844842752642,0.01608683853360353
33,-0.017708347458015306,0.018381810739602343,-0.00980336428516793,-0.008674504887269448,-0.02511483097298047,-0.00013646749782206518,-0.004550596126468231,-0.016754782074974404,-0.007594490142848687,-0.02376322901359485,-0.02564525349464534,-0.01967188488918057,-0.014925825264064305,-0.036089639409538826,-0.02061138771132027,-0.019870725250732857,-0.021494345810877894,-0.005010055236582804,-0.02247892696165725,-0.02037794192849264,-0.012859503048491105,-0.024835640291725143,-0.0236193455986657,-0.007256258139868741,-0.0013560056720370046,-0.009388702926464564,-0.009126760220882345,-0.012438846533799713,-0.0035720573151648313,-0.02397997249008821,-0.012714856507944343,0.06398554640898518,-0.023629090618780664,1.0,0.0040386425751306205,-0.008541579073071705,-0.00894451300700132,0.008453023947198277,-0.0030954371083245142,-0.022591568365159402,-0.01406877645944514,-0.012890554664236255,-0.013781675837187582
34,-0.05477702043865452,0.09859633722805367,-0.032625781062667,0.010313241795402241,0.16789576621935726,-0.011465155580743038,0.009250512064106754,-0.054055455272736086,0.02731365844407327,-0.07964880738294723,-0.0905256610772588,-0.05191907484375409,0.3379171949727967,-0.0904858260314881,0.019810691074371663,-0.07145713476683459,-0.07225091783406717,0.015460480617372367,0.0403251360042378,-0.06930511347901663,-0.026462787928400143,0.11570101497464078,0.006972205903093814,-0.030421535631079414,-0.007150450177741429,0.01178405826705693,-0.025277770630028784,-0.041917092188452965,0.016935859325366245,-0.0468481311537597,0.04647758868457387,-0.013602835545186279,-0.026646340785543593,0.0040386425751306205,1.0,-0.019373727846423053,0.00897698821979059,0.045616003107533304,-0.031845702215459085,-0.06640335865552557,-0.045302812368260614,0.036402722477238914,-0.04581971541198833
35,-0.010636757435751387,-0.014808239757427972,-0.011132020433459613,-0.009556515675464408,-0.026065966613953,-0.01320005056220733,0.05990819293621218,0.07122504745640298,-0.005800794600248776,-0.02345982650541086,-0.030792671321870337,-0.015273160710327874,-0.015363101344645365,-0.030325821984907998,-0.01963540756201035,-0.023860493692385628,-0.024793591050537148,-0.019683411076353415,0.009349180444595394,-0.012893599698089973,-0.015461297250522308,-0.012396240737559386,0.020795031213639507,-0.009464004184925453,-0.014765516593489854,-0.011685338393535869,-0.009453927152310818,-0.016095745547496005,-0.007629645337759618,-0.012809110865884689,-0.020140431569508094,-0.013859953053260599,-0.0008765419789234826,-0.008541579073071705,-0.019373727846423053,1.0,-0.006515348688995134,-0.013624736907220516,-0.011540962436594842,0.00673568126624377,-0.01487788381015484,0.00807535287322832,-0.015743606360507187
36,-0.02289360043818034,-0.016504861123728023,-0.012685133948170392,-0.006116267442797444,-0.020623558499930205,-0.01208660493236732,0.04697450441760369,-0.021818048536961045,-0.005500959839134246,-0.03169314410279788,-0.035327488449467745,-0.004489614830384207,-0.010661804090692513,-0.0410725065868834,-0.0241020349256089,-0.02788131217986043,-0.027850555290678133,-0.01812944991702591,-0.01306741003426766,-0.02690959788726285,-0.017666965251495505,-0.022394725009724586,-0.0001260301771282427,-0.011946768937478978,-0.008123156002708916,-0.004049139323849312,-0.01254839240990871,-0.018754876227681436,-0.00849538889260656,-0.027048867800922458,-0.023133064405173424,-0.0029630855013352457,0.00673724743084691,-0.00894451300700132,0.00897698821979059,-0.006515348688995134,1.0,-0.015115054831691961,-0.012759622681701246,-0.0319210935150684,-0.017601987790795293,0.06466521908405248,-0.01778517268629517
37,-0.029536457581755063,0.07475673108743004,-0.015798537527500593,-0.01437851852778015,-0.0388888995059436,0.10664050340910733,-0.033347303754601605,-0.02701746662369616,-0.012143524916631093,-0.03893647166213509,-0.0434762501589967,-0.03169111207982091,-0.011966749223628522,-0.06111655875772966,-0.013271367685303834,-0.03411139457774101,-0.0325385559522777,0.024124655344913523,-0.03979947628647641,-0.03430330582341204,0.06223680788648488,-0.04582056513490643,-0.04087789992356876,-0.014845871842804495,-0.008556699967535431,0.012946382975114296,0.00825936359819367,-0.017158903739558418,0.024377031078815673,-0.04028810056956984,0.004838980316056415,0.0005039461550047396,-0.03719400806222181,0.008453023947198277,0.045616003107533304,-0.013624736907220516,-0.015115054831691961,1.0,-0.01618995930699827,-0.026362011216976622,-0.022718327060623364,-0.01879702851992427,-0.02236681971768599
38,-0.024071705660900757,-0.013796612602742522,-0.013088522796613981,-0.011665298093403206,-0.03173736070233793,-0.004784674046513968,-0.02780939647422962,-0.022672630258779018,-0.007507524891638284,-0.03069715473224474,-0.0213268826851874,-0.025745603634848284,-0.023068154771040066,-0.0038808995565327888,-0.024284697966561575,0.0033129089905084602,-0.02660061082893629,-0.005297166968185095,-0.02992806759023557,-0.023072657330098514,0.017127679480344337,-0.03673810376264664,-0.03397221151400131,0.0038012761506136103,-0.009689719574229632,-0.016763828046084447,-0.004168615538087607,0.19947199417009084,-0.007247510840743609,-0.030223018257316103,0.03707385083925589,-0.0066101914761203615,-0.02890356575557955,-0.0030954371083245142,-0.031845702215459085,-0.011540962436594842,-0.012759622681701246,-0.01618995930699827,1.0,0.002048905333763481,-0.019096841374719745,-0.017312961181958283,-0.018491680118908387
39,0.043624669559930954,-0.035577286384688676,-0.015802011544361273,-0.02934163522492357,-0.07871419070771796,-0.040175563866819745,-0.08353663019585748,0.11604842768085465,0.0002899723172329633,-0.04355649102551697,0.023359654611351102,-0.01358479199637426,-0.048603301496254275,0.019751255658963393,-0.007144378420174462,0.12936796737305123,-0.06986255383308299,-0.002917397681185626,-0.0656576415426778,0.025462696477810246,-0.0362325940183235,-0.07940155083496331,-0.07747297871296063,0.03283592245730689,-0.03465122846752906,-0.03784264051369114,0.23919124359687968,0.057628074934293665,-0.008837656659175451,-0.0494129367421726,0.027969053346925375,-0.021969350970389045,0.001601712207388438,-0.022591568365159402,-0.06640335865552557,0.00673568126624377,-0.0319210935150684,-0.026362011216976622,0.002048905333763481,1.0,0.0015780539225496762,-0.03418457983599546,-0.03607510725786403
40,0.0013649973552512774,-0.023875528334462427,-0.0075919317589559455,-0.01586274228644287,-0.025088825439790307,-0.023924961653933655,-0.061500238787063455,-0.020786328395968112,-0.012489372922015175,-0.04398371125376421,-0.04762340035860491,0.05457123353238212,-0.03274135776438404,0.092411420000587,0.05689819383309909,-0.023707210706646005,-0.03908730827220119,-0.035127687671386194,0.010460637225803269,0.021900993297140698,-0.025285684256198208,-0.03832435387916254,-0.02097274786412686,-0.01449289250301313,-0.024093570207255194,-0.02204927733321259,-0.01759334138479168,-0.028212474859644704,-0.012082153523211996,0.036521582027861293,-0.02955637492501745,-0.023813440155389897,0.02952945087872833,-0.01406877645944514,-0.045302812368260614,-0.01487788381015484,-0.017601987790795293,-0.022718327060623364,-0.019096841374719745,0.0015780539225496762,1.0,-0.019526162975108938,0.028700210728710762
41,-0.008722016390006764,-0.012872265657554213,-0.019398457879447793,-0.01041031351477257,-0.020096108992768976,-0.020492383805814633,-0.02673880312447112,0.0028474321322011125,-0.006010617438200693,-0.04642725908888688,-0.051250611256373466,-0.029093303924509123,0.09818676700753735,-0.006947108672950849,0.013378072996716854,-0.038142424158163046,-0.04276737059206185,-0.020060612478619653,0.0012535052085016498,-0.005766471753343377,-0.02258925988663282,0.01399131585446839,0.004679794395111833,-0.013148987518245198,-0.022757549883899636,0.025256732969668592,-0.0192380424302254,-0.02033302331754318,-0.012750525554678325,-0.022692781934405822,-0.007987803191495588,-0.02071200010402033,-0.024739844842752642,-0.012890554664236255,0.036402722477238914,0.00807535287322832,0.06466521908405248,-0.01879702851992427,-0.017312961181958283,-0.03418457983599546,-0.019526162975108938,1.0,-0.0269064493426541
42,-0.02470034780355774,-0.023496819371116376,0.10889748448273105,-0.014694418193610831,-0.027225336060065167,-0.023395318410989498,-0.06276516034538729,-0.028248809684611267,-0.012332942976448096,-0.04365199562901323,-0.04710230852430425,-0.004846742209995911,-0.03260323333015031,0.06374909348925113,-0.010389396422223534,-0.03122659482596908,-0.03855555318268544,-0.034679399610169276,0.11899395292746424,0.03943086877975442,-0.024905325701365444,0.005604531360644829,-0.036961237961189344,-0.014592406162735543,-0.023494637630563434,-0.021733346795086175,-0.017478188259616518,-0.028236105927708626,-0.011874342136001944,0.1618566470295169,-0.028458829360448246,-0.023693506851811014,0.01608683853360353,-0.013781675837187582,-0.04581971541198833,-0.015743606360507187,-0.01778517268629517,-0.02236681971768599,-0.018491680118908387,-0.03607510725786403,0.028700210728710762,-0.0269064493426541,1.0
