,0,1,2,3,4,5,6,7,8,9,10,11,12,13,14,15,16,17,18,19,20,21,22,23,24,25,26,27,28,29,30,31,32,33,34,35,36,37,38,39,40,41,42,43,44,45
0,1.0,-0.012305897186423527,0.006034852381905535,-0.024534165124301174,-0.06928920707842176,-0.03553888775437396,-0.08374884960688428,-0.014435885861479564,-0.018090489959325995,-0.061147003230416705,-0.06779843230196192,0.06963941632560403,-0.04957333913774181,-0.002524722013231485,0.08869134219664918,0.03341797352944986,-0.05893087478151555,-0.046527057983845974,-0.03552454897706447,0.20171633661892546,-0.03711619810193387,-0.07525616604823375,-0.061547106925292396,-0.00019568605753677594,-0.019650619196105792,-0.033327425939729954,-0.025324612496510246,-0.04106180560746746,-0.018074060367854757,0.02304272504232035,-0.03406745738312973,-0.03615791789623076,-0.017064426243331644,-0.020374075369375747,-0.06929107759713755,-0.012867211758923257,-0.026906978438134006,-0.03429592312045424,-0.023074931762200015,0.025324627982973472,0.021682313982953744,-0.005870628442816267,0.03942528639045638,-0.034936859829446484,-0.0363439631447973,-0.013251392909731763
1,-0.012305897186423527,1.0,-0.019378948076849888,-0.02156703097255163,-0.05704736012575121,-0.03184173396951652,-0.052380061138542613,0.04585480897253816,-0.016586076748820962,-0.016024578411311545,0.10504366787041036,0.011309652598439551,-0.042769203088707186,-0.01191727058358722,-0.015242997370971765,-0.024924040592217693,-0.020144805440444332,-0.03387187633292172,-0.05007735639576197,-0.01363009103779008,-0.03306635195659069,-0.0450046086380088,-0.04957629016323048,0.05309333988613242,-0.012462134819291133,-0.029547561716275823,-0.012599525454377074,-0.028736195887822825,-0.01606491389043599,-0.042660417165549906,-0.014138890424955931,-0.026014574171784724,0.02604365939437992,-0.01765472309457658,-0.0546318968792064,-0.01059194981947676,-0.022818063418915117,-0.02944484356376388,-0.023965965903819282,0.04356976988122995,0.0012159396824384964,-0.008842709866228354,-0.024725589622853112,-0.024565872849344278,-0.029909846103317955,-0.007158723159683503
2,0.006034852381905535,-0.019378948076849888,1.0,-0.011226363870654416,-0.029660626847823772,-0.016414725862219835,-0.043280038142278716,-0.020667135740173308,-0.0042639562675022115,-0.030794346692596904,-0.033731563512426566,-0.014175988897285538,-0.022573986142882314,-0.009561495907930154,-0.0019577064841765587,-0.025850346349765768,-0.026788304725781045,-0.02444506988885726,0.02951710167443415,0.03211662116381693,-0.017189756021399917,0.006837215644964468,-0.026955830118661067,-0.010557702357813803,-0.004873038224548867,-0.015379644618993625,-0.012396616611528882,-0.01990282046987491,-0.008385170554072632,0.1487947446673213,-0.005036822205112647,-0.016780535336882056,0.06088765158984742,-0.009801064824391968,-0.032611896889699496,-0.011112810999453816,-0.012680622263858106,-0.01579249533272168,-0.01309617654468153,-0.01568938311222668,-0.007642740661372342,-0.01939953016129095,0.10841530399323701,-0.016721202991374282,-0.016824245917975017,-0.01145092197384123
3,-0.024534165124301174,-0.02156703097255163,-0.011226363870654416,1.0,0.06348110711625149,-0.015154254255704937,0.008545285834701925,-0.019472428794938094,-0.008196828047419951,-0.02850702958930014,-0.031713792081103864,-0.020297677332714665,-0.008148043455154038,-0.007621920791909926,-0.01988915005277818,-0.02509124184181144,-0.02538252213915454,-0.022319602484120366,0.013018329502089494,-0.0327200675968101,-0.01550599714867534,0.09391654103816194,0.05080293399807658,-0.010787635392312889,0.032113989001345024,-0.013991363728165809,-0.011362799341568367,-0.01753887858731136,-0.007749679253709179,-0.00047822685361690676,-0.02037080307961603,-0.015283715396797015,0.03235780789253174,-0.008673886492377804,0.010263897409674132,-0.009536893255311006,-0.006114156036723353,-0.014377815985978544,-0.011639172430804933,-0.029150786035177154,-0.015834187166217602,-0.0103464154913263,-0.014681639110377506,-0.014870702605181533,-0.010816436595771486,-0.01107525192313075
4,-0.06928920707842176,-0.05704736012575121,-0.029660626847823772,0.06348110711625149,1.0,-0.03967072186434954,-0.01662749585708665,-0.05658703525665499,-0.021148594777420933,-0.08257319403034627,-0.09242826362813474,-0.053084661096093,0.09036165147189727,-0.004210508468704026,-0.030354537905308218,-0.07256242243443747,-0.07327207496845307,-0.03227968650787687,0.1587828472230994,-0.03614523971666742,-0.04321804139094806,0.3652818245519687,0.1698502840238726,-0.03152776212895807,0.03672505089238132,-0.04057626545834914,-0.033118947323708,-0.04724011793640355,-0.021674384042137698,0.08341538302593522,-0.023119690867592888,-0.044051895180499304,-0.0361964777279466,-0.025114576518781292,0.16787791456973933,-0.02601236199611366,-0.020613979103218442,-0.038886346225910653,-0.031681940825766135,-0.07826740019108738,-0.025110869995729177,-0.02005294989208991,-0.027201947949969642,-0.042913904892809725,-0.03407655304362292,-0.031738991137446805
5,-0.03553888775437396,-0.03184173396951652,-0.016414725862219835,-0.015154254255704937,-0.03967072186434954,1.0,-0.048158543472759316,-0.028469166553856878,0.014551590494077362,-0.04066553214805704,-0.0421063265635053,-0.03257411885288245,-0.022254691335302085,-0.014094683024689567,-0.024186702508043795,-0.028635499875253496,-0.03524148190435147,0.14259790593694127,-0.04055190490123119,-0.049277509489905995,0.028167059947144288,-0.045193369158378155,-0.042809515102059964,-0.01405062760952063,-0.012419792511113248,-0.017965835082591253,-0.0007389855498149901,0.023852394269799813,0.07826733942139821,-0.04021871747751038,0.10099888185002145,-0.013523868028987552,-0.04001456396248568,0.018599570445441884,0.09879979476688795,-0.014626827882702382,-0.01630842462876658,0.07473489108244914,-0.013550035359152328,-0.03504170162632023,-0.02355949740915807,-0.012527892767009167,-0.023296977673636664,-0.012802623441990674,0.13454068185329437,-0.015710993239603878
6,-0.08374884960688428,-0.052380061138542613,-0.043280038142278716,0.008545285834701925,-0.01662749585708665,-0.048158543472759316,1.0,-0.04743751452185796,-0.03139934456225201,-0.08321695464101084,-0.12100599842054689,-0.045565111375821275,-0.05520981819236571,-0.029565741226256957,-0.0592746604284196,-0.08966385904838847,-0.09668899914402765,0.0037498396450724044,-0.040597057467689046,-0.09558863979758797,-0.058427581648308594,-0.024066902228975617,-0.011678776785411264,-0.03715697689592995,-0.008992581696506147,0.04540754972245184,-0.028556448165736513,0.004649032351794248,-0.02697813557541973,-0.06481696168948387,-0.06339134860173712,0.0003694692218397036,0.015526902523271552,-0.004480948360006164,0.009489718722634558,0.06003789596238654,0.04701210108407618,-0.033237787974785084,-0.027842110139137982,-0.08316275968064732,-0.06137266044263841,-0.02670875462657151,-0.0627216148439441,0.06827255695671627,0.0004931201600532546,-0.03741184787289839
7,-0.014435885861479564,0.04585480897253816,-0.020667135740173308,-0.019472428794938094,-0.05658703525665499,-0.028469166553856878,-0.04743751452185796,1.0,-0.01558553361864229,0.07667931629444304,0.10903236992365495,-0.019117243190828893,-0.03966643631404845,-0.015641026392213767,-0.03252142745496146,-0.005877458299684386,-0.03846795486677714,-0.02525579972050227,-0.051587166257339605,-0.05528628151029623,-0.02995331906745425,-0.06422369374952303,-0.050025045912678326,0.008342066271310187,-0.013535875759038193,-0.026660831093324823,0.010792624220584204,-0.03377439418622541,-0.014472124591368492,-0.049892684224070574,-0.028899377114971113,-0.027367761535806008,-0.0023042321091754645,-0.0166843286650726,-0.05381482860978731,0.0711503289095173,-0.021726414800465683,-0.026904129053416406,-0.022527591243758468,0.11509360753264822,-0.020721208172079952,0.0028140399437483017,-0.028112091117947095,-0.027599138556780246,-0.029345829671362816,0.025823388042612954
8,-0.018090489959325995,-0.016586076748820962,-0.0042639562675022115,-0.008196828047419951,-0.021148594777420933,0.014551590494077362,-0.03139934456225201,-0.01558553361864229,1.0,-0.022386512248343423,-0.024662886988238226,-0.0171291172085866,-0.014381652439205403,-0.007677295359222,-0.004451394215888995,-0.019068300341627382,-0.01980844064872482,-0.005407839610299576,-0.017029806866802215,-0.009925154286702036,0.12195935484058942,-0.021767825629149817,-0.022019126139870407,-0.008425297126856315,-0.00530312438062024,-0.010958170219991285,-0.007472713572891879,-0.009570555372761493,-0.0021117834988452497,-0.012040540025786584,0.026672892725378896,-0.009512352074247795,-0.019914958994550917,-0.006800107258761862,-0.009205479297383927,-0.007869589302435635,-0.009099004572677247,-0.004767145407687489,-0.007802192889574187,-0.014917968369593755,-0.012578211095209343,-0.012077018787964185,-0.01031459089532459,-0.012015192332050787,0.0006472950702841201,-0.008591432088425544
9,-0.061147003230416705,-0.016024578411311545,-0.030794346692596904,-0.02850702958930014,-0.08257319403034627,-0.04066553214805704,-0.08321695464101084,0.07667931629444304,-0.022386512248343423,1.0,0.09931046054194394,-0.027846896894933228,-0.057997863894792306,-0.02648945407751714,-0.06690604545115222,-0.02294648921442282,0.16561578970647117,-0.046428754044328065,-0.0809022016594273,-0.11280168535212745,-0.043131695471804704,-0.09912484025849277,-0.07889591225955361,-0.0209880700031096,-0.02204625553160268,-0.038380542952965564,0.19167502617894128,-0.030866093838498268,-0.02059523506627606,-0.07924883163854454,-0.04869504014568103,-0.028252818706750872,-0.05892921195455525,-0.02357983307746992,-0.07900958414357892,-0.023283342412899175,-0.031440791670488126,-0.03862783637340843,-0.030465497168352056,-0.043794647965180115,-0.04354911499299015,-0.046043675262562915,-0.043286803909769536,-0.016720058922107803,-0.0389253832092443,0.0016622643277493312
10,-0.06779843230196192,0.10504366787041036,-0.033731563512426566,-0.031713792081103864,-0.09242826362813474,-0.0421063265635053,-0.12100599842054689,0.10903236992365495,-0.024662886988238226,0.09931046054194394,1.0,-0.06215613903190088,-0.06438409327412896,-0.028602748051462592,-0.06975285581832351,0.04648896737047304,0.2601964454432964,-0.0624284032920156,-0.088699993484748,-0.11578790644276088,-0.04781542141063593,-0.10884303854633443,-0.09051870389476022,0.005459871467003365,-0.026610849296471104,-0.04272484171863515,-0.027450428162189594,-0.05372376737187304,-0.02297600441634564,-0.08740454450172921,-0.03851391945752667,-0.04519314737393812,-0.08039150714946383,-0.025641834818514828,-0.09052123828526237,-0.03082443920537834,-0.03532290223293118,-0.04347125801436952,-0.02131019012492231,0.023531468231039757,-0.04751023571153697,-0.051165460783310024,-0.04706590013813322,-0.04398459993286492,-0.04680927808641412,0.016303994826310838
11,0.06963941632560403,0.011309652598439551,-0.014175988897285538,-0.020297677332714665,-0.053084661096093,-0.03257411885288245,-0.045565111375821275,-0.019117243190828893,-0.0171291172085866,-0.027846896894933228,-0.06215613903190088,1.0,-0.03570941554680901,0.02211626938627192,0.04807236605702763,-0.040377863218395774,-0.05193109547740663,-0.03327300046868588,-0.009516748076404173,0.03501988203071062,-0.03314400363913818,-0.05724405111215619,-0.014001968405177506,-0.01956584281406727,-0.01577180145373549,-0.03079874121969238,-0.011375929318362637,-0.037595477365278435,-0.01682469846726962,-0.008843025656682732,-0.023982851777269436,-0.030620700160482905,0.05970135576258076,-0.019667243447701113,-0.05191254717730427,-0.015233849726853068,-0.004483527281359095,-0.03168260040331444,-0.025678814028983418,-0.01320906876275648,0.054537710593533587,-0.02906016852396522,-0.004828497807560845,-0.034451856554860716,-0.032436518473413604,-0.0205791976372465
12,-0.04957333913774181,-0.042769203088707186,-0.022573986142882314,-0.008148043455154038,0.09036165147189727,-0.022254691335302085,-0.05520981819236571,-0.03966643631404845,-0.014381652439205403,-0.057997863894792306,-0.06438409327412896,-0.03570941554680901,1.0,-0.017597529061356275,0.07459726930668067,-0.050322831189383785,-0.05121622273670706,-0.026204179234263325,-0.02213493836826722,-0.0391147971005189,-0.025261133329503967,0.07719013562589172,-0.036229483215038896,-0.021760999692170723,0.0652299620257068,-0.014801043018840639,-0.022751383196824314,-0.03429191150164235,-0.014115461024617575,-0.04164040095879669,-0.022244789065461998,-0.02852408341086173,-0.032003284128084716,-0.014922073564728165,0.3378809399638828,-0.015321703425334735,-0.010667429180028281,-0.011963231790636375,-0.023022571677979033,-0.048247563594113474,-0.03271409673984825,0.09817672707152858,-0.03258494841621601,-0.0251425567349357,-0.020139619172358333,-0.02220075637269813
13,-0.002524722013231485,-0.01191727058358722,-0.009561495907930154,-0.007621920791909926,-0.004210508468704026,-0.014094683024689567,-0.029565741226256957,-0.015641026392213767,-0.007677295359222,-0.02648945407751714,-0.028602748051462592,0.02211626938627192,-0.017597529061356275,1.0,0.1362668631455256,-0.022109410495488917,-0.02318145032826338,-0.020809552554581945,0.053087482343089264,0.06290175430452583,-0.014631189471125686,-0.027672700090152033,0.024577041722097178,-0.006358362954451752,-0.007913814762640001,-0.013088069687920076,-0.0105568814809203,-0.016858404337287324,-0.007127790221059634,0.030165622890346525,-0.01565695317185465,-0.01426020100588308,0.005604855263832126,-0.008204241229723937,-0.01411387627781968,-0.009391874002709872,-0.009524489976949985,-0.01344622804898335,-0.011049829374652553,-0.0007852256862307611,0.00991267584161909,-0.0161634953658647,-0.005844560795678692,-0.014869037799598812,-0.014281121857555491,-0.010141368189260374
14,0.08869134219664918,-0.015242997370971765,-0.0019577064841765587,-0.01988915005277818,-0.030354537905308218,-0.024186702508043795,-0.0592746604284196,-0.03252142745496146,-0.004451394215888995,-0.06690604545115222,-0.06975285581832351,0.04807236605702763,0.07459726930668067,0.1362668631455256,1.0,-0.039803822872896764,-0.05976082101641311,-0.029676455850580864,-0.014383750543469308,0.09994142741472127,-0.03273693492289098,-0.029058242822116536,-0.03288865364967724,-0.018969029468632444,-0.010984255844864826,-0.033419603819021815,-0.016566329883704534,-0.020184195242653538,-0.01820197079403802,-0.006670549147717947,-0.019649793149302004,-0.03634110936528953,0.0012389976724814745,-0.02065545037590293,0.01999715958045789,-0.0195395898022771,-0.024142187824823216,-0.013233303942205834,-0.02437248324305788,-0.007059734893147124,0.057945925151162064,0.013737843486035167,-0.01029371986339832,-0.03507063266841366,-0.031631566846399735,-0.02448941003431943
15,0.03341797352944986,-0.024924040592217693,-0.025850346349765768,-0.02509124184181144,-0.07256242243443747,-0.028635499875253496,-0.08966385904838847,-0.005877458299684386,-0.019068300341627382,-0.02294648921442282,0.04648896737047304,-0.040377863218395774,-0.050322831189383785,-0.022109410495488917,-0.039803822872896764,1.0,-0.04818126191546621,-0.03881622052391014,-0.06865316055307072,-0.03820865686070277,-0.03149246601296307,-0.08424334497374658,-0.07100873790124271,0.02586349375200063,-0.020873208981551823,-0.03370650309613772,0.0014428696039680033,-0.004364204919922962,-0.017635897744681942,-0.06597347931320506,0.0026686529752321343,-0.031597766124166565,-0.054514907126081515,-0.01969888606223511,-0.07115039745513449,-0.02398537973372419,-0.027769033330527944,-0.0339265119951137,0.005664863758765003,0.1263744911281619,-0.023896079130540433,-0.037844166233821,-0.030818053569710596,-0.029846975039571365,-0.03613477335313002,0.24478979608403925
16,-0.05893087478151555,-0.020144805440444332,-0.026788304725781045,-0.02538252213915454,-0.07327207496845307,-0.03524148190435147,-0.09668899914402765,-0.03846795486677714,-0.01980844064872482,0.16561578970647117,0.2601964454432964,-0.05193109547740663,-0.05121622273670706,-0.02318145032826338,-0.05976082101641311,-0.04818126191546621,1.0,-0.053049099409521794,-0.07100267007987748,-0.10062555707568882,-0.037404662796815195,-0.08796896062970996,-0.06969614977529387,-0.025079141994936875,-0.020826220648782395,-0.03399966669858322,-0.025505845327181295,-0.04297600013112597,-0.01828205988852539,-0.07011887374703185,-0.04077235942010876,-0.036624154062800784,-0.06884954683859576,-0.021491527765956718,-0.07224413892238202,-0.024757871356664185,-0.02784605261747103,-0.03253375538049963,-0.026525515085943856,-0.06947383490604318,-0.038966539850728794,-0.04266481581138745,-0.03852974928758966,-0.037781776133874664,-0.03571112990475744,-0.02427723038252424
17,-0.046527057983845974,-0.03387187633292172,-0.02444506988885726,-0.022319602484120366,-0.03227968650787687,0.14259790593694127,0.0037498396450724044,-0.02525579972050227,-0.005407839610299576,-0.046428754044328065,-0.0624284032920156,-0.03327300046868588,-0.026204179234263325,-0.020809552554581945,-0.029676455850580864,-0.03881622052391014,-0.053049099409521794,1.0,-0.04945103291944318,-0.03779848413157108,0.07622731600282925,-0.05512899984851677,-0.0580541292740923,-0.012549024787412023,-0.011618234476500093,0.15515690765142673,-0.012895026501964908,0.0639371957561182,-0.0017821401565811066,-0.05065775227779784,0.0526449516967293,0.04982920200623052,-0.03519500685470116,-0.004997680969740077,0.015521830790557786,-0.019642578338970255,-0.01811004166552394,0.02418005482740816,-0.005293542443407936,-0.0025905755828418563,-0.035072507169439736,-0.020095725098421856,-0.03465184258799889,0.011778211196224794,0.021394015078520554,-0.020469939304571506
18,-0.03552454897706447,-0.05007735639576197,0.02951710167443415,0.013018329502089494,0.1587828472230994,-0.04055190490123119,-0.040597057467689046,-0.051587166257339605,-0.017029806866802215,-0.0809022016594273,-0.088699993484748,-0.009516748076404173,-0.02213493836826722,0.053087482343089264,-0.014383750543469308,-0.06865316055307072,-0.07100267007987748,-0.04945103291944318,1.0,0.060004400877785365,-0.04175970594153421,0.2512987914386656,0.07048574213559514,-0.03013375027921855,-0.005790071889529787,-0.03955261196159317,-0.032079782157108355,-0.04274724298142027,-0.021437329411162335,0.13158545156455442,-0.03513541579187085,-0.04119696993557255,-0.018848370970906025,-0.022539659537031177,0.040664725175825436,0.009397839233152103,-0.013114162540501748,-0.03991066132283254,-0.029979616039347803,-0.06565308000754319,0.01041174974506769,0.001540189977633551,0.11982840373001385,-0.042255889216418124,-0.04097232503935339,-0.03081206743774723
19,0.20171633661892546,-0.01363009103779008,0.03211662116381693,-0.0327200675968101,-0.03614523971666742,-0.049277509489905995,-0.09558863979758797,-0.05528628151029623,-0.009925154286702036,-0.11280168535212745,-0.11578790644276088,0.03501988203071062,-0.0391147971005189,0.06290175430452583,0.09994142741472127,-0.03820865686070277,-0.10062555707568882,-0.03779848413157108,0.060004400877785365,1.0,-0.055360079529940265,0.021775558373436497,-0.03423729467453339,-0.02337463707300322,0.015308860110437134,-0.059999229832041374,-0.04396541360579549,-0.011236025358107145,-0.03220860184748856,0.19546863942301837,-0.008856632959375301,-0.06266436563483929,0.04563238706599655,-0.03597733267940593,-0.09007127260907949,-0.029567449243284687,-0.040846959573721656,-0.060995036665589315,-0.0024079316011493563,0.0201015943099335,0.09528772052517517,-0.004630275209237677,0.06688613857377398,-0.060142495688253625,-0.05969142102152804,-0.03333471402525612
20,-0.03711619810193387,-0.03306635195659069,-0.017189756021399917,-0.01550599714867534,-0.04321804139094806,0.028167059947144288,-0.058427581648308594,-0.02995331906745425,0.12195935484058942,-0.043131695471804704,-0.04781542141063593,-0.03314400363913818,-0.025261133329503967,-0.014631189471125686,-0.03273693492289098,-0.03149246601296307,-0.037404662796815195,0.07622731600282925,-0.04175970594153421,-0.055360079529940265,1.0,-0.049519752963281476,-0.04495765796552843,-0.016303574310043,-0.009474185402820717,-0.007218465129495533,-0.013965939025003454,0.0109030103507384,0.004145363187749677,-0.04092021952582965,0.027484335214161746,-0.0129567744383207,-0.04400693205427739,-0.012396351418461198,-0.026045542400424875,-0.014911265067481458,-0.017100367236701122,0.0672344088100846,0.018222191263060676,-0.03472349861298395,-0.024507265955857154,-0.0216122851410298,-0.024183288338888637,-0.0206825319332599,0.16864001240693413,-0.01660500106745537
21,-0.07525616604823375,-0.0450046086380088,0.006837215644964468,0.09391654103816194,0.3652818245519687,-0.045193369158378155,-0.024066902228975617,-0.06422369374952303,-0.021767825629149817,-0.09912484025849277,-0.10884303854633443,-0.05724405111215619,0.07719013562589172,-0.027672700090152033,-0.029058242822116536,-0.08424334497374658,-0.08796896062970996,-0.05512899984851677,0.2512987914386656,0.021775558373436497,-0.049519752963281476,1.0,0.10477040712450292,-0.03691953908221743,0.051337940492448955,-0.04631403510393718,-0.03975067088424536,-0.0563637283790256,-0.025666988176226535,0.18899452031771702,0.0048118769965707076,-0.051384054944056255,-0.022952763962616574,-0.024855347094473772,0.11602279036174404,-0.012368621023245128,-0.022404873763627178,-0.0458426140623389,-0.036725436324822974,-0.07894964897535549,-0.03847700385880553,0.014045037587722832,0.0055398533063453995,-0.0455159199436523,-0.04348167721470623,-0.03814190518572891
22,-0.061547106925292396,-0.04957629016323048,-0.026955830118661067,0.05080293399807658,0.1698502840238726,-0.042809515102059964,-0.011678776785411264,-0.050025045912678326,-0.022019126139870407,-0.07889591225955361,-0.09051870389476022,-0.014001968405177506,-0.036229483215038896,0.024577041722097178,-0.03288865364967724,-0.07100873790124271,-0.06969614977529387,-0.0580541292740923,0.07048574213559514,-0.03423729467453339,-0.04495765796552843,0.10477040712450292,1.0,-0.03066793114701454,-0.003445745518708048,-0.040203997138673744,-0.03235665982863291,-0.05057229073210101,-0.02185452919909861,0.0436128272856863,-0.057668133167820754,-0.04236642162601674,-0.043268407687616035,-0.023605168974047862,0.007089332621380373,0.020884329588683803,-0.00010416431538686627,-0.04085495668881202,-0.033900637223494595,-0.07710277728266779,-0.020905477739404835,0.004982220337527403,-0.036906367063613596,-0.037111008306363255,-0.04040032385354646,-0.031260809789769625
23,-0.00019568605753677594,0.05309333988613242,-0.010557702357813803,-0.010787635392312889,-0.03152776212895807,-0.01405062760952063,-0.03715697689592995,0.008342066271310187,-0.008425297126856315,-0.0209880700031096,0.005459871467003365,-0.01956584281406727,-0.021760999692170723,-0.006358362954451752,-0.018969029468632444,0.02586349375200063,-0.025079141994936875,-0.012549024787412023,-0.03013375027921855,-0.02337463707300322,-0.016303574310043,-0.03691953908221743,-0.03066793114701454,1.0,-0.008291684623719322,-0.014580729313792958,-0.010977138251494632,-0.015237199024759032,-0.007823261286193981,-0.029426784953274433,-0.004226905711813689,-0.015297232430156673,0.0018596662055277349,-0.007249546395054763,-0.030403050752571045,-0.009499100389321533,-0.011938508607322127,-0.01483597915980791,0.003744196619652339,0.032552237859517615,-0.014482795503466662,-0.013194674615781167,-0.014577558447036862,-0.011519796388531053,-0.0159227468627605,0.011734467227868058
24,-0.019650619196105792,-0.012462134819291133,-0.004873038224548867,0.032113989001345024,0.03672505089238132,-0.012419792511113248,-0.008992581696506147,-0.013535875759038193,-0.00530312438062024,-0.02204625553160268,-0.026610849296471104,-0.01577180145373549,0.0652299620257068,-0.007913814762640001,-0.010984255844864826,-0.020873208981551823,-0.020826220648782395,-0.011618234476500093,-0.005790071889529787,0.015308860110437134,-0.009474185402820717,0.051337940492448955,-0.003445745518708048,-0.008291684623719322,1.0,-0.011736634793818559,-0.008488373969342041,-0.013164408512823727,-0.006530203490156511,0.0028325697791392653,0.013546622751428646,-0.011407101695567481,0.016081829335274078,-0.0075746052365451635,0.027366934129924657,-0.005773885671554976,-0.005472922379810297,-0.01211193765657639,-0.007504715344514994,0.00042735784887911344,-0.012520928451134117,-0.006003999731107302,-0.012343517962023145,-0.012249450134584738,-0.007123085499773951,-0.008388254288925165
25,-0.033327425939729954,-0.029547561716275823,-0.015379644618993625,-0.013991363728165809,-0.04057626545834914,-0.017965835082591253,0.04540754972245184,-0.026660831093324823,-0.010958170219991285,-0.038380542952965564,-0.04272484171863515,-0.03079874121969238,-0.014801043018840639,-0.013088069687920076,-0.033419603819021815,-0.03370650309613772,-0.03399966669858322,0.15515690765142673,-0.03955261196159317,-0.059999229832041374,-0.007218465129495533,-0.04631403510393718,-0.040203997138673744,-0.014580729313792958,-0.011736634793818559,1.0,-0.015212717553135469,-0.02365721450162977,-0.009805224411304903,-0.0392198212856726,-0.024389023893151056,0.00978378546373812,-0.03449295154846588,-0.009387871187174239,0.011791009675875456,-0.01166134663209284,-0.00405660321214243,0.012945711583347216,-0.016719425987066272,-0.03760222254200794,-0.021978252917849828,0.025395318148697617,-0.021713383103795086,-0.017506824014009346,-0.010712727073449977,-0.01447065324944417
26,-0.025324612496510246,-0.012599525454377074,-0.012396616611528882,-0.011362799341568367,-0.033118947323708,-0.0007389855498149901,-0.028556448165736513,0.010792624220584204,-0.007472713572891879,0.19167502617894128,-0.027450428162189594,-0.011375929318362637,-0.022751383196824314,-0.0105568814809203,-0.016566329883704534,0.0014428696039680033,-0.025505845327181295,-0.012895026501964908,-0.032079782157108355,-0.04396541360579549,-0.013965939025003454,-0.03975067088424536,-0.03235665982863291,-0.010977138251494632,-0.008488373969342041,-0.015212717553135469,1.0,0.019893648385031763,-0.00621017397478984,-0.03091651019142066,-0.005708058526407088,-0.008531131183754566,-0.02231064702064884,-0.009131119157115567,-0.025287970117927078,-0.009430642242178437,-0.012550837763944644,0.008253373362412792,-0.004153312405407951,0.24005837902755903,-0.017550077423736772,-0.01918726042678176,-0.01747149502605487,-0.013999960608768017,-0.01199371226670197,-0.010877527156279643
27,-0.04106180560746746,-0.028736195887822825,-0.01990282046987491,-0.01753887858731136,-0.04724011793640355,0.023852394269799813,0.004649032351794248,-0.03377439418622541,-0.009570555372761493,-0.030866093838498268,-0.05372376737187304,-0.037595477365278435,-0.03429191150164235,-0.016858404337287324,-0.020184195242653538,-0.004364204919922962,-0.04297600013112597,0.0639371957561182,-0.04274724298142027,-0.011236025358107145,0.0109030103507384,-0.0563637283790256,-0.05057229073210101,-0.015237199024759032,-0.013164408512823727,-0.02365721450162977,0.019893648385031763,1.0,-0.009033041127617596,-0.046039104139059275,0.05142788651248097,0.005358776456421842,-0.04131738445379267,-0.012433669314903806,-0.041910961377030945,-0.016056231309946684,-0.01874891567279864,-0.01715552558190001,0.19942799731032212,0.05797536488710188,-0.02816167909379821,-0.02043871294344877,-0.028210955552154672,0.013127566449900811,0.05334238468218997,-0.01906404455055093
28,-0.018074060367854757,-0.01606491389043599,-0.008385170554072632,-0.007749679253709179,-0.021674384042137698,0.07826733942139821,-0.02697813557541973,-0.014472124591368492,-0.0021117834988452497,-0.02059523506627606,-0.02297600441634564,-0.01682469846726962,-0.014115461024617575,-0.007127790221059634,-0.01820197079403802,-0.017635897744681942,-0.01828205988852539,-0.0017821401565811066,-0.021437329411162335,-0.03220860184748856,0.004145363187749677,-0.025666988176226535,-0.02185452919909861,-0.007823261286193981,-0.006530203490156511,-0.009805224411304903,-0.00621017397478984,-0.009033041127617596,1.0,-0.021386593906754424,0.008271578641025651,-0.00857893442651095,-0.02137079512995891,-0.003599879273771759,0.016961259473087565,-0.007618525478947455,-0.00849975722793046,0.024430092017687303,-0.007237939616980371,-0.00864498907700608,-0.012047931069392979,-0.012727325953027311,-0.011869009145982906,-0.008743429280211408,0.0011694502117428158,-0.0080910725058363
29,0.02304272504232035,-0.042660417165549906,0.1487947446673213,-0.00047822685361690676,0.08341538302593522,-0.04021871747751038,-0.06481696168948387,-0.049892684224070574,-0.012040540025786584,-0.07924883163854454,-0.08740454450172921,-0.008843025656682732,-0.04164040095879669,0.030165622890346525,-0.006670549147717947,-0.06597347931320506,-0.07011887374703185,-0.05065775227779784,0.13158545156455442,0.19546863942301837,-0.04092021952582965,0.18899452031771702,0.0436128272856863,-0.029426784953274433,0.0028325697791392653,-0.0392198212856726,-0.03091651019142066,-0.046039104139059275,-0.021386593906754424,1.0,-0.026517429639889838,-0.04238519844744368,-0.0013190703891829162,-0.02394355003484771,-0.0467307637545718,-0.012750822642388457,-0.026986118059644043,-0.04022091560048478,-0.030096951845902963,-0.04923790009956479,0.03648796243495314,-0.022797747727314764,0.16182482860782954,-0.04161189087404974,-0.040507532627102785,-0.02972584410027997
30,-0.03406745738312973,-0.014138890424955931,-0.005036822205112647,-0.02037080307961603,-0.023119690867592888,0.10099888185002145,-0.06339134860173712,-0.028899377114971113,0.026672892725378896,-0.04869504014568103,-0.03851391945752667,-0.023982851777269436,-0.022244789065461998,-0.01565695317185465,-0.019649793149302004,0.0026686529752321343,-0.04077235942010876,0.0526449516967293,-0.03513541579187085,-0.008856632959375301,0.027484335214161746,0.0048118769965707076,-0.057668133167820754,-0.004226905711813689,0.013546622751428646,-0.024389023893151056,-0.005708058526407088,0.05142788651248097,0.008271578641025651,-0.026517429639889838,1.0,-0.016467868132298023,-0.03873692710780601,-0.012680679278325896,0.046566113824596904,-0.020050561664207475,-0.023087437168553854,0.004906913664218729,0.03708938469070783,0.028305139830088935,-0.029492469552640038,-0.007974370209915212,-0.028410669738856652,-0.02502796430610535,-0.000729267834238094,-0.010186960910513012
31,-0.03615791789623076,-0.026014574171784724,-0.016780535336882056,-0.015283715396797015,-0.044051895180499304,-0.013523868028987552,0.0003694692218397036,-0.027367761535806008,-0.009512352074247795,-0.028252818706750872,-0.04519314737393812,-0.030620700160482905,-0.02852408341086173,-0.01426020100588308,-0.03634110936528953,-0.031597766124166565,-0.036624154062800784,0.04982920200623052,-0.04119696993557255,-0.06266436563483929,-0.0129567744383207,-0.051384054944056255,-0.04236642162601674,-0.015297232430156673,-0.011407101695567481,0.00978378546373812,-0.008531131183754566,0.005358776456421842,-0.00857893442651095,-0.04238519844744368,-0.016467868132298023,1.0,-0.025659437245634548,0.06398615769702386,-0.013600840024343464,-0.013831095948227498,-0.002961832009177776,0.0005027957453423847,-0.006566421239008805,-0.0216955727800413,-0.023740554907603413,-0.020627591843129775,-0.023672856734775705,0.05025096315918141,-0.014991422077882777,-0.015724304234248532
32,-0.017064426243331644,0.02604365939437992,0.06088765158984742,0.03235780789253174,-0.0361964777279466,-0.04001456396248568,0.015526902523271552,-0.0023042321091754645,-0.019914958994550917,-0.05892921195455525,-0.08039150714946383,0.05970135576258076,-0.032003284128084716,0.005604855263832126,0.0012389976724814745,-0.054514907126081515,-0.06884954683859576,-0.03519500685470116,-0.018848370970906025,0.04563238706599655,-0.04400693205427739,-0.022952763962616574,-0.043268407687616035,0.0018596662055277349,0.016081829335274078,-0.03449295154846588,-0.02231064702064884,-0.04131738445379267,-0.02137079512995891,-0.0013190703891829162,-0.03873692710780601,-0.025659437245634548,1.0,-0.02359681338002169,-0.02655901391658556,-0.0008218563507632411,0.006798176446905569,-0.03714259816125795,-0.02877858286218482,0.0017841454894790313,0.029552638676234165,-0.0248043066058911,0.016139457480934115,-0.02992236496672554,-0.03648329356248617,-0.015063649199687425
33,-0.020374075369375747,-0.01765472309457658,-0.009801064824391968,-0.008673886492377804,-0.025114576518781292,0.018599570445441884,-0.004480948360006164,-0.0166843286650726,-0.006800107258761862,-0.02357983307746992,-0.025641834818514828,-0.019667243447701113,-0.014922073564728165,-0.008204241229723937,-0.02065545037590293,-0.01969888606223511,-0.021491527765956718,-0.004997680969740077,-0.022539659537031177,-0.03597733267940593,-0.012396351418461198,-0.024855347094473772,-0.023605168974047862,-0.007249546395054763,-0.0075746052365451635,-0.009387871187174239,-0.009131119157115567,-0.012433669314903806,-0.003599879273771759,-0.02394355003484771,-0.012680679278325896,0.06398615769702386,-0.02359681338002169,1.0,0.004040106012999449,-0.008525799629264363,-0.008943219543384682,0.008450788556558429,-0.003072314194233053,-0.022438869322234847,-0.014025805812318517,-0.012842473650323781,-0.013770919885392217,-0.0013498423769245232,-0.00014294381463761038,-0.009360110917666888
34,-0.06929107759713755,-0.0546318968792064,-0.032611896889699496,0.010263897409674132,0.16787791456973933,0.09879979476688795,0.009489718722634558,-0.05381482860978731,-0.009205479297383927,-0.07900958414357892,-0.09052123828526237,-0.05191254717730427,0.3378809399638828,-0.01411387627781968,0.01999715958045789,-0.07115039745513449,-0.07224413892238202,0.015521830790557786,0.040664725175825436,-0.09007127260907949,-0.026045542400424875,0.11602279036174404,0.007089332621380373,-0.030403050752571045,0.027366934129924657,0.011791009675875456,-0.025287970117927078,-0.041910961377030945,0.016961259473087565,-0.0467307637545718,0.046566113824596904,-0.013600840024343464,-0.02655901391658556,0.004040106012999449,1.0,-0.019307312350818562,0.00898146449852478,0.045629201296767605,-0.03176337484032022,-0.06590681936054187,-0.045189464698026684,0.03642077615257102,-0.045766423450072896,-0.007134070882885676,-0.01145710798284253,-0.030931708873625268
35,-0.012867211758923257,-0.01059194981947676,-0.011112810999453816,-0.009536893255311006,-0.02601236199611366,-0.014626827882702382,0.06003789596238654,0.0711503289095173,-0.007869589302435635,-0.023283342412899175,-0.03082443920537834,-0.015233849726853068,-0.015321703425334735,-0.009391874002709872,-0.0195395898022771,-0.02398537973372419,-0.024757871356664185,-0.019642578338970255,0.009397839233152103,-0.029567449243284687,-0.014911265067481458,-0.012368621023245128,0.020884329588683803,-0.009499100389321533,-0.005773885671554976,-0.01166134663209284,-0.009430642242178437,-0.016056231309946684,-0.007618525478947455,-0.012750822642388457,-0.020050561664207475,-0.013831095948227498,-0.0008218563507632411,-0.008525799629264363,-0.019307312350818562,1.0,-0.006492023508503224,-0.0135972365305299,-0.011494350123955478,0.006613650153239969,-0.014852887149076469,0.008068660643010098,-0.01571160279007814,-0.014739291966623939,-0.013172769499485447,-0.003616019249943342
36,-0.026906978438134006,-0.022818063418915117,-0.012680622263858106,-0.006114156036723353,-0.020613979103218442,-0.01630842462876658,0.04701210108407618,-0.021726414800465683,-0.009099004572677247,-0.031440791670488126,-0.03532290223293118,-0.004483527281359095,-0.010667429180028281,-0.009524489976949985,-0.024142187824823216,-0.027769033330527944,-0.02784605261747103,-0.01811004166552394,-0.013114162540501748,-0.040846959573721656,-0.017100367236701122,-0.022404873763627178,-0.00010416431538686627,-0.011938508607322127,-0.005472922379810297,-0.00405660321214243,-0.012550837763944644,-0.01874891567279864,-0.00849975722793046,-0.026986118059644043,-0.023087437168553854,-0.002961832009177776,0.006798176446905569,-0.008943219543384682,0.00898146449852478,-0.006492023508503224,1.0,-0.01511334948891266,-0.012727806818973099,-0.031717649695383224,-0.017558040896832806,0.06476924483100806,-0.017770972921882046,-0.008109720251967236,-0.01208506338508893,-0.0122082230022987
37,-0.03429592312045424,-0.02944484356376388,-0.01579249533272168,-0.014377815985978544,-0.038886346225910653,0.07473489108244914,-0.033237787974785084,-0.026904129053416406,-0.004767145407687489,-0.03862783637340843,-0.04347125801436952,-0.03168260040331444,-0.011963231790636375,-0.01344622804898335,-0.013233303942205834,-0.0339265119951137,-0.03253375538049963,0.02418005482740816,-0.03991066132283254,-0.060995036665589315,0.0672344088100846,-0.0458426140623389,-0.04085495668881202,-0.01483597915980791,-0.01211193765657639,0.012945711583347216,0.008253373362412792,-0.01715552558190001,0.024430092017687303,-0.04022091560048478,0.004906913664218729,0.0005027957453423847,-0.03714259816125795,0.008450788556558429,0.045629201296767605,-0.0135972365305299,-0.01511334948891266,1.0,-0.01616273256631235,-0.025993734975138183,-0.02264393959631371,-0.018737374528544005,-0.022347138193286792,-0.008550021077911031,0.10663766193316837,-0.015230802897998197
38,-0.023074931762200015,-0.023965965903819282,-0.01309617654468153,-0.011639172430804933,-0.031681940825766135,-0.013550035359152328,-0.027842110139137982,-0.022527591243758468,-0.007802192889574187,-0.030465497168352056,-0.02131019012492231,-0.025678814028983418,-0.023022571677979033,-0.011049829374652553,-0.02437248324305788,0.005664863758765003,-0.026525515085943856,-0.005293542443407936,-0.029979616039347803,-0.0024079316011493563,0.018222191263060676,-0.036725436324822974,-0.033900637223494595,0.003744196619652339,-0.007504715344514994,-0.016719425987066272,-0.004153312405407951,0.19942799731032212,-0.007237939616980371,-0.030096951845902963,0.03708938469070783,-0.006566421239008805,-0.02877858286218482,-0.003072314194233053,-0.03176337484032022,-0.011494350123955478,-0.012727806818973099,-0.01616273256631235,1.0,0.0023808726303430386,-0.018978800846457144,-0.017283517293821084,-0.018420978703729496,-0.009661125139004394,-0.004771744912736853,-0.012713296354541218
39,0.025324627982973472,0.04356976988122995,-0.01568938311222668,-0.029150786035177154,-0.07826740019108738,-0.03504170162632023,-0.08316275968064732,0.11509360753264822,-0.014917968369593755,-0.043794647965180115,0.023531468231039757,-0.01320906876275648,-0.048247563594113474,-0.0007852256862307611,-0.007059734893147124,0.1263744911281619,-0.06947383490604318,-0.0025905755828418563,-0.06565308000754319,0.0201015943099335,-0.03472349861298395,-0.07894964897535549,-0.07710277728266779,0.032552237859517615,0.00042735784887911344,-0.03760222254200794,0.24005837902755903,0.05797536488710188,-0.00864498907700608,-0.04923790009956479,0.028305139830088935,-0.0216955727800413,0.0017841454894790313,-0.022438869322234847,-0.06590681936054187,0.006613650153239969,-0.031717649695383224,-0.025993734975138183,0.0023808726303430386,1.0,0.0015135884907657613,-0.03413484162924481,-0.03586540691267345,-0.03444853756841696,-0.0398682368917237,0.0414518509836176
40,0.021682313982953744,0.0012159396824384964,-0.007642740661372342,-0.015834187166217602,-0.025110869995729177,-0.02355949740915807,-0.06137266044263841,-0.020721208172079952,-0.012578211095209343,-0.04354911499299015,-0.04751023571153697,0.054537710593533587,-0.03271409673984825,0.00991267584161909,0.057945925151162064,-0.023896079130540433,-0.038966539850728794,-0.035072507169439736,0.01041174974506769,0.09528772052517517,-0.024507265955857154,-0.03847700385880553,-0.020905477739404835,-0.014482795503466662,-0.012520928451134117,-0.021978252917849828,-0.017550077423736772,-0.02816167909379821,-0.012047931069392979,0.03648796243495314,-0.029492469552640038,-0.023740554907603413,0.029552638676234165,-0.014025805812318517,-0.045189464698026684,-0.014852887149076469,-0.017558040896832806,-0.02264393959631371,-0.018978800846457144,0.0015135884907657613,1.0,-0.019472197655828773,0.028610879200161504,-0.024019550060224167,-0.023861510788681747,-0.00811767480444431
