,0,1,2,3,4,5,6,7,8,9,10,11,12,13,14,15,16,17,18,19,20,21,22,23,24,25,26,27,28,29,30,31,32,33,34,35,36,37,38,39,40,41,42,43,44,45,46,47,48,49,50,51
0,1.0,-0.02154429019545713,-0.010712468248140677,-0.01654122903199493,-0.02083184706561006,0.00010340453705981771,-0.03895999739454534,0.030406852857129612,-0.008253531700057553,-0.04066490849944149,0.006753631929341237,0.04836614163179223,0.06385372921018317,0.056744397137818564,0.04962184237138503,-0.028306245002168065,-0.038660130043188606,-0.009375812985120253,-0.02387399949035373,0.045943033192316934,-0.015777883966536135,-0.005742412031182042,-0.03837501672869069,-0.007460413243960253,-0.01479922783284271,0.0010827620937615373,-0.016724203560850755,-0.007019751107475509,-0.011056291473236803,0.006758960300801279,0.017598754884062866,-0.02172361686754118,-0.008206243337811439,-0.011896282899872171,0.05123017323277652,0.020188179744528727,-0.0018327474208020356,-0.013728499570597085,-0.011393587850679326,-0.008258876965651599,-0.008298654075497423,0.10810180243514962,-0.021751902334516664,-0.00258846285431949,-0.01487908887897307,-0.014125822684331185,-0.04238452445859177,-0.015921520619693954,-0.020041467908427535,-0.0069951232549552,-0.0046956369264043295,-0.01725758816812862
1,-0.02154429019545713,1.0,-0.02385975183219655,-0.03077470092925087,-0.041546377868287715,-0.011088555807488513,0.05987467222689115,-0.02412345443245107,-0.010725675723363089,-0.01321468226167655,-0.01944855701625402,-0.026922112056203165,-0.028878824108090246,-0.052920078227850186,-0.032939073041401826,-0.029999993168170924,-0.033981258717646096,0.0027249246298498976,-0.03989156923891752,-0.0318468305623663,-0.019683028948086642,-0.04726725890411076,-0.03476963775476061,-0.011111254116781924,-0.01315691684674896,-0.01917594419793801,-0.01244347179702146,0.013793986908915094,-0.010131293625370727,-0.03837811499769915,-0.02505201422832392,0.041646509061206274,-0.027677171249831354,-0.006674693807825871,-0.00808262625660697,-0.012701919542215275,-0.0056407409236941975,-0.013854048754012662,-0.009508187998936445,-0.012694014164899268,-0.021540773679474767,-0.017184940582917373,-0.021011121388567512,0.07131310559199283,0.020963088636698282,-0.013606768679733074,-0.039923965825797283,-0.015136937456460402,-0.03200877412627891,-0.0060537217779208785,-0.011073103944202366,-0.013536090519828965
2,-0.010712468248140677,-0.02385975183219655,1.0,0.0381391496551427,-0.0355809897468175,-0.025154928335506553,-0.0566328260759679,-0.023368577737107772,-0.012961345073431024,-0.04672553794531793,-0.011934874010634098,-0.025682746330932933,-0.03369639065088605,0.08007862093676074,-0.0011427089690572052,-0.024669191415731265,-0.041499588719415115,-0.03476080219813273,0.07668509005509933,0.05123033090831835,-0.02585130976267668,0.017325045098188743,-0.026211921607179407,-0.009802221674994954,-0.007742687224837023,-0.023576741862350578,-0.01883166088766927,-0.029909432137693526,-0.012633411508663438,0.1040671183263451,-0.024794801438355937,-0.02539645208433126,-0.012152141447587906,-0.014063338344974948,-0.04645744301058691,-0.0159010855074436,-0.01762409182894181,-0.02396254097875599,-0.01899459516656244,-0.006930544445038921,0.0707537160139439,-0.0210120385586264,0.15973350558845203,-0.03397840791596619,-0.02484936652106223,-0.011357533100161119,-0.04872023941707184,0.17817101017193487,-0.03286821949968419,-0.007280606060894616,-0.010933761113254857,-0.013104922812959614
3,-0.01654122903199493,-0.03077470092925087,0.0381391496551427,1.0,-0.05277960352028542,-0.03225995114417952,-0.041246304877053636,-0.018618752389839698,-0.016745328878490777,-0.02779047998233694,0.011553293137064376,-0.01803085826905973,-0.03512791861796385,0.032402297047874784,0.048373436934722513,-0.03994273070978664,-0.05139269479685516,-0.03172745973170579,-0.009640890480777538,0.07004824621584291,-0.03264087282911898,-0.05689550416631717,-0.013953012408904073,-0.0194149756228121,0.022006296261414014,-0.03060480373567294,-0.011132153464027976,-0.037301994121627984,-0.01633151392987204,-0.010073282227212203,-0.02363154739639334,-0.030304705544951155,0.059418596224962435,-0.01842485231904441,-0.051702924483156915,-0.01483813547436069,-0.004004324284595179,-0.0310500544067878,-0.02508243536138606,0.022710040319617673,0.05500964276554253,-0.026149100552740643,-0.00511918813191483,-0.0448443198083389,-0.03221187304308414,-0.01928248485152604,-0.06172334643434005,-0.014518100228899957,-0.011838192794146577,-0.009798093094432398,-0.015737895211453738,-0.02012081854575276
4,-0.02083184706561006,-0.041546377868287715,-0.0355809897468175,-0.05277960352028542,1.0,-0.039476015208745927,-0.009890099074199486,-0.05543475553901696,-0.021147884721444344,-0.08266678712779335,-0.054574123716901776,-0.06453531025101186,0.0904067771193968,-0.033471352482975794,-0.03029749481209124,-0.07223731091332516,-0.07305595011365026,-0.031759020282852005,0.16087839796499032,-0.06924839747100822,-0.04284742129226457,0.36664747967237854,0.17024601141663198,-0.031441106117239374,-0.004036679909892191,-0.04057389471866189,-0.033000291987453696,-0.04721141691362393,-0.021587748023775714,0.08490380508538001,-0.02303455823005766,-0.043962556475855175,-0.03535792523609194,-0.02457870102326526,0.1683190913731325,-0.024795368450378323,-0.020492151113770774,-0.03874848495184294,-0.031155256694628895,-0.010395276192470259,-0.024582071956930802,-0.0116840636097713,-0.026846386710177424,-0.021100707976704134,-0.03406871679557081,-0.028994176211934848,-0.09240107390325869,-0.029280360243646768,-0.07618337846454236,-0.012674582083644073,0.03684983373583899,0.06362376226644989
5,0.00010340453705981771,-0.011088555807488513,-0.025154928335506553,-0.03225995114417952,-0.039476015208745927,1.0,-0.04478167834024671,-0.027625033466623584,0.014921340705666902,-0.04056267111062806,-0.029641908473120118,-0.04121600428575089,-0.02222836991534688,-0.04746926586300833,-0.0244303273928954,-0.028316647632685002,-0.03508886125131917,0.1457313652367437,-0.04032317034527649,-0.03554327231227355,0.02776099286759398,-0.04497826599086707,-0.04258394179303394,-0.013919726450345227,-0.013637889913403159,-0.01790547073687787,-0.0006686286457568582,0.023967231218341645,0.07884516227169289,-0.03957092086362994,0.10183739261501301,-0.013364674405861077,-0.03920784866327789,0.01927010754390441,0.09801844687186254,-0.014148656454274502,-0.016051517828094053,0.07500554783102781,-0.013265624610736179,-0.013043949801135855,-0.023363328745833526,-0.018676758842287852,-0.023087820341676384,-0.010069609848832874,0.13450605199282994,-0.014241459508193038,-0.04198566317315992,-0.016202355599732907,-0.03365627811443449,-0.005578479075408479,-0.012260486445029996,-0.015059572460225863
6,-0.03895999739454534,0.05987467222689115,-0.0566328260759679,-0.041246304877053636,-0.009890099074199486,-0.04478167834024671,1.0,-0.049201139387701556,-0.028950380746607378,-0.08194194142186981,-0.05191964208242704,-0.010929032666364438,-0.05606318045342778,-0.08245405119984497,-0.056288415453001804,-0.08694531029124192,-0.08999048356867285,-0.003184877470617947,-0.03406306176932048,-0.07980574971349855,-0.05588400532745018,-0.018748684737894906,-0.004730223776161381,-0.035800052220754434,-0.0258987581532379,0.04761412244883631,-0.027444635448388915,0.007635905279792442,-0.027326946617101243,-0.057872329024888994,-0.061462600549821396,-0.002317802125481335,0.01622490052673379,-0.01180433975365729,0.011015944205071721,0.06557399089227108,0.051196814134956845,-0.03871891364638347,-0.025275599147360897,-0.019784186338732634,-0.05715872487297782,-0.005573018061429616,-0.05883394287424509,0.028595798591480297,0.0023263963295152793,-0.03629548651478087,-0.11339823496568491,-0.041123551378922145,-0.08216622215747066,-0.015934529657298864,-0.007092198396048426,0.012103677891925443
7,0.030406852857129612,-0.02412345443245107,-0.023368577737107772,-0.018618752389839698,-0.05543475553901696,-0.027625033466623584,-0.049201139387701556,1.0,-0.014852405236059643,0.07449561710635275,0.04066789792880951,0.24490998072833525,-0.038406544826662815,-0.05491054248765698,-0.03262638709505198,-0.0028510275679364157,-0.03678580521624774,-0.022706288871940285,-0.05020566898360433,-0.014472751936884104,-0.02879161202292925,-0.06239960962059494,-0.04850741595042635,0.008281855608561949,-0.014556070512423708,-0.025746713713146675,0.011380962094093915,-0.032968740742345196,-0.013718641276898574,-0.048761447353741036,-0.02805629229815821,-0.02664528966704526,-0.0015096563383620613,-0.015314138620050733,-0.05310295673531262,0.06558111940246561,-0.020811487673892473,-0.025763472559783868,-0.021601152108615185,-0.013286827580177175,-0.02004411342204073,-0.023803364648809163,-0.02715570942746491,-0.035335752122098246,-0.028535867465114093,0.00872623903294405,0.11541093829449502,-0.02002623290955277,0.10149285755525592,-0.00825631545203049,-0.013797992375946573,-0.018787240422098207
8,-0.008253531700057553,-0.010725675723363089,-0.012961345073431024,-0.016745328878490777,-0.021147884721444344,0.014921340705666902,-0.028950380746607378,-0.014852405236059643,1.0,-0.022017569705283242,-0.01518710146630385,-0.021780338987258435,-0.01418457666814877,-0.011952170799962487,-0.004610940090597822,-0.018743875105802173,-0.01940644412198978,-0.0045830427127146025,-0.017575210450593973,-0.018026088761904993,0.10076052238559502,-0.022051391432140008,-0.021897501298778304,-0.008256281882810823,-0.00731733259218802,-0.010772034008766442,-0.007243967181314041,-0.00972658643826095,-0.0018069977353699907,-0.013016168573753336,0.026700352275583147,-0.0092452388685179,-0.019641437769890573,-0.006322508997370815,-0.008839561368765526,-0.007395404453165466,-0.008843884821895374,-0.0043142307905167845,-0.007664441387141726,-0.007112296911434633,-0.012327244074225844,-0.010359157213025013,-0.010415315029989027,-0.014617461430463,0.0009711208313268175,-0.007556482756682777,-0.02429618251605989,-0.0046880537593846664,-0.014472215675560852,-0.003394056090079893,-0.005381925209872096,-0.008026878525901532
9,-0.04066490849944149,-0.01321468226167655,-0.04672553794531793,-0.02779047998233694,-0.08266678712779335,-0.04056267111062806,-0.08194194142186981,0.07449561710635275,-0.022017569705283242,1.0,-0.016952601728272385,0.10357691447564973,-0.057741804877624585,-0.1113861018867934,-0.06733137631908878,-0.022201533354323434,0.1691111927440694,-0.04532532197354423,-0.08094812919160088,-0.06166163954283495,-0.04282308792684635,-0.09911471782942524,-0.07890581282894318,-0.020771361291722662,-0.02572397043498286,-0.03842041228128843,0.1913862489721415,-0.030941695076937177,-0.020270336805048007,-0.07855448452912606,-0.048536800982549505,-0.028131286698096624,-0.05969012086732205,-0.022572185057557176,-0.07920823166178623,-0.025069910251569162,-0.031051658853721725,-0.0382774517863493,-0.02998893707591112,-0.02492296140048854,-0.04332035269095208,-0.037286431763043026,-0.043075531741572734,-0.04673208354322674,-0.038987622349670514,-0.0033821101729088537,0.10584006941061724,-0.0305528572643905,-0.047393550124009,-0.00844722891443486,-0.02219134883614366,-0.02843726959143104
10,0.006753631929341237,-0.01944855701625402,-0.011934874010634098,0.011553293137064376,-0.054574123716901776,-0.029641908473120118,-0.05191964208242704,0.04066789792880951,-0.01518710146630385,-0.016952601728272385,1.0,0.05433068156065416,-0.04005443417453836,-0.014260723637512096,-0.01418739155332649,-0.023445422374189565,-0.017252560424831902,-0.031494014170500836,-0.0474002539263052,-0.011903801959654023,-0.03065175401452263,-0.04099775658162437,-0.04703746288926709,0.053361458512035734,-0.011107220289578439,-0.02773160671506071,-0.012518281583866295,-0.026420780245841498,-0.014671537947062042,-0.04077625740354197,-0.012319015632692163,-0.02502497548146345,0.02099664212607051,-0.015632145211536587,-0.05238689237442633,-0.01245383495819661,-0.02105886999069507,-0.027227000392618946,-0.022186177196232677,-0.003618248575101751,0.002609684782653971,-0.024552968361222373,-0.023055723777780045,-0.037127252508298764,-0.02782378589614845,-0.008576704948925743,0.11074387860976113,-0.018176928323408746,0.04041245640333281,-0.008859464260046504,-0.012948358847056564,-0.020099885512420333
11,0.04836614163179223,-0.026922112056203165,-0.025682746330932933,-0.01803085826905973,-0.06453531025101186,-0.04121600428575089,-0.010929032666364438,0.24490998072833525,-0.021780338987258435,0.10357691447564973,0.05433068156065416,1.0,-0.04835460399762239,-0.042554789160082734,-0.021720050664552785,-0.02481081022871195,-0.04893771988085395,-0.022385572334445412,-0.062161021038296266,-0.007950551319162398,-0.04229299767351434,-0.08048026227861642,-0.06354694383939821,0.007954158124883641,-0.022785516796900447,-0.03249155696862995,0.006640721364523173,-0.0380718046663492,-0.020814050288981777,-0.050553986350095004,-0.0376749721864959,-0.02729303974136775,0.021150772653711868,-0.02123142018298619,-0.05926998895128009,0.0767806119655225,-0.02529304544992461,-0.03742382660487412,-0.029383870086209074,-0.012871383560020388,-0.024646406223592734,-0.024361976689109513,-0.03368145972522973,-0.035886295044792106,-0.03828129481973749,0.046094319102545356,-0.04695446414649998,-0.02329787568635164,0.08613708771285514,-0.01283075265363911,-0.007973942046906013,-0.0271683647016792
12,0.06385372921018317,-0.028878824108090246,-0.03369639065088605,-0.03512791861796385,0.0904067771193968,-0.02222836991534688,-0.05606318045342778,-0.038406544826662815,-0.01418457666814877,-0.057741804877624585,-0.04005443417453836,-0.04835460399762239,1.0,-0.03663514273635257,0.07482795902014394,-0.050251247235859775,-0.05068761683466534,-0.027984155059011563,-0.021590440932145107,-0.04917974391257029,-0.02494226060148165,0.07691656629270888,-0.03609209812667944,-0.021564907699806242,-0.01720163077423638,-0.015071598036753203,-0.022522486794132573,-0.034260299621617,-0.014543588593945075,-0.04050956915813926,-0.022302303822150323,-0.028801895763805853,-0.030685833110829973,-0.016177251579301485,0.3386653815803522,-0.014682402866618396,-0.01104984594481654,-0.013060279838877737,-0.022435777548143722,-0.012359872008446817,-0.03223753091366317,0.08928743284514057,-0.03213854529955165,0.016621068374171096,-0.020132852841204873,-0.02027978866351595,-0.06389050133503082,-0.022186549587615283,-0.04647338249897346,-0.008802654330709222,0.06572385869595045,-0.007952228445883619
13,0.056744397137818564,-0.052920078227850186,0.08007862093676074,0.032402297047874784,-0.033471352482975794,-0.04746926586300833,-0.08245405119984497,-0.05491054248765698,-0.011952170799962487,-0.1113861018867934,-0.014260723637512096,-0.042554789160082734,-0.03663514273635257,1.0,0.10287013757520155,-0.03636803669313558,-0.09839266689371153,-0.03346289581138308,0.05979647496027456,0.20415152081834192,-0.05355029211655932,0.023305379561755747,-0.031365579191492285,-0.02361719533630471,0.06291493525116078,-0.058633361880511096,-0.04284445271562959,-0.009747057769658753,-0.030895707868630766,0.1961089721994043,-0.007001608924812035,-0.06122848497645292,0.045232881592135205,-0.03325204536593322,-0.08873920043797102,-0.028570149075089975,-0.03894752810688286,-0.0590230577687996,-0.00040424542007342886,0.0216500786007996,0.09279733282612218,-0.05019683770632585,0.0683119717017056,-0.0701674761359257,-0.0583782476386647,-0.03113453937806595,-0.11321570689239213,0.03427257836821497,0.023415731509414006,-0.015038170887053353,0.016156690144735367,-0.031615076668717726
14,0.04962184237138503,-0.032939073041401826,-0.0011427089690572052,0.048373436934722513,-0.03029749481209124,-0.0244303273928954,-0.056288415453001804,-0.03262638709505198,-0.004610940090597822,-0.06733137631908878,-0.01418739155332649,-0.021720050664552785,0.07482795902014394,0.10287013757520155,1.0,-0.039476603022323184,-0.05951738484765541,-0.02883423454960043,-0.01422233791277028,0.08905222621475288,-0.03265291323013322,-0.0289296355516342,-0.032898842028960755,-0.018873173441263085,0.13673829752978958,-0.03332676270294184,-0.016564023295349364,-0.020160587911407762,-0.017910938824598793,-0.006390519815050622,-0.01968455307669757,-0.03618960805679075,0.0018814195060589314,-0.019966563341754003,0.019802897798530478,-0.019577037253409924,-0.023588056171216974,-0.013002764824971714,-0.023953192620805374,5.3034551353373094e-05,0.05884220798705287,-0.0135580852762343,-0.010117504833215916,-0.03036113228329903,-0.03161201105986687,-0.02288465535463129,-0.06965712912422561,-0.0018159165329360823,-0.006243451006741875,-0.010544054969610361,-0.010893349262374338,-0.01977449830739331
15,-0.028306245002168065,-0.029999993168170924,-0.024669191415731265,-0.03994273070978664,-0.07223731091332516,-0.028316647632685002,-0.08694531029124192,-0.0028510275679364157,-0.018743875105802173,-0.022201533354323434,-0.023445422374189565,-0.02481081022871195,-0.050251247235859775,-0.03636803669313558,-0.039476603022323184,1.0,-0.04756310454585889,-0.038920974464177596,-0.06849100272549011,0.03351780554265067,-0.031132070936708153,-0.08418558086914041,-0.0706446842874658,0.025844073923564657,-0.021188652192650374,-0.03366129711425677,0.0016365578148104076,-0.0039674396996629965,-0.017558697931178396,-0.06534033038145536,0.0028802367740997275,-0.0316774306071203,-0.05362317868146442,-0.01975988651503007,-0.0710620247161246,-0.023116006611951817,-0.027238885180326168,-0.034060401999246676,0.00549303852130899,-0.021156678184969215,-0.02358974305684093,-0.032782688383395375,-0.03064070237459088,-0.015416078063230254,-0.0359753109951248,0.24984816380417296,0.046802296987832774,-0.025688634329873034,0.131889867344007,-0.010122836195444952,-0.020650170767513,-0.024834778895568302
16,-0.038660130043188606,-0.033981258717646096,-0.041499588719415115,-0.05139269479685516,-0.07305595011365026,-0.03508886125131917,-0.08999048356867285,-0.03678580521624774,-0.01940644412198978,0.1691111927440694,-0.017252560424831902,-0.04893771988085395,-0.05068761683466534,-0.09839266689371153,-0.05951738484765541,-0.04756310454585889,1.0,-0.05144740428490442,-0.07074652326443018,-0.058730991311019616,-0.036966155821431305,-0.0876346823122324,-0.06943590168740779,-0.02488541326065486,-0.022419451612230974,-0.03388251761269738,-0.025296903357461063,-0.04285028101490525,-0.01784299087251311,-0.06917903629233467,-0.04047702526094949,-0.03636394741084927,-0.06773909301385485,-0.020250120456116454,-0.07204699351321384,-0.023864368618703807,-0.027389174332217665,-0.03197750536818358,-0.028338722407363154,-0.022197316807801515,-0.03859163329488011,-0.03272708686058512,-0.03819510143963886,-0.05337377259071438,-0.03557844603956955,-0.022679260643601942,0.26170959201547944,-0.026477156224072994,-0.06790311059256915,0.03655978059720915,-0.020652884327515546,-0.025227763385775516
17,-0.009375812985120253,0.0027249246298498976,-0.03476080219813273,-0.03172745973170579,-0.031759020282852005,0.1457313652367437,-0.003184877470617947,-0.022706288871940285,-0.0045830427127146025,-0.04532532197354423,-0.031494014170500836,-0.022385572334445412,-0.027984155059011563,-0.03346289581138308,-0.02883423454960043,-0.038920974464177596,-0.05144740428490442,1.0,-0.04844524694682702,-0.0452804587441764,0.07708531211567055,-0.05605238122133842,-0.05719676845712755,-0.012545521976976361,-0.019712454718784175,0.1550312999756878,-0.01185896196334122,0.06484659547371491,-0.0022325720863100498,-0.048722015689506265,0.05345314140768211,0.049458913968476584,-0.03444588539547919,-0.009028573910263581,0.01480959070239636,-0.018467751097952217,-0.01760605551418998,0.022603147954198682,-0.004587526410753542,-0.016608293416147127,-0.0338954442278808,-0.020226518637095545,-0.0335295168666864,0.07445357460856553,0.022200273604415288,-0.01970259234187457,-0.06052952545437336,-0.023576323032628698,-0.0010946874032673358,-0.008838324090055633,-0.011046860252192939,-0.0216657194268838
18,-0.02387399949035373,-0.03989156923891752,0.07668509005509933,-0.009640890480777538,0.16087839796499032,-0.04032317034527649,-0.03406306176932048,-0.05020566898360433,-0.017575210450593973,-0.08094812919160088,-0.0474002539263052,-0.062161021038296266,-0.021590440932145107,0.05979647496027456,-0.01422233791277028,-0.06849100272549011,-0.07074652326443018,-0.04844524694682702,1.0,-0.03588056255030833,-0.041367794132883925,0.2523715366051396,0.07088522634056288,-0.03008949898752561,0.05292279773713448,-0.03958307197975186,-0.03196803259694182,-0.042569248425378625,-0.021175610728494717,0.13016956331973994,-0.034943113620650945,-0.04105801266764224,-0.017908763048991756,-0.021695738093104162,0.041333259066924026,0.010829850201153488,-0.01351466484439875,-0.0395603979248523,-0.02950708450593865,0.00025636137405405,0.009896258621213872,0.01929420169137549,0.11919225485426235,-0.03547167619123049,-0.040923332798132955,-0.027652478916299073,-0.0886516235856154,0.028790289140275906,-0.06348037788846114,-0.011898895666155488,-0.005537376027192448,0.013118280338508969
19,0.045943033192316934,-0.0318468305623663,0.05123033090831835,0.07004824621584291,-0.06924839747100822,-0.03554327231227355,-0.07980574971349855,-0.014472751936884104,-0.018026088761904993,-0.06166163954283495,-0.011903801959654023,-0.007950551319162398,-0.04917974391257029,0.20415152081834192,0.08905222621475288,0.03351780554265067,-0.058730991311019616,-0.0452804587441764,-0.03588056255030833,1.0,-0.03681144554387736,-0.07512643473409736,-0.06141395926423871,-0.0001261205081009853,-0.0012182275071994353,-0.03329063324157824,-0.025314950518377018,-0.04107705075836085,-0.01771338822478454,0.022656501430585545,-0.034093258771458336,-0.035996337891984004,-0.016127558590745505,-0.019349129589869705,-0.06956687938791638,-0.012928634722398923,-0.02641992847330044,-0.03388261980243626,-0.022859469628375567,-0.015976636976243713,0.02175760985803293,-0.03165895916802564,0.03886154297574186,-0.04452605340967973,-0.036331839345195543,-0.013426875423640617,-0.06772466366436285,0.005808565658666932,0.025538883514237713,-0.01047239090995212,-0.0195571149117093,-0.02443877470379363
20,-0.015777883966536135,-0.019683028948086642,-0.02585130976267668,-0.03264087282911898,-0.04284742129226457,0.02776099286759398,-0.05588400532745018,-0.02879161202292925,0.10076052238559502,-0.04282308792684635,-0.03065175401452263,-0.04229299767351434,-0.02494226060148165,-0.05355029211655932,-0.03265291323013322,-0.031132070936708153,-0.036966155821431305,0.07708531211567055,-0.041367794132883925,-0.03681144554387736,1.0,-0.04912813255305418,-0.0445544723577939,-0.016096833347212246,-0.01407940706528443,-0.007000393213138429,-0.013844479430249275,0.011212977944001746,0.004445951187457843,-0.0400760649931775,0.027051702090815893,-0.012726595879702138,-0.04290998587042448,-0.011829404784278609,-0.025991306899287754,-0.014149172374172753,-0.01667507668700506,0.06742640552956612,0.01874183628160962,-0.01382113470341096,-0.024139127072164597,-0.01867010767219132,-0.023844936120017604,-0.008890341655378461,0.1689720571235191,-0.014989395661886838,-0.047426413922903,-0.016892396450712055,-0.033164849737808325,-0.006521149406000161,-0.009258182201777772,-0.015317995933812485
21,-0.005742412031182042,-0.04726725890411076,0.017325045098188743,-0.05689550416631717,0.36664747967237854,-0.04497826599086707,-0.018748684737894906,-0.06239960962059494,-0.022051391432140008,-0.09911471782942524,-0.04099775658162437,-0.08048026227861642,0.07691656629270888,0.023305379561755747,-0.0289296355516342,-0.08418558086914041,-0.0876346823122324,-0.05605238122133842,0.2523715366051396,-0.07512643473409736,-0.04912813255305418,1.0,0.10512079486212465,-0.036808519057406626,-0.027300998013218204,-0.04657509030466646,-0.03960927316257301,-0.05643219810673826,-0.02602237798756961,0.18984063126796444,0.004742310989341025,-0.05150741392263663,-0.021552489217731362,-0.025272224389792437,0.11635130024343683,-0.010834380982487325,-0.022794438211248127,-0.04623054786279036,-0.03616245862790922,-0.015735151185020488,-0.03853036560502167,0.022067127721410847,0.005764459935118432,0.005767572422117909,-0.04351462649414463,-0.0346264657077312,-0.1087675967768692,0.006912018003412871,-0.07631116058428228,-0.015090103249035654,0.051572222872039206,0.0940952981216822
22,-0.03837501672869069,-0.03476963775476061,-0.026211921607179407,-0.013953012408904073,0.17024601141663198,-0.04258394179303394,-0.004730223776161381,-0.04850741595042635,-0.021897501298778304,-0.07890581282894318,-0.04703746288926709,-0.06354694383939821,-0.03609209812667944,-0.031365579191492285,-0.032898842028960755,-0.0706446842874658,-0.06943590168740779,-0.05719676845712755,0.07088522634056288,-0.06141395926423871,-0.0445544723577939,0.10512079486212465,1.0,-0.03054831960039208,0.023022340757670085,-0.040238814959385166,-0.03227375033690795,-0.05042912702756057,-0.021649424919860667,0.04516996390359866,-0.05748961369269388,-0.042209984185776254,-0.042719564167729776,-0.02285931290815378,0.0074691992579266776,0.02220923530987047,-0.0006224500591329798,-0.04056030579964566,-0.03337014906605412,0.01293942164588215,-0.020437955838023547,0.030898137393023592,-0.036629293231379804,-0.03476991071233497,-0.04036383564068828,-0.028553960222790914,-0.0904762924152485,-0.02670717480672245,-0.07495157370901374,-0.012753932026404343,-0.0031837376466251326,0.05095965867844282
23,-0.007460413243960253,-0.011111254116781924,-0.009802221674994954,-0.0194149756228121,-0.031441106117239374,-0.013919726450345227,-0.035800052220754434,0.008281855608561949,-0.008256281882810823,-0.020771361291722662,0.053361458512035734,0.007954158124883641,-0.021564907699806242,-0.02361719533630471,-0.018873173441263085,0.025844073923564657,-0.02488541326065486,-0.012545521976976361,-0.03008949898752561,-0.0001261205081009853,-0.016096833347212246,-0.036808519057406626,-0.03054831960039208,1.0,-0.005969808672726042,-0.014517963006285528,-0.010889012828316984,-0.015156818843042322,-0.007708077725741346,-0.02905211496264877,-0.004177239077800865,-0.015237488885387947,0.002134137371714558,-0.0070054717077672034,-0.030378551966012565,-0.009525022636205823,-0.011708455843085016,-0.014618986303646083,0.003518318672267719,-0.008200635722544683,-0.01434228897386696,-0.013463524807345487,-0.014477281432032094,-0.008672239341244416,-0.01583795939044412,0.011179449691513554,0.005633663667589214,-0.010518499866538853,0.032182567887239125,-0.004597503922015675,-0.008254318582596894,-0.010707592034403258
24,-0.01479922783284271,-0.01315691684674896,-0.007742687224837023,0.022006296261414014,-0.004036679909892191,-0.013637889913403159,-0.0258987581532379,-0.014556070512423708,-0.00731733259218802,-0.02572397043498286,-0.011107220289578439,-0.022785516796900447,-0.01720163077423638,0.06291493525116078,0.13673829752978958,-0.021188652192650374,-0.022419451612230974,-0.019712454718784175,0.05292279773713448,-0.0012182275071994353,-0.01407940706528443,-0.027300998013218204,0.023022340757670085,-0.005969808672726042,1.0,-0.012719782146337871,-0.010210489855745648,-0.01639940576204269,-0.006772413384560496,0.030763301353815546,-0.015385556445818101,-0.0137786948841725,0.0038116694183795994,-0.007517673032655391,-0.01374981975766367,-0.008815580101166454,-0.009164353710118506,-0.012901642825698816,-0.010546107301951334,0.036539361884459526,0.011782625987440955,-0.011095100608668914,-0.004986062746541305,-0.019679925475286148,-0.013873611316710737,-0.00895860699946221,-0.027738810159799284,-0.009010692362294702,0.0008637409034960792,-0.004004831346086902,-0.007595920063518143,-0.007418781909886806
25,0.0010827620937615373,-0.01917594419793801,-0.023576741862350578,-0.03060480373567294,-0.04057389471866189,-0.01790547073687787,0.04761412244883631,-0.025746713713146675,-0.010772034008766442,-0.03842041228128843,-0.02773160671506071,-0.03249155696862995,-0.015071598036753203,-0.058633361880511096,-0.03332676270294184,-0.03366129711425677,-0.03388251761269738,0.1550312999756878,-0.03958307197975186,-0.03329063324157824,-0.007000393213138429,-0.04657509030466646,-0.040238814959385166,-0.014517963006285528,-0.012719782146337871,1.0,-0.015188759669592194,-0.023613048495787214,-0.009879668741723868,-0.038750587886499516,-0.02436773694320727,0.009850971115637382,-0.033960540572267175,-0.009817523208513411,0.012090821375018011,-0.010707146590945717,-0.004581543207888171,0.012682801545165216,-0.016509989266797503,-0.011894975966538442,-0.02184428103920004,0.03229161926796879,-0.02158373907340699,0.023760100351496734,-0.010684561027510607,-0.01357283512615,-0.042695039491290554,-0.015235688461440005,-0.036843108473308704,-0.006086575407322672,-0.01163221174927049,-0.013984739050315683
26,-0.016724203560850755,-0.01244347179702146,-0.01883166088766927,-0.011132153464027976,-0.033000291987453696,-0.0006686286457568582,-0.027444635448388915,0.011380962094093915,-0.007243967181314041,0.1913862489721415,-0.012518281583866295,0.006640721364523173,-0.022522486794132573,-0.04284445271562959,-0.016564023295349364,0.0016365578148104076,-0.025296903357461063,-0.01185896196334122,-0.03196803259694182,-0.025314950518377018,-0.013844479430249275,-0.03960927316257301,-0.03227375033690795,-0.010889012828316984,-0.010210489855745648,-0.015188759669592194,1.0,0.019927408426814418,-0.005997165415609195,-0.030469309927009545,-0.005619895148927487,-0.008380598149896008,-0.021557996156415436,-0.008608832409775564,-0.025242056461915012,-0.009201692626864995,-0.012348823174637993,0.00847090739747136,-0.0038956789955147332,-0.009653143937705399,-0.017368819043176036,-0.014712255020536956,-0.017319615690054656,-0.018596475910820594,-0.011949134344239472,-0.010091442240628372,-0.02747112213984998,-0.012239118994918294,0.24524463837907268,-0.004812005257656108,-0.00836790213490446,-0.011293751980218978
27,-0.007019751107475509,0.013793986908915094,-0.029909432137693526,-0.037301994121627984,-0.04721141691362393,0.023967231218341645,0.007635905279792442,-0.032968740742345196,-0.00972658643826095,-0.030941695076937177,-0.026420780245841498,-0.0380718046663492,-0.034260299621617,-0.009747057769658753,-0.020160587911407762,-0.0039674396996629965,-0.04285028101490525,0.06484659547371491,-0.042569248425378625,-0.04107705075836085,0.011212977944001746,-0.05643219810673826,-0.05042912702756057,-0.015156818843042322,-0.01639940576204269,-0.023613048495787214,0.019927408426814418,1.0,-0.008878115564530085,-0.045432985684501784,0.051472952215287214,0.005579360501810347,-0.040458635339934754,-0.012161390562842149,-0.04201522582182335,-0.015284259271158463,-0.01846385033081976,-0.016919743908701858,0.19982885564006203,-0.013927308607525226,-0.027890134576416842,-0.023284007879954438,-0.02799855060849635,-0.0012637225911651178,0.053316414049509604,-0.017416884363504376,-0.05360545528186013,-0.019668921544859413,0.060002142882239345,-0.0025134816974141556,-0.013055515432474466,-0.017482037922299652
28,-0.011056291473236803,-0.010131293625370727,-0.012633411508663438,-0.01633151392987204,-0.021587748023775714,0.07884516227169289,-0.027326946617101243,-0.013718641276898574,-0.0018069977353699907,-0.020270336805048007,-0.014671537947062042,-0.020814050288981777,-0.014543588593945075,-0.030895707868630766,-0.017910938824598793,-0.017558697931178396,-0.01784299087251311,-0.0022325720863100498,-0.021175610728494717,-0.01771338822478454,0.004445951187457843,-0.02602237798756961,-0.021649424919860667,-0.007708077725741346,-0.006772413384560496,-0.009879668741723868,-0.005997165415609195,-0.008878115564530085,1.0,-0.02083954536241346,0.008457474091751791,-0.009030634010628813,-0.02081276826553917,-0.0037212754221064735,0.01701665226413881,-0.0070540712617566835,-0.008275668166167406,0.024399597948480924,-0.006880177062978287,-0.006602401858863757,-0.011715221755627279,-0.009755937578269383,-0.01155003472843849,-0.0033115627244591655,0.0014248438159270927,-0.0072604639422601085,-0.02250188115263239,-0.008152706548260573,-0.00785631745474424,-0.0030935296628919304,-0.006372991743408746,-0.007568282043240338
29,0.006758960300801279,-0.03837811499769915,0.1040671183263451,-0.010073282227212203,0.08490380508538001,-0.03957092086362994,-0.057872329024888994,-0.048761447353741036,-0.013016168573753336,-0.07855448452912606,-0.04077625740354197,-0.050553986350095004,-0.04050956915813926,0.1961089721994043,-0.006390519815050622,-0.06534033038145536,-0.06917903629233467,-0.048722015689506265,0.13016956331973994,0.022656501430585545,-0.0400760649931775,0.18984063126796444,0.04516996390359866,-0.02905211496264877,0.030763301353815546,-0.038750587886499516,-0.030469309927009545,-0.045432985684501784,-0.02083954536241346,1.0,-0.02593407847568603,-0.04183344471151033,0.00039405630345977884,-0.022709066174927666,-0.045800742719350154,-0.011447784759184215,-0.026141648491016106,-0.03945044216031853,-0.029273943865745472,-0.0037357908260311533,0.03548001825575682,-0.0319628258625272,0.159932515972929,-0.04034443984612017,-0.040011773734345044,-0.026256052405414843,-0.08647064395804674,0.14482383657420478,-0.046620648576346166,-0.011217126187255264,0.0032177764865151375,9.509447014325375e-05
30,0.017598754884062866,-0.02505201422832392,-0.024794801438355937,-0.02363154739639334,-0.02303455823005766,0.10183739261501301,-0.061462600549821396,-0.02805629229815821,0.026700352275583147,-0.048536800982549505,-0.012319015632692163,-0.0376749721864959,-0.022302303822150323,-0.007001608924812035,-0.01968455307669757,0.0028802367740997275,-0.04047702526094949,0.05345314140768211,-0.034943113620650945,-0.034093258771458336,0.027051702090815893,0.004742310989341025,-0.05748961369269388,-0.004177239077800865,-0.015385556445818101,-0.02436773694320727,-0.005619895148927487,0.051472952215287214,0.008457474091751791,-0.02593407847568603,1.0,-0.016427387988233226,-0.037880358595660434,-0.012605487443692078,0.04647941619710724,-0.019272753303132703,-0.02262271584846101,0.0048651413323928415,0.037302559448337526,-0.008546014156984782,-0.02924711021049629,-0.023820237364809472,-0.02819187534362213,-0.0016990684904385298,-0.000574515621765072,-0.008757276096796645,-0.03837763706850619,-0.0047422999046482246,0.030066406765191463,-0.007653283052319936,0.01370886788951359,-0.020224570566259502
31,-0.02172361686754118,0.041646509061206274,-0.02539645208433126,-0.030304705544951155,-0.043962556475855175,-0.013364674405861077,-0.002317802125481335,-0.02664528966704526,-0.0092452388685179,-0.028131286698096624,-0.02502497548146345,-0.02729303974136775,-0.028801895763805853,-0.06122848497645292,-0.03618960805679075,-0.0316774306071203,-0.03636394741084927,0.049458913968476584,-0.04105801266764224,-0.035996337891984004,-0.012726595879702138,-0.05150741392263663,-0.042209984185776254,-0.015237488885387947,-0.0137786948841725,0.009850971115637382,-0.008380598149896008,0.005579360501810347,-0.009030634010628813,-0.04183344471151033,-0.016427387988233226,1.0,-0.025219243391609525,0.0630614974077085,-0.013538873439172143,-0.013283963100708077,-0.002802586012726843,-0.00015345338945478115,-0.0064359754802180156,-0.013079302078368188,-0.023472598653857292,-0.011639427928537473,-0.02343001279779347,0.03704228849188335,-0.01492067325653627,-0.014600914777352404,-0.044997218829223994,-0.01655631285955542,-0.020679625318470545,-0.00579254351713822,-0.011357759967610702,-0.015168322493826342
32,-0.008206243337811439,-0.027677171249831354,-0.012152141447587906,0.059418596224962435,-0.03535792523609194,-0.03920784866327789,0.01622490052673379,-0.0015096563383620613,-0.019641437769890573,-0.05969012086732205,0.02099664212607051,0.021150772653711868,-0.030685833110829973,0.045232881592135205,0.0018814195060589314,-0.05362317868146442,-0.06773909301385485,-0.03444588539547919,-0.017908763048991756,-0.016127558590745505,-0.04290998587042448,-0.021552489217731362,-0.042719564167729776,0.002134137371714558,0.0038116694183795994,-0.033960540572267175,-0.021557996156415436,-0.040458635339934754,-0.02081276826553917,0.00039405630345977884,-0.037880358595660434,-0.025219243391609525,1.0,-0.02272098540365858,-0.025492182480177185,-0.0011449223040924206,0.007945794278772508,-0.03633379084370479,-0.027770206381605003,0.035793262076963143,0.03086139719566513,-0.02730726034889125,0.01735536702079278,-0.02299045110318188,-0.035722878647081666,-0.017177308571001103,-0.078520283731567,0.06202454330392202,0.0006962449755872639,-0.012679649179064586,0.016174767497632216,0.033120995492744484
33,-0.011896282899872171,-0.006674693807825871,-0.014063338344974948,-0.01842485231904441,-0.02457870102326526,0.01927010754390441,-0.01180433975365729,-0.015314138620050733,-0.006322508997370815,-0.022572185057557176,-0.015632145211536587,-0.02123142018298619,-0.016177251579301485,-0.03325204536593322,-0.019966563341754003,-0.01975988651503007,-0.020250120456116454,-0.009028573910263581,-0.021695738093104162,-0.019349129589869705,-0.011829404784278609,-0.025272224389792437,-0.02285931290815378,-0.0070054717077672034,-0.007517673032655391,-0.009817523208513411,-0.008608832409775564,-0.012161390562842149,-0.0037212754221064735,-0.022709066174927666,-0.012605487443692078,0.0630614974077085,-0.02272098540365858,1.0,0.003763474976487529,-0.007696648017405555,-0.008644043389089872,0.006768413760602405,-0.0028481017983152126,-0.007412009443509195,-0.013182626154383119,-0.009825912130887095,-0.012959460774884213,0.024478916671362018,0.00011066198665101758,-0.008201987368766081,-0.024251844230775477,-0.009223763747084862,-0.021321999772160795,-0.0034694442954142984,-0.007131114973084827,-0.008317176015811271
34,0.05123017323277652,-0.00808262625660697,-0.04645744301058691,-0.051702924483156915,0.1683190913731325,0.09801844687186254,0.011015944205071721,-0.05310295673531262,-0.008839561368765526,-0.07920823166178623,-0.05238689237442633,-0.05926998895128009,0.3386653815803522,-0.08873920043797102,0.019802897798530478,-0.0710620247161246,-0.07204699351321384,0.01480959070239636,0.041333259066924026,-0.06956687938791638,-0.025991306899287754,0.11635130024343683,0.0074691992579266776,-0.030378551966012565,-0.01374981975766367,0.012090821375018011,-0.025242056461915012,-0.04201522582182335,0.01701665226413881,-0.045800742719350154,0.04647941619710724,-0.013538873439172143,-0.025492182480177185,0.003763474976487529,1.0,-0.018856793482504675,0.00961883117474497,0.045473146126201715,-0.03128800156515822,-0.01334587397549473,-0.04491971512510576,0.019837277323906756,-0.04548350700328094,0.019754134721622123,-0.011446479666609274,-0.02860665565299072,-0.09053880731170792,-0.03229278204392062,-0.0642959735943344,-0.012849012990877493,0.02763725434903258,0.011186015379023763
35,0.020188179744528727,-0.012701919542215275,-0.0159010855074436,-0.01483813547436069,-0.024795368450378323,-0.014148656454274502,0.06557399089227108,0.06558111940246561,-0.007395404453165466,-0.025069910251569162,-0.01245383495819661,0.0767806119655225,-0.014682402866618396,-0.028570149075089975,-0.019577037253409924,-0.023116006611951817,-0.023864368618703807,-0.018467751097952217,0.010829850201153488,-0.012928634722398923,-0.014149172374172753,-0.010834380982487325,0.02220923530987047,-0.009525022636205823,-0.008815580101166454,-0.010707146590945717,-0.009201692626864995,-0.015284259271158463,-0.0070540712617566835,-0.011447784759184215,-0.019272753303132703,-0.013283963100708077,-0.0011449223040924206,-0.007696648017405555,-0.018856793482504675,1.0,-0.005650651974973009,-0.012784058432757137,-0.010786439983099883,-0.004707052618476601,-0.014135111562507274,-0.009110882661122512,-0.015022383597171117,-0.017898291356440728,-0.012534047189108105,-0.008507909356569214,-0.029775886604394553,-0.010571055444929327,0.0024396016337001154,-0.004308627489574919,-0.005738985072044107,-0.009059444718659207
