,0,1,2,3,4,5,6,7,8,9,10,11,12,13,14,15,16,17,18,19,20,21,22,23,24,25,26,27,28,29,30,31,32,33,34,35,36,37,38,39,40,41,42,43,44,45,46,47,48,49,50,51,52,53,54,55,56
0,1.0,-0.04894610755294866,-0.03779705091161549,0.04699471256630679,-0.05624383725402343,-0.06938280481239062,0.008024703020254202,0.03500882271820241,-0.037064004201596,-0.0712448373331431,0.08672433096558477,0.10857527482872363,-0.04291750091692613,-0.008211054014376534,0.016245284358924313,-0.08318926018172797,-0.10633306089581587,-0.04744678647077874,-0.023043076377459542,-0.06135383100907076,-0.07101655853488276,-0.06846265798371254,-0.039155967902228854,0.01065623027721931,-0.0087347355463014,-0.05433889081790487,-0.02153545004157694,-0.055303460521820225,-0.03581081046830911,0.015420220188472427,-0.0620105575012957,-0.027461590698301813,0.20424334558336843,-0.03476764391166084,-0.026378850894812268,-0.038542537314763786,-0.027515718164724298,-0.057317456736615854,-0.045510474250917324,-0.07260582462706704,-0.024752825493658332,-0.030260782711994682,-0.028809974029433125,0.013368925817348687,-0.06387935050975242,0.012714413752699069,-0.11671222363110105,-0.01254443308105486,-0.018530636460715854,0.030310176009674734,-0.0032930064438475718,-0.037714235189690054,-0.02283946457553404,0.02936326229586987,0.03226797115691572,0.042648668903284684,-0.03250024204924188
1,-0.04894610755294866,1.0,-0.023138405014698913,-0.02900030949694036,-0.04077083853404195,-0.010814377854872853,0.04017230991407987,-0.023692856332894523,-0.009824600419995022,-0.012668912757049462,-0.01681971173601999,-0.026915366101641088,-0.0283621584308028,-0.03123184542226139,-0.032687559938667926,-0.030500123362858254,-0.03339825159389588,0.002634558665451572,-0.03913442523817264,-0.0318937622895608,-0.01930938947201582,-0.046773769349816356,-0.03426804897998146,-0.011867472279904121,-0.012631882737582936,-0.018759458995765768,-0.01222319274768735,0.013939100958364904,-0.009977991891170226,-0.037307232210263885,-0.0250760869541408,0.04201277404951653,-0.0244505338727313,-0.006728076393811246,-0.007781359884322421,0.07134754730917445,-0.006256150408465493,-0.013455113689732748,-0.012188112652771949,-0.00658849513212279,-0.020897928360938373,-0.016755606039022347,-0.020672844448839833,0.06309191476730139,0.021270168235507456,-0.010582439889744139,-0.04011450376463363,-0.014916719782380686,-0.0321714364034771,-0.05481224804560916,-0.010503365955906587,-0.013746678360231596,-0.005966373427831335,-0.017405799857480017,-0.02061285175594036,-0.01266186728668937,-0.013378880034528813
2,-0.03779705091161549,-0.023138405014698913,1.0,0.0338491148961634,-0.03415022607257953,-0.025002216987194917,-0.04756640779606268,-0.02356722409996232,-0.012148015640363202,-0.04607994578497572,-0.01156683045826552,0.03249033388696209,-0.03319775585049484,6.212611642642842e-05,-0.0026542021506795084,-0.02244726448506247,-0.04107158629357135,-0.033826469792514975,0.08367692695486473,0.051435984137893284,-0.02543361450850745,0.021683959666390702,-0.025950486091178844,-0.00944127674601314,-0.01119801683496129,-0.023320204519950625,-0.01862647537861937,-0.029986591315536666,-0.012484557001570466,0.10995206201791977,-0.024078826002130477,-0.0250747251194526,-0.011959280775025425,-0.013787389003912121,-0.04596700556757656,-0.03164182850417491,-0.016789306162597214,-0.02372096075329784,-0.01766577131088433,-0.03434585136904748,0.0660404978553428,-0.020692632387859854,0.15903563214674074,-0.04445385397923181,-0.024518210966595833,-0.008728079346288683,-0.047634820042129156,0.1742135954218903,-0.03183589702048901,0.12049338749920725,-0.01002668865804384,-0.012360208559364868,-0.007263066401404902,-0.01909106011299498,-0.010392337868608336,-0.015249527138646747,-0.011480623704587212
3,0.04699471256630679,-0.02900030949694036,0.0338491148961634,1.0,-0.051702858796063664,-0.03091206270250141,-0.043463140135123146,-0.01759134521899394,-0.015097787381822887,-0.01942414793187524,0.0009196017846932972,0.6903649675336302,-0.03205337264781679,-0.035768686906815034,0.05141770431681213,-0.03777107203300761,-0.049673769979102306,-0.03350645110662347,-0.0061318306439534,0.06623338336932777,-0.03109933956167727,-0.05579642255486955,-0.01081492268614811,-0.0180936577888419,0.018682682754984695,-0.029437403581009405,-0.007446257910242227,-0.03564558623259248,-0.015696281088435196,-0.011948595046139961,-0.02254643961224194,-0.030248425155916338,0.043543178321984274,-0.017547755152501496,-0.04982106583725167,-0.041428885565626364,-0.0016683191756552695,-0.02982294414172536,-0.021778784171593946,-0.04253920707173764,0.05510161831139054,-0.02523331138147871,-0.0034808156899161675,-0.0188672351255638,-0.030950488070284006,0.0036204881898630335,-0.05743510529177161,-0.014412955213650477,-0.006624715171385177,0.06277939788593809,-0.015700159619615114,-0.019166354669533217,-0.00937820773179124,-0.023802268194179698,-0.016115440396365387,-0.014836099659907103,-0.018400830063386213
4,-0.05624383725402343,-0.04077083853404195,-0.03415022607257953,-0.051702858796063664,1.0,-0.03929273335636625,0.02971435605309744,-0.055471120951385955,-0.021438027976829362,-0.08233532791466919,-0.05146203503116337,-0.04382136148107328,0.09072468905296716,0.003908500634315479,-0.030203015456814773,-0.07061742544561644,-0.07277665820731166,-0.031240056943642153,0.16121213429757564,-0.06894193224124767,-0.04261386772803185,0.36917999022200115,0.17017495095675994,-0.02999449572262529,-0.0034849054696903183,-0.04046977800148239,-0.03285758794209903,-0.046987581889661845,-0.021419203947284714,0.08467941288166903,-0.0223584363683007,-0.043622767562513966,-0.032966321532511375,-0.024235178982361702,0.16876675035476074,-0.01602695753644905,-0.02129877662893834,-0.038601804154494795,-0.027145981967202658,-0.06324321867288625,-0.023835266693413255,-0.011507347804701784,-0.026600160269212303,-0.027565632478363914,-0.03394184006497228,-0.009210937351956635,-0.09154709414085198,-0.029204983264993017,-0.07616473885063853,-0.04239917254728111,0.037335818386678904,0.06417031986646685,-0.012619124787248484,-0.055180212342339274,-0.019840374241139363,-0.024033547053531508,-0.02904444058764357
5,-0.06938280481239062,-0.010814377854872853,-0.025002216987194917,-0.03091206270250141,-0.03929273335636625,1.0,-0.04452422342524695,-0.02757473628547151,0.01605549508766688,-0.040393716664118035,-0.026734961750795885,-0.028663819192124244,-0.021919763214112122,-0.026516022692333514,-0.024265226839422796,-0.027680453369213473,-0.03495938382375849,0.1466655139726716,-0.0402644020151864,-0.035433357850136606,0.02757145054672331,-0.0448184284113522,-0.0424321333812511,-0.013421746669310687,-0.013263761854402582,-0.017829156694093455,-0.0005877856131838869,0.024169423815463362,0.07896182916598336,-0.03956959614987317,0.10333581355354614,-0.01318849040532364,-0.03556172322452306,0.019459986336187788,0.09934630378974424,-0.007250014489020686,-0.01553186388626955,0.07507258104886116,-0.011227088932083816,-0.021868993989275463,-0.02317288649962818,-0.018298083404022183,-0.02310986353810945,-0.02539729362710609,0.13457681247735276,-0.01092277544863305,-0.04180511150131159,-0.016296614680566084,-0.03355686021825535,-0.048198833849191,-0.011688747611924882,-0.014608465829052123,-0.0055342432862643355,-0.028757672230498105,0.0017271812822012603,-0.01357182714955589,-0.014220703813220784
6,0.008024703020254202,0.04017230991407987,-0.04756640779606268,-0.043463140135123146,0.02971435605309744,-0.04452422342524695,1.0,-0.060252522716505365,-0.025415347651113966,-0.08431403739593846,-0.054147214037569696,-0.030775975305726684,-0.038291188592880276,-0.02690752530441489,-0.037983067348902,-0.07943370822928139,-0.08358270081372712,-0.040770994556617715,0.012262727272377644,-0.07786964026293486,-0.04928524536022554,0.06961971485642203,0.05914614035602028,-0.031904054733976256,-0.009591032252811223,-0.03941197361181026,-0.03331494875214994,-0.014513639541604522,-0.02603412841804754,-0.04153948544660721,-0.05232668800561317,-0.03565412890958535,-0.01951555724097887,-0.014904966148509426,0.04730621278366824,-0.013153727408827223,0.10753759867076933,-0.04413084879502313,-0.01574085755671439,-0.025617519335941575,-0.053218380661891176,0.007062504763828676,-0.05516663988425324,0.23277018366778393,-0.007819944271152273,-0.01515681925618027,-0.1047268436380587,-0.03938896103709281,-0.0808317510577706,-0.06312739886388125,0.0006483086141867338,0.0498067365147888,-0.014518596878518461,-0.022915649694036293,-0.036526373625840824,0.008352057743081502,-0.03414124945029
7,0.03500882271820241,-0.023692856332894523,-0.02356722409996232,-0.01759134521899394,-0.055471120951385955,-0.02757473628547151,-0.060252522716505365,1.0,-0.013991574189953303,0.07477903699451674,0.04093068368939285,-0.01812769039521787,-0.038434193000261616,-0.041246016610855696,-0.03258420586714588,-0.001884845006934058,-0.03670873739961451,-0.02258621448063316,-0.050100270153429736,-0.014400032822782925,-0.028747557214472017,-0.06221242890657376,-0.04850655727201232,0.009374242630139758,-0.014297697843176393,-0.02582257498394521,0.01150132895162172,-0.03296793304524253,-0.013728652003921727,-0.048602003803407824,-0.027725458767162876,-0.0268171184302295,-0.0014098426099002864,-0.015130950357270944,-0.05321520294259747,-0.034485808538269165,-0.02007130814935622,-0.02579986579179018,-0.019384140174718574,-0.031249072292379505,-0.019852026905725104,-0.02373253615203092,-0.027193175333228396,-0.02892933056584926,-0.028520257787583464,-0.011955256696982289,0.11633233093147774,-0.020062088922666716,0.10658682235168966,-0.050756114203324224,-0.013708368011159426,-0.018340892915935558,-0.008220752068241813,0.2640117746948909,0.02938730392167547,0.0652477472209391,0.008184943820120739
8,-0.037064004201596,-0.009824600419995022,-0.012148015640363202,-0.015097787381822887,-0.021438027976829362,0.01605549508766688,-0.025415347651113966,-0.013991574189953303,1.0,-0.020600908536221083,-0.01322014582616583,-0.014456818046354545,-0.013738247339174184,-0.0004666950517178371,-0.005192027100407914,-0.017593466496847555,-0.01816256057275679,-0.004090442642621005,-0.02035649108548037,-0.017171218687671116,0.09550824370436364,-0.023533849323540527,-0.021740974071446064,-0.0074341201106620175,-0.006674162504759843,-0.01008355739522124,-0.006278782653705177,-0.008903566884040679,-0.0012843382428496947,-0.018685644711029663,0.026793161793564235,-0.008419552383117401,-0.018220283084214528,-0.0058219689482838805,-0.007678091040864881,-0.0122341070830679,-0.00807523319186374,-0.003413178899925851,-0.006190036892435989,-0.01526337107607896,-0.0115633283605142,-0.009612342364471962,-0.0110094929446008,-0.020521544241109232,0.001819949953127149,-0.0056285988913234814,-0.022829659379586566,-0.006363048943492303,-0.014737887145735023,-0.02536868860681049,-0.005582211074599391,-0.00729486669323697,-0.003197980162464761,-0.01473680756990157,-0.007931420679596932,-0.0068568548213411434,-0.007254400915433739
9,-0.0712448373331431,-0.012668912757049462,-0.04607994578497572,-0.01942414793187524,-0.08233532791466919,-0.040393716664118035,-0.08431403739593846,0.07477903699451674,-0.020600908536221083,1.0,-0.014231083916779293,-0.040410854367066956,-0.057296530070291826,-0.06633618035293659,-0.06713873690482389,-0.021643961002480207,0.16962509609855,-0.04494165435942263,-0.08044784717656522,-0.06167986849894462,-0.04267235931531535,-0.09874433307806257,-0.07867940307298746,-0.01945336881313483,-0.02502405150871142,-0.0383732803425473,0.19142008478672717,-0.030903775913453085,-0.020214238999166974,-0.0776605376639764,-0.04823728039671492,-0.027998205725773752,-0.05515599767908208,-0.022310980401122626,-0.0788602863108728,-0.04500608163217948,-0.02994956203156582,-0.03819320370101882,-0.027437526827321358,-0.04509739718279758,-0.042846370698266634,-0.03672066792907239,-0.04301531043408775,-0.05735387655391297,-0.03890963356634512,-0.021175600387122,0.1079225319425687,-0.03059245786576742,-0.04671341739563229,-0.11083093394966834,-0.02142138199157963,-0.02767178390046333,-0.008368985952899997,0.1179970226177359,-0.04025789783968198,-0.024487774810457077,-0.0035944434456136112
10,0.08672433096558477,-0.01681971173601999,-0.01156683045826552,0.0009196017846932972,-0.05146203503116337,-0.026734961750795885,-0.054147214037569696,0.04093068368939285,-0.01322014582616583,-0.014231083916779293,1.0,0.010738131058199218,-0.037464981497268054,-0.026569849394688795,-0.015197296213012152,-0.018626934422189392,-0.013481399898740185,-0.02918829523227033,-0.045716032752647365,-0.008427228689506149,-0.027786811619840698,-0.03632046508184661,-0.04523990054320019,0.0552183103852433,-0.009949451497973653,-0.02532671075888466,-0.012251420670599228,-0.02392247216971896,-0.013330013775843232,-0.04001091458631076,-0.009197819436186624,-0.023455707288895664,0.008986567176632324,-0.01408370557851224,-0.050481475084617866,-0.035029268765433746,-0.01867919411328742,-0.024912508499991347,-0.018525191924248403,-0.02461989917365782,0.003495200770309591,-0.022863776995778254,-0.02192905149015814,-0.03469868020583248,-0.025137478317193877,-0.005527786224521523,0.11666521620576249,-0.018156127568058546,0.04415539307692916,-0.004367639075520012,-0.013304395169283457,-0.018048348874741965,-0.007957317088801033,0.03262045801012969,0.0040724385048542845,-0.015021108806542378,-0.008182583692143832
11,0.10857527482872363,-0.026915366101641088,0.03249033388696209,0.6903649675336302,-0.04382136148107328,-0.028663819192124244,-0.030775975305726684,-0.01812769039521787,-0.014456818046354545,-0.040410854367066956,0.010738131058199218,1.0,-0.034572510792182105,-0.035604677872631676,0.03339070102464524,-0.03195838929576891,-0.04511576550585,-0.02026563173766281,-0.013780962577523955,0.06847698463173789,-0.029409038230072876,-0.04563527137450575,-0.018021968847475305,-0.016060208334616993,0.02391698916696225,-0.027294284939066882,-0.017475796472298244,-0.03310390760063249,-0.014522008212988663,0.00471119529086885,-0.019976000569963993,-0.024259883230377248,0.08185858769559543,-0.01621072122187599,-0.046482654288982385,-0.03730537776880459,-0.007127724771435173,-0.027653013643548,-0.019512022614211203,-0.038430965715103634,0.04674775448737232,-0.023348051732097162,-0.0073630969901415065,-0.044629303866735456,-0.02856936826982552,0.057659145297693615,-0.05722647566114275,-0.011077877813766167,-0.01637514481467184,0.07002868841370281,-0.013076372014469746,-0.01718528518432225,-0.008693235548656881,-0.01811798137359436,-0.0143644897824598,-0.013028037153898116,-0.01705311979661489
12,-0.04291750091692613,-0.0283621584308028,-0.03319775585049484,-0.03205337264781679,0.09072468905296716,-0.021919763214112122,-0.038291188592880276,-0.038434193000261616,-0.013738247339174184,-0.057296530070291826,-0.037464981497268054,-0.034572510792182105,1.0,0.005755933610474059,0.07500167770855194,-0.04904888461384759,-0.05033688943570756,-0.02787479309719495,-0.02142847551888203,-0.049010617787548255,-0.024845149986519384,0.0778356160676594,-0.03582597675524746,-0.02055630559758702,-0.016654963222455958,-0.014756271683171068,-0.022317253977270808,-0.034070065119526004,-0.014373426279461934,-0.04049876319893443,-0.0218853632855643,-0.028479763553090055,-0.02996025898829032,-0.015922800406733478,0.3433787634810205,0.02038831637249397,-0.01062536523172727,-0.012832360946785812,-0.020047986704049565,-0.040152467098086585,-0.03187552001935665,0.08946704766848455,-0.03199005302155396,-0.044460860034798155,-0.01990387938821817,-0.011775863726578871,-0.06309586857231239,-0.022308374527079892,-0.046615625935512,-0.050210718552320746,0.06562136141711525,-0.007267082733787626,-0.008728171146212833,-0.039425736498748074,0.06459962506450627,-0.014083778823333408,-0.020183191891596314
13,-0.008211054014376534,-0.03123184542226139,6.212611642642842e-05,-0.035768686906815034,0.003908500634315479,-0.026516022692333514,-0.02690752530441489,-0.041246016610855696,-0.0004666950517178371,-0.06633618035293659,-0.026569849394688795,-0.035604677872631676,0.005755933610474059,1.0,0.023574076656353814,-0.039368098551752766,-0.058631306655999034,0.01059010227818253,0.08693591025660086,-0.002125420667241436,-0.028535104894068058,0.07730509625934011,-0.019252794073369592,-0.021115473495843425,-0.020633101449140424,-0.03452351487320273,-0.0217377609799601,-0.015652143165428685,-0.018317190396377768,0.18745425916243957,0.021721403365745236,-0.03511095853645641,0.003039064458537164,-0.019695795735016557,-0.04881520806117723,-0.03937615853646419,-0.019568305155853196,-0.03451489234461535,-0.007503716986032744,-0.03150134768643099,-0.022835877808963644,-0.026644550642576457,0.01026090522376698,-0.04423438825833294,-0.03338520097399907,-0.016556518001947372,-0.06594896393147259,0.05406138749636488,0.0028103699350269778,0.27281762555040123,0.019481143142115014,-0.020144034236240393,-0.008551732159003591,-0.0421387244389662,0.03451564091523738,-0.014687270213923156,-0.020136090830553885
14,0.016245284358924313,-0.032687559938667926,-0.0026542021506795084,0.05141770431681213,-0.030203015456814773,-0.024265226839422796,-0.037983067348902,-0.03258420586714588,-0.005192027100407914,-0.06713873690482389,-0.015197296213012152,0.03339070102464524,0.07500167770855194,0.023574076656353814,1.0,-0.03889984113420841,-0.05936517160750107,-0.028479588252584447,-0.01396335324763755,0.09074771144578492,-0.032506666420337185,-0.0288739507228282,-0.03289347081431154,-0.018653161555634037,0.1365211934942127,-0.03324214740644259,-0.01651245188953942,-0.0200240988218284,-0.01780827759458833,-0.005012184221652169,-0.019445431253967266,-0.03600756185656044,0.0012547931478403638,-0.01989977787026666,0.01989555858708476,-0.029616936488494193,-0.023149608408504673,-0.012900175699962579,-0.02277824958742397,-0.018268666984123827,0.059476591284399874,-0.013572445616288365,-0.009960741713252742,-0.05190814228986387,-0.0314788311994347,-0.0006557998495206104,-0.06922327776477333,-0.0018624606244171393,-0.005962242748771158,0.13572266021379487,-0.01072217334282475,-0.019458345888262528,-0.0105080785539361,-0.024849600791974107,0.050919727130347606,-0.01898654729960468,-0.022603055468039146
15,-0.08318926018172797,-0.030500123362858254,-0.02244726448506247,-0.03777107203300761,-0.07061742544561644,-0.027680453369213473,-0.07943370822928139,-0.001884845006934058,-0.017593466496847555,-0.021643961002480207,-0.018626934422189392,-0.03195838929576891,-0.04904888461384759,-0.039368098551752766,-0.03889984113420841,1.0,-0.04654118477864394,-0.03862174970920633,-0.0669192169756519,0.0329148856413094,-0.029968851093799403,-0.08237152905568684,-0.0694099356486551,0.019078939065664345,-0.02031932816665722,-0.033073707554133386,0.0019431701216812763,-0.0016276348076202948,-0.01732003278621459,-0.0638321691353006,0.0009624268478545695,-0.031315768880330774,-0.04726902943025951,-0.019520174886950705,-0.0694915230532377,-0.022687054020493813,-0.025853162778417246,-0.03340020848832153,0.001369642828395727,0.14532684053647704,-0.02120353876261006,-0.03172559363805412,-0.029694540435363993,-0.0652204702808323,-0.035421030138284716,-0.01757251216288245,0.04748199594391746,-0.025146755362048676,0.12742555537788658,-0.023970380536656788,-0.01940118460605361,-0.02379634753645262,-0.00991080630185118,-0.01047203398166092,-0.02680374184642337,-0.02191713609922568,0.26310400318161886
16,-0.10633306089581587,-0.03339825159389588,-0.04107158629357135,-0.049673769979102306,-0.07277665820731166,-0.03495938382375849,-0.08358270081372712,-0.03670873739961451,-0.01816256057275679,0.16962509609855,-0.013481399898740185,-0.04511576550585,-0.05033688943570756,-0.058631306655999034,-0.05936517160750107,-0.04654118477864394,1.0,-0.050965015306698655,-0.07035795478028428,-0.05866319539212001,-0.03687007996797244,-0.08738087680793291,-0.06927717854459525,-0.023652151525615596,-0.021830461476511447,-0.03384960535918009,-0.025229404909914085,-0.042663839918147026,-0.017759681052259155,-0.06818026408103944,-0.039969883895397934,-0.03606681556179436,-0.062077802566241555,-0.0199832970146227,-0.0716414545389398,-0.05080474766907932,-0.026390028556632524,-0.03193204215883791,-0.024948112476163,-0.04978546716902524,-0.03819680407299436,-0.03220933903762151,-0.03818433323704863,-0.06694648928914701,-0.035536652326534614,-0.01871497827095466,0.2623975476614456,-0.026546886150040708,-0.06751101442533418,-0.09795041569587735,-0.019763292270616586,-0.024530575599999226,0.03653987137702655,-0.032183239261064804,-0.03696036263094388,-0.02280758807520583,-0.022708724973365894
17,-0.04744678647077874,0.002634558665451572,-0.033826469792514975,-0.03350645110662347,-0.031240056943642153,0.1466655139726716,-0.040770994556617715,-0.02258621448063316,-0.004090442642621005,-0.04494165435942263,-0.02918829523227033,-0.02026563173766281,-0.02787479309719495,0.01059010227818253,-0.028479588252584447,-0.03862174970920633,-0.050965015306698655,1.0,-0.0479944620432672,-0.044941367242671754,0.07759212154957079,-0.055543612566489,-0.0567707708995834,-0.012225299386122702,-0.019133331591505355,0.15470274173938076,-0.011714793730672078,0.06519716583577416,-0.001982360136993805,-0.04872781250973869,0.05411807852990641,0.0495648068511718,-0.0325195464776737,-0.008860580671125856,0.016079046239949966,0.07472395680960583,-0.017006663633590553,0.02287927096662905,-0.0035592362738903057,-0.0055951854845760745,-0.03324877939959986,-0.019754214291476852,-0.03332841832118471,0.04448568827501227,0.02246655480758698,-0.014537886284528883,-0.05988558494079996,-0.023700832435115903,-0.0007802332624078792,-0.04956472136793149,-0.010918173878006634,-0.021006241743762935,-0.008762579991619052,-0.01521464975147609,-0.0091222472727722,-0.018583328478733795,-0.019473607659412022
18,-0.023043076377459542,-0.03913442523817264,0.08367692695486473,-0.0061318306439534,0.16121213429757564,-0.0402644020151864,0.012262727272377644,-0.050100270153429736,-0.02035649108548037,-0.08044784717656522,-0.045716032752647365,-0.013780962577523955,-0.02142847551888203,0.08693591025660086,-0.01396335324763755,-0.0669192169756519,-0.07035795478028428,-0.0479944620432672,1.0,-0.034261964257319664,-0.041011389953187,0.25267104250067707,0.07066733821462971,-0.02873358728612084,0.05359957713125825,-0.03924632860996193,-0.03181799403839487,-0.042246176213770845,-0.021015218225799166,0.12889809860605206,-0.034545516555488306,-0.04058504968297717,-0.015355549853178283,-0.02137487471327564,0.04135345413694085,-0.03142107631291187,-0.013782390714392679,-0.039350029810263865,-0.025784763980636328,-0.05846003013603941,0.011726335992980319,0.018973496026802334,0.1202815076435771,-0.05166381138306128,-0.04069776433833824,-0.0006020383354638772,-0.08779503261773891,0.028563161474541895,-0.06484327398157592,0.0482052012521261,-0.005894211466925493,0.013282706971191665,-0.01183620705882153,-0.054492699243778794,-0.022693889498850622,0.011748966158230702,-0.027872609089836794
19,-0.06135383100907076,-0.0318937622895608,0.051435984137893284,0.06623338336932777,-0.06894193224124767,-0.035433357850136606,-0.07786964026293486,-0.014400032822782925,-0.017171218687671116,-0.06167986849894462,-0.008427228689506149,0.06847698463173789,-0.049010617787548255,-0.002125420667241436,0.09074771144578492,0.0329148856413094,-0.05866319539212001,-0.044941367242671754,-0.034261964257319664,1.0,-0.0366987084369024,-0.0739397791429954,-0.061173772137740924,-0.00011772215185924589,-0.0024955700230660507,-0.0332601179516291,-0.02520445459040615,-0.04092078951778692,-0.01763468311244193,0.02752215139655719,-0.03428829385036339,-0.035764327391659204,-0.011229305962699193,-0.01938832736382751,-0.06916493669450896,-0.044917789141350334,-0.02533968134351374,-0.033826836984755915,-0.023405020266657688,0.015673703874305837,0.020315617598134314,-0.031197626325648042,0.03957911027709124,-0.056776119236075784,-0.036267305387545315,-0.014218496152185595,-0.06766621359451262,0.005950718871530392,0.025892298120924164,0.300521617612174,-0.01896503962320071,-0.023734508123232433,-0.010451362957094,0.005295279701703135,0.04810545587746685,-0.012040385429810951,-0.013265473800080672
20,-0.07101655853488276,-0.01930938947201582,-0.02543361450850745,-0.03109933956167727,-0.04261386772803185,0.02757145054672331,-0.04928524536022554,-0.028747557214472017,0.09550824370436364,-0.04267235931531535,-0.027786811619840698,-0.029409038230072876,-0.024845149986519384,-0.028535104894068058,-0.032506666420337185,-0.029968851093799403,-0.03687007996797244,0.07759212154957079,-0.041011389953187,-0.0366987084369024,1.0,-0.048926584872527865,-0.04434499376964637,-0.015349295245257797,-0.0136883760797028,-0.006902626640255133,-0.013813834776654852,0.011378297246780017,0.004505640758000336,-0.03947810352555027,0.0290310664813872,-0.01243896853135274,-0.03920727568443553,-0.011653908237697394,-0.025691084868509736,-0.0051771128765136926,-0.01605175635178794,0.06756276393899979,0.021039126283201474,-0.02872122668550979,-0.0238139816967679,-0.01837842103725476,-0.02378260507823523,-0.04083205538401073,0.1690603422366307,-0.011626757870271485,-0.047057890944685044,-0.016881968689253353,-0.03296572299862176,-0.05171132095886906,-0.009918856734745778,-0.014923783853451217,-0.006478904948097428,-0.0301024858484603,-0.014486770094932745,-0.013241124886642142,-0.014977495598184207
21,-0.06846265798371254,-0.046773769349816356,0.021683959666390702,-0.05579642255486955,0.36917999022200115,-0.0448184284113522,0.06961971485642203,-0.06221242890657376,-0.023533849323540527,-0.09874433307806257,-0.03632046508184661,-0.04563527137450575,0.0778356160676594,0.07730509625934011,-0.0288739507228282,-0.08237152905568684,-0.08738087680793291,-0.055543612566489,0.25267104250067707,-0.0739397791429954,-0.048926584872527865,1.0,0.10541388293551399,-0.03514854010076396,-0.026832520060488658,-0.04614153973814583,-0.0394613088053269,-0.056228402644820985,-0.025827715709641503,0.18811656085468803,0.005522743428149492,-0.05118000415674437,-0.017418686277103124,-0.02495175097300805,0.117460277083761,0.013509640648980083,-0.024154114564667862,-0.046028681298357646,-0.031825737950610486,-0.07053768678487922,-0.037368610221453054,0.022263681007175587,0.007488849074987224,-0.06239327308885329,-0.04352694026712041,-0.01452196046699727,-0.10796383864953496,0.007084798875312158,-0.07658577218602891,-0.002412084733206381,0.05166956579928249,0.09378151027493613,-0.015085672189432624,-0.06704195668956921,-0.0041537151645409595,-0.009249083370956014,-0.034781151797254134
22,-0.039155967902228854,-0.03426804897998146,-0.025950486091178844,-0.01081492268614811,0.17017495095675994,-0.0424321333812511,0.05914614035602028,-0.04850655727201232,-0.021740974071446064,-0.07867940307298746,-0.04523990054320019,-0.018021968847475305,-0.03582597675524746,-0.019252794073369592,-0.03289347081431154,-0.0694099356486551,-0.06927717854459525,-0.0567707708995834,0.07066733821462971,-0.061173772137740924,-0.04434499376964637,0.10541388293551399,1.0,-0.029342298274144515,0.02341140091869437,-0.040062216917173155,-0.03226515250947941,-0.050219153157830404,-0.021550673811814778,0.04470569567024608,-0.05688713806799353,-0.04192943456554059,-0.0402967226764113,-0.02256409818566136,0.007033775499016567,-0.030535641182298123,-0.0010644212767483884,-0.04045428986813551,-0.02990088901164191,-0.0590362944620043,-0.02050653608737759,0.030984792249030373,-0.03636337353109165,-0.0338769977987541,-0.04034058020615591,0.013356370187164776,-0.08982258529973645,-0.026612560591955395,-0.07477361877703817,-0.027708506726380533,-0.0027978831586740584,0.05042613245624063,-0.012728713128565057,-0.053536388784618846,-0.03723820651179313,0.023281479395152425,-0.028675077044460547
23,0.01065623027721931,-0.011867472279904121,-0.00944127674601314,-0.0180936577888419,-0.02999449572262529,-0.013421746669310687,-0.031904054733976256,0.009374242630139758,-0.0074341201106620175,-0.01945336881313483,0.0552183103852433,-0.016060208334616993,-0.02055630559758702,-0.021115473495843425,-0.018653161555634037,0.019078939065664345,-0.023652151525615596,-0.012225299386122702,-0.02873358728612084,-0.00011772215185924589,-0.015349295245257797,-0.03514854010076396,-0.029342298274144515,1.0,-0.005158244977551094,-0.013867164594834943,-0.010578221190551322,-0.0154817097124563,-0.0073668502274920646,-0.02751087114944791,-0.006961616605329992,-0.014762841398071625,0.0033455646866063517,-0.007334489505858622,-0.029199587940868937,-0.016066144265938484,-0.01085989482938332,-0.013952944822274334,-0.00540456838372877,0.1615984740525482,-0.013573884406517057,-0.012730369602697527,-0.013858658278686986,-0.026866072351161546,-0.015169422033807016,-0.007041888924963153,0.0036556964241057127,-0.010072513301503137,0.033054990003362136,-0.019427139816807944,-0.00772442153380346,-0.010002398152730215,-0.004402264124667595,0.005588697438254275,-0.007398822556808249,-0.009145600593632237,0.0127988307533658
24,-0.0087347355463014,-0.012631882737582936,-0.01119801683496129,0.018682682754984695,-0.0034849054696903183,-0.013263761854402582,-0.009591032252811223,-0.014297697843176393,-0.006674162504759843,-0.02502405150871142,-0.009949451497973653,0.02391698916696225,-0.016654963222455958,-0.020633101449140424,0.1365211934942127,-0.02031932816665722,-0.021830461476511447,-0.019133331591505355,0.05359957713125825,-0.0024955700230660507,-0.0136883760797028,-0.026832520060488658,0.02341140091869437,-0.005158244977551094,1.0,-0.012359854669054047,-0.009923032362520134,-0.016083255252949943,-0.006567799588813987,0.03362299891861654,-0.014629697053278498,-0.01333424754911686,0.006641499444354675,-0.007228309677921736,-0.013720924345041324,-0.01831051938533702,-0.008939274183194634,-0.012551324307773894,-0.009348357250839271,-0.0166874421702466,0.010137267894356483,-0.011093821903619025,-0.005551755332367429,-0.025336123968061206,-0.013482868324040408,0.035971073719812695,-0.02682047280448599,-0.009245858859757901,0.002083342125371569,0.08498247611269467,-0.007296967674715125,-0.0071674839620083815,-0.003938125874549529,-0.01780487774642596,-0.014034525524341965,-0.008273506031636322,-0.008814659411446215
25,-0.05433889081790487,-0.018759458995765768,-0.023320204519950625,-0.029437403581009405,-0.04046977800148239,-0.017829156694093455,-0.03941197361181026,-0.02582257498394521,-0.01008355739522124,-0.0383732803425473,-0.02532671075888466,-0.027294284939066882,-0.014756271683171068,-0.03452351487320273,-0.03324214740644259,-0.033073707554133386,-0.03384960535918009,0.15470274173938076,-0.03924632860996193,-0.0332601179516291,-0.006902626640255133,-0.04614153973814583,-0.040062216917173155,-0.013867164594834943,-0.012359854669054047,1.0,-0.015185872379946664,-0.02359232176759315,-0.0098342192156051,-0.038263138661327384,-0.024055931006788416,0.009350256905980639,-0.03131904758906308,-0.009636885276497302,0.014125579359374207,0.02520981911643457,-0.0038359716046286957,0.012859450823115192,-0.014691834408366926,-0.029757767718877476,-0.021608933881823847,0.033734668089247195,-0.021565098721113053,0.15989713213451406,-0.010668357039859827,-0.010081616735133941,-0.04242417964297183,-0.015256801360663232,-0.03671933709763969,-0.058122928908687324,-0.011068363131323436,-0.01350129052420376,-0.006052148135930521,-0.023542855123588693,0.002795637649356295,-0.012189234683754609,-0.01356313041528515
26,-0.02153545004157694,-0.01222319274768735,-0.01862647537861937,-0.007446257910242227,-0.03285758794209903,-0.0005877856131838869,-0.03331494875214994,0.01150132895162172,-0.006278782653705177,0.19142008478672717,-0.012251420670599228,-0.017475796472298244,-0.022317253977270808,-0.0217377609799601,-0.01651245188953942,0.0019431701216812763,-0.025229404909914085,-0.011714793730672078,-0.03181799403839487,-0.02520445459040615,-0.013813834776654852,-0.0394613088053269,-0.03226515250947941,-0.010578221190551322,-0.009923032362520134,-0.015185872379946664,1.0,0.02000932521848999,-0.005960325325237263,-0.03055643602150701,-0.00518917896811572,-0.008267684591268048,-0.021240988095479037,-0.008434646757469967,-0.02507832877269709,-0.017872315211092997,-0.011897583926947135,0.008515632421106072,-0.0015330046936465045,-0.01857145361504644,-0.017192533213317998,-0.014462843448171262,-0.01728831945137151,-0.01462601397317266,-0.011896023034660743,-0.008385639674014548,-0.027250659726628386,-0.012226949881945354,0.24674839429720768,-0.04283799731332447,-0.008344021738106697,-0.011007989720554019,-0.0047796428292421,0.013635093407981802,-0.016841878742688086,-0.009238885656445431,-0.009986964399056874
27,-0.055303460521820225,0.013939100958364904,-0.029986591315536666,-0.03564558623259248,-0.046987581889661845,0.024169423815463362,-0.014513639541604522,-0.03296793304524253,-0.008903566884040679,-0.030903775913453085,-0.02392247216971896,-0.03310390760063249,-0.034070065119526004,-0.015652143165428685,-0.0200240988218284,-0.0016276348076202948,-0.042663839918147026,0.06519716583577416,-0.042246176213770845,-0.04092078951778692,0.011378297246780017,-0.056228402644820985,-0.050219153157830404,-0.0154817097124563,-0.016083255252949943,-0.02359232176759315,0.02000932521848999,1.0,-0.008790121328535284,-0.04507761603000305,0.052070592191247135,0.005846256640503139,-0.037535476590768016,-0.012004355000350088,-0.0416435259314705,0.00013640080864384704,-0.017979378094580244,-0.016792351526542525,0.20229742591611194,0.00569111135074969,-0.027721247142399055,-0.022906870957035842,-0.02796050988525081,0.020026344518007833,0.05344682096095209,-0.011756987550655766,-0.053568128499688866,-0.019702055655921983,0.06036409737676126,-0.012588299441921143,-0.012198556981014675,-0.017262500433181942,-0.002470517679500602,-0.02953874487825715,-0.005834289186702913,-0.015280705341243414,-0.017288790882746867
28,-0.03581081046830911,-0.009977991891170226,-0.012484557001570466,-0.015696281088435196,-0.021419203947284714,0.07896182916598336,-0.02603412841804754,-0.013728652003921727,-0.0012843382428496947,-0.020214238999166974,-0.013330013775843232,-0.014522008212988663,-0.014373426279461934,-0.018317190396377768,-0.01780827759458833,-0.01732003278621459,-0.017759681052259155,-0.001982360136993805,-0.021015218225799166,-0.01763468311244193,0.004505640758000336,-0.025827715709641503,-0.021550673811814778,-0.0073668502274920646,-0.006567799588813987,-0.0098342192156051,-0.005960325325237263,-0.008790121328535284,1.0,-0.020524948982595458,0.00873170440877386,-0.008938285131966659,-0.018961549650838593,-0.0036272027037287293,0.017466899494856115,-0.002287930207388736,-0.00795434160826654,0.024455548855077468,-0.006011467943137879,-0.013397756138762762,-0.011552084329025214,-0.009583631700498394,-0.011494259605001373,-0.01896876153053611,0.001494393965486492,-0.005568785099776076,-0.02238091800511484,-0.008133433420183578,-0.007449820422945915,-0.030561413535419135,-0.00603530971781694,-0.007306842890969743,-0.003057434862289712,-0.01464327070136645,-0.010291628806558217,-0.006784090342886515,-0.00725053032128764
29,0.015420220188472427,-0.037307232210263885,0.10995206201791977,-0.011948595046139961,0.08467941288166903,-0.03956959614987317,-0.04153948544660721,-0.048602003803407824,-0.018685644711029663,-0.0776605376639764,-0.04001091458631076,0.00471119529086885,-0.04049876319893443,0.18745425916243957,-0.005012184221652169,-0.0638321691353006,-0.06818026408103944,-0.04872781250973869,0.12889809860605206,0.02752215139655719,-0.03947810352555027,0.18811656085468803,0.04470569567024608,-0.02751087114944791,0.03362299891861654,-0.038263138661327384,-0.03055643602150701,-0.04507761603000305,-0.020524948982595458,1.0,-0.026371889835047506,-0.04115315475641538,0.0015774333250822233,-0.022229295435062014,-0.045637204887450884,-0.03620074129411543,-0.02540434092392155,-0.039081146533840205,-0.024758651185995177,-0.056643382035551956,0.038814653238667465,-0.03172480054085964,0.16888219544374716,-0.05097735186211291,-0.03941604146319406,-0.003911914247639513,-0.08523457580573261,0.1488749846656998,-0.050011330963054004,0.16588534550384212,0.002416007095536324,0.0024421896458538817,-0.01109231219133708,-0.053056940768693585,0.007890476942691807,-0.011976450288034016,-0.026552114848767044
30,-0.0620105575012957,-0.0250760869541408,-0.024078826002130477,-0.02254643961224194,-0.0223584363683007,0.10333581355354614,-0.05232668800561317,-0.027725458767162876,0.026793161793564235,-0.04823728039671492,-0.009197819436186624,-0.019976000569963993,-0.0218853632855643,0.021721403365745236,-0.019445431253967266,0.0009624268478545695,-0.039969883895397934,0.05411807852990641,-0.034545516555488306,-0.03428829385036339,0.0290310664813872,0.005522743428149492,-0.05688713806799353,-0.006961616605329992,-0.014629697053278498,-0.024055931006788416,-0.00518917896811572,0.052070592191247135,0.00873170440877386,-0.026371889835047506,1.0,-0.01597169713258716,-0.03411989809795658,-0.012612362660521556,0.04766154517027148,-0.002626667039136047,-0.021700772845669642,0.005347525464808581,0.03523989711878459,0.05915557426567529,-0.02876748685062966,-0.02321732798585047,-0.028019005477688118,-0.04573928002333928,0.00014253848067246689,-0.006132086543749667,-0.03915791854675017,-0.004790889391781439,0.0300741369407503,-0.016873000291382667,0.014285381935552323,-0.01945079063023102,-0.007537063634622205,-0.025556327937146496,0.019021763086062463,-0.01859421555179649,-0.007883476826667781
31,-0.027461590698301813,0.04201277404951653,-0.0250747251194526,-0.030248425155916338,-0.043622767562513966,-0.01318849040532364,-0.03565412890958535,-0.0268171184302295,-0.008419552383117401,-0.027998205725773752,-0.023455707288895664,-0.024259883230377248,-0.028479763553090055,-0.03511095853645641,-0.03600756185656044,-0.031315768880330774,-0.03606681556179436,0.0495648068511718,-0.04058504968297717,-0.035764327391659204,-0.01243896853135274,-0.05118000415674437,-0.04192943456554059,-0.014762841398071625,-0.01333424754911686,0.009350256905980639,-0.008267684591268048,0.005846256640503139,-0.008938285131966659,-0.04115315475641538,-0.01597169713258716,1.0,-0.024724816130437775,0.06313170319615866,-0.013031000572185782,0.03739672992035046,-0.001539943374435818,-7.95663478055696e-05,-0.005745126264843964,-0.013123780528609318,-0.023071643116250325,-0.010883990631798502,-0.023237956764248415,0.047443256982419406,-0.014806296350472698,-0.01121453589625027,-0.04479416409909904,-0.01644092139894113,-0.020221001004715335,-0.06156014438966573,-0.011075129207510241,-0.014587534892566074,-0.00569282368237869,-0.025805251557091242,-0.021600267909345862,-0.01357748698169212,-0.014470408747264891
32,0.20424334558336843,-0.0244505338727313,-0.011959280775025425,0.043543178321984274,-0.032966321532511375,-0.03556172322452306,-0.01951555724097887,-0.0014098426099002864,-0.018220283084214528,-0.05515599767908208,0.008986567176632324,0.08185858769559543,-0.02996025898829032,0.003039064458537164,0.0012547931478403638,-0.04726902943025951,-0.062077802566241555,-0.0325195464776737,-0.015355549853178283,-0.011229305962699193,-0.03920727568443553,-0.017418686277103124,-0.0402967226764113,0.0033455646866063517,0.006641499444354675,-0.03131904758906308,-0.021240988095479037,-0.037535476590768016,-0.018961549650838593,0.0015774333250822233,-0.03411989809795658,-0.024724816130437775,1.0,-0.02062678535182041,-0.026038516453506654,-0.019964907489184114,0.010314492878748,-0.03362233283018101,-0.022932886586636954,-0.03703042365301672,0.032622006398417475,-0.026104422156948012,0.021581880240149766,0.0298174991889345,-0.0322647929564108,0.03361534178936383,-0.07109850100189305,0.06382565867580467,0.004685724502716764,0.05962351980820879,0.014769648459947209,0.037534009689611965,-0.011426865908294517,-0.005564512039678119,-0.01314997406690495,-0.006588138311998559,-0.013920016395566014
