,0,1,2,3,4,5,6,7,8,9,10,11,12,13,14,15,16,17,18,19,20,21,22,23,24,25,26,27,28,29,30,31,32,33,34,35,36,37,38,39,40,41,42,43,44,45,46,47,48,49,50,51,52,53,54,55,56,57
0,1.0,-0.022474080378698896,-0.02220455880246538,-0.030016290374274418,-0.062217257968316626,-0.036947544203758745,-0.028490971866920598,0.25356402520325927,-0.018723364171945873,0.11054586798737343,0.046331353118134966,-0.004719219905543633,-0.04657642145390823,-0.04108967686895932,-0.022232705906490353,-0.017999405488084805,-0.04346770724787409,-0.01973983710516813,-0.06094950779093913,-0.0026185322254969265,-0.03847697319297469,-0.07770006492324105,-0.060927702096710085,0.008565310743348216,-0.020533129043646355,-0.03021901256861796,0.049196387031869036,-0.03464762795753627,-0.017678882963051923,-0.053405150454631754,-0.033496817791377954,-0.026758550003480805,0.01045473545528685,-0.01948535557576484,-0.05791695327523298,-0.03180710454039058,-0.022873815327538485,-0.03426771204253154,-0.024801581607313276,0.00979721969365625,-0.019390591063893063,-0.022988137425517065,-0.03319726504023624,0.002142092693962167,-0.03472327519224515,-0.04352316282575827,-0.03998520240414692,-0.02399070450771259,0.0987460962978713,-0.011527459919333172,-0.009059462643998342,-0.024683890120500675,-0.021430335773968162,-0.014579093424007244,0.04416518050594537,0.07586520863835362,-0.02741592363797076,-0.023336051895092837
1,-0.022474080378698896,1.0,-0.016879679476802828,-0.02046187822133539,-0.02243026767005621,0.1748910582219635,-0.027146884871026525,-0.018468418177330408,0.0029544178921034133,-0.02664298775164696,-0.019453636785342905,-0.020585172430869783,-0.00762613649742238,-0.01327924934838413,-0.00981329953555203,-0.014554459613582298,-0.023938818949487392,0.10673157608286242,-0.024014574318882858,-0.023567701455233517,-5.2114917457028666e-05,-0.022205660077642582,-0.02854621703379038,-0.008552791215728316,-0.009025677257193963,-0.010140378508072787,-0.009456837671602145,0.056945186456465735,0.01340278278702083,-0.024796430942104188,0.073919110852715,-0.005804758470476434,-0.02195793573449868,0.0011851178392128653,0.053568590059023445,-0.001192391464934067,-0.010079525915624627,0.005337918288596614,-0.0020766207103152597,-0.0055019409288222815,-0.015711977273356617,-0.011752555257145171,-0.015778664063486124,-0.021738996992957536,0.08569806523582393,-0.017744346189363557,-0.027100657415998607,-0.011168894100751978,-0.013976549641493669,-0.0029525019003124814,-0.006792646162031674,-0.009776918939189756,-0.010919468881623973,-0.007676167019946848,-0.0010424954964989921,-0.009190573305528157,-0.013225485698171426,-0.006130835759862884
2,-0.02220455880246538,-0.016879679476802828,1.0,0.03469970595299378,-0.03581275400768996,-0.02429038212360103,-0.04855212526198223,-0.02328161613577403,-0.011993643478027094,-0.04646270898827917,-0.011782895186311,0.02507103729013333,-0.033348572101904644,0.03048483915737608,-0.0022624545080251763,-0.0232938201350245,-0.04137160439470952,-0.03360442347887429,0.07964950572026522,0.05095514864254021,-0.025720030681079857,0.018629769993960897,-0.026509363583290695,-0.009231342743229162,-0.01088648916995994,-0.023588482220036244,-0.011909808270735057,-0.030072704229046936,-0.01182762362372632,0.10690354243628244,-0.02513244390558786,-0.025331037643358048,-0.013073651542214808,-0.013844479209775886,-0.04610827571810344,-0.03168802670582591,-0.01688102930211125,-0.023748428295218334,-0.01782989936960338,-0.018717119796532893,0.06570459440468876,-0.020722425354348095,0.15907536230666047,-0.04434935907540135,-0.024709990881836445,0.12186366984489197,-0.04860008653990869,0.1755013846807357,-0.03313763061053114,-0.007357659532215503,-0.01052115706990563,-0.012427396566196666,-0.013950897339951623,-0.008721833960622805,-0.010294176295465945,-0.015212581692175202,-0.03459798608053258,-0.023320541689274013
3,-0.030016290374274418,-0.02046187822133539,0.03469970595299378,1.0,-0.05213406834909404,-0.029967921073400038,-0.04470128794846226,-0.01877465967671943,-0.014697029041114414,-0.020685749048711018,0.0017482818149262905,0.6425696910835386,-0.03262762068531064,-0.020289126049465138,0.051130089796110376,-0.037784276932089356,-0.04990554731813665,-0.03320628509318529,-0.00656611945710887,0.06814888153273761,-0.0313550982211159,-0.05576012675472662,-0.01088102994745986,-0.018442255855465304,0.01973090908673685,-0.02964947611152408,-0.018457379804303953,-0.03576888538319396,-0.01484042516630641,-0.011578414853312239,-0.022256823666003914,-0.030403750931254327,0.041036171683444776,-0.017658318758547523,-0.05068444170174515,-0.04221770656159927,-0.001819293932987496,-0.02991560298270732,-0.02197304092376197,-0.008082137742264876,0.05890507559625918,-0.025429618371373846,-0.0036157274148341974,-0.021661627878768477,-0.03113801734949772,0.06783455300554939,-0.058034805712777554,-0.014189388508887433,-0.007823226023067464,-0.009429690919412016,-0.0161367364521316,-0.019326860007607076,-0.03812245696436259,0.008260975491934617,-0.017255496443282697,-0.015198125914654815,-0.043118812805872944,-0.02929436222524872
4,-0.062217257968316626,-0.02243026767005621,-0.03581275400768996,-0.05213406834909404,1.0,-0.03891985133204055,0.02719449199015668,-0.055493982491112925,-0.020640574951439138,-0.08238064983934729,-0.05535856604849904,-0.045514891104828065,0.09124409125085367,0.0724778905279993,-0.030198920996500102,-0.0711926213819466,-0.0729241956500584,-0.031200747191861306,0.1607145458279619,-0.06913137941136388,-0.04270747701494469,0.3690123374675527,0.17007544075200703,-0.03021973726462976,-0.003500993942148016,-0.04055497814516277,-0.02918780174676535,-0.046955314858040394,-0.020156183553877167,0.0838033565293457,-0.022527559343365706,-0.0437234025275197,-0.035036869184371766,-0.024339710201859734,0.16873532953737522,-0.016836633047640947,-0.021279193253928873,-0.03850907657852239,-0.027277362344858534,-0.03298882423239637,-0.024208640080805827,-0.01144027948619772,-0.0268461842628186,-0.029200564705200837,-0.033970150307743655,-0.04105630634811806,-0.09177299472061771,-0.02940489903428716,-0.07804558420637735,-0.012643160776565243,0.03709548711476217,0.06436677566256988,-0.01961475848493166,-0.009461936571206045,-0.020350608443865294,-0.024880833855437313,-0.06376040767879694,-0.04085411077290858
5,-0.036947544203758745,0.1748910582219635,-0.02429038212360103,-0.029967921073400038,-0.03891985133204055,1.0,-0.04765545865579835,-0.026598532826931337,0.012807450226497456,-0.03909311533077407,-0.028414529708504076,-0.031620282454945775,-0.024105065166929795,-0.03177199689785766,-0.026981075399018003,-0.03025138271059554,-0.033454274618943625,0.1396799148479414,-0.03966694593946159,-0.034091480876329364,0.043074076248366816,-0.046796278548080564,-0.04074416354618317,-0.013889680263939759,-0.012811874783959926,-0.01815316655914,-0.013849244493410663,-0.005478795095361727,0.08880085803944383,-0.03887597296264103,0.09038008534581479,-0.01559957472676944,-0.039136634309710025,0.020371411558976493,0.09579868284397754,-0.009212161732199147,-0.015042103486829076,0.11577890780802046,-0.012141014457827833,0.0025204910053296544,-0.022281611918076833,-0.017936015168768964,-0.02208277084595458,-0.025195647828202716,0.12277622864146032,-0.05669674627170138,-0.04205480014679963,-0.015478539865308852,-0.034693558979822556,-0.0059192266418657425,-0.01188519338315919,-0.013839461694447901,-0.03255057408231217,-0.011908421669098133,-0.0016429496150001366,-0.013636655968574787,-0.024729766990628923,-0.012706538896296618
6,-0.028490971866920598,-0.027146884871026525,-0.04855212526198223,-0.04470128794846226,0.02719449199015668,-0.04765545865579835,1.0,-0.05945073644825343,-0.02583395751289242,-0.08593845542670171,-0.053672978066229234,-0.023756852193611892,-0.03912409706341681,-0.018174418103727115,-0.03719375458542405,-0.08231184847001008,-0.08659358479993359,-0.0426341788260788,0.015333130136045477,-0.08091007092463381,-0.051439880588496995,0.06676577025421239,0.059711103483667295,-0.03247997314696091,-0.008725795328183648,-0.04069272489815756,-0.03503732193118423,-0.017244837847246418,-0.025271819805940565,-0.040740412158403586,-0.05513593000694761,-0.03687408421749953,-0.01570459462436118,-0.01583495342850387,0.0479605923646389,-0.015238620640966604,0.10481814533641594,-0.04573741028248098,-0.01768684794287345,-0.03336005944224445,-0.05444703294711781,0.0072332864165703505,-0.05746292062562791,0.2287388228879657,-0.010002232867560884,-0.06410970001321553,-0.10822258528057394,-0.040648862830620525,-0.08281237074066462,-0.015193042455316738,-0.0005695155107745742,0.047088646099780515,-0.028752137735035987,-0.009749907165325516,-0.03678138699071788,0.009459257316900761,-0.028910439952040665,0.03722475242836601
7,0.25356402520325927,-0.018468418177330408,-0.02328161613577403,-0.01877465967671943,-0.055493982491112925,-0.026598532826931337,-0.05945073644825343,1.0,-0.013588625470940377,0.07437008286388716,0.041908191365590555,-0.011264088221075165,-0.0384287081315876,-0.033937097020353545,-0.03255065790896023,-0.002026910493347603,-0.03690618926253666,-0.022517820184418454,-0.049915724973054916,-0.014575370494008585,-0.02880441175860518,-0.06209167862781077,-0.048502346072423326,0.009394626106552673,-0.01436613524091359,-0.025905603820664404,0.008419460617349857,-0.032824220514056174,-0.012878319794920653,-0.048340909606399904,-0.027750107113012776,-0.02669335481662747,-0.0015885654026030938,-0.0151970708833826,-0.05299230111261857,-0.034366157697481636,-0.020123841040108933,-0.025738378871314468,-0.01938900791381127,0.011389058430467811,-0.01996458625510731,-0.023642879174500437,-0.027286700731760864,-0.028705611247764898,-0.028594449359007616,-0.050020395544651736,0.11580101806730797,-0.020089731445418493,0.11117876773571006,-0.008249854250537276,-0.013455050973443503,-0.018341602628694366,-0.0332131857890149,-0.013184886290533241,0.030829958236495893,0.06598614190267132,-0.031144510223622367,-0.023777207219621628
8,-0.018723364171945873,0.0029544178921034133,-0.011993643478027094,-0.014697029041114414,-0.020640574951439138,0.012807450226497456,-0.02583395751289242,-0.013588625470940377,1.0,-0.019937834054305943,-0.014414914689033914,-0.016030849963635983,-0.013288118981958209,-0.0004364851402394055,-0.004619432386439624,-0.017114457709610186,-0.017602367882189572,-0.008752628871303654,-0.01945816442009999,-0.016554604254483782,0.0938531318460003,-0.022718267562400394,-0.021029812192615203,-0.007279422218696444,-0.006440665959862071,-0.009684501380594526,-0.007034454615731723,-0.008616675982067378,-0.00265083764602992,-0.01830581387060068,0.024903987201139673,-0.008194303930482708,-0.01925999525472437,-0.0055589339263141715,-0.00892386132294406,-0.01225417982155685,-0.007811039794547042,-0.0057083159505729834,-0.006011166984705943,-0.006410963503277359,-0.01123387055688274,-0.009294617403446103,-0.010628683961756636,-0.020677031304467963,0.00018038209046736264,-0.02424614466898542,-0.02207304863012248,-0.006040734841364807,-0.014412637813760827,-0.003099917696116626,-0.005542011184043071,-0.007028636887677605,0.0004051129730968067,-0.006093699355985211,-0.007872283949827023,-0.0069786902858993,-0.014892027812654782,-0.009559910183556569
9,0.11054586798737343,-0.02664298775164696,-0.04646270898827917,-0.020685749048711018,-0.08238064983934729,-0.03909311533077407,-0.08593845542670171,0.07437008286388716,-0.019937834054305943,1.0,-0.016073529669360057,-0.04657825771059308,-0.05739404337696248,-0.06845728157302672,-0.06720146077672307,-0.02175660737606299,0.16905033053290536,-0.044751270675286225,-0.0801630025481036,-0.06159231119416377,-0.04263144427833661,-0.09814056335265933,-0.07863689856586925,-0.019649323695529918,-0.025137354727997108,-0.03835134794094723,-0.0034185988422269003,-0.030518732090284554,-0.01894725507912447,-0.07756166252678312,-0.04818038071252764,-0.028005839669144085,-0.05863746269650294,-0.022333963682328796,-0.07882590573775061,-0.045517513371425844,-0.029923325715470343,-0.038035173549448756,-0.02744248992705915,0.19147741553527958,-0.042826833544588064,-0.03685776961227384,-0.04303144910338963,-0.05810125832593002,-0.0388690094223485,-0.10979911831821834,0.10580713108257056,-0.03055097316360171,-0.04563794288496589,-0.008369641317265667,-0.021583218610096086,-0.027603538305927565,-0.05892106347073662,-0.023719406343156384,-0.03989227745967207,-0.02463263494571605,-0.04506965412228631,-0.012650140448875476
10,0.046331353118134966,-0.019453636785342905,-0.011782895186311,0.0017482818149262905,-0.05535856604849904,-0.028414529708504076,-0.053672978066229234,0.041908191365590555,-0.014414914689033914,-0.016073529669360057,1.0,0.028018740669978653,-0.039959078757256114,-0.009813632485087589,-0.013522210320681759,-0.02214726976395718,-0.016879414921003193,-0.03091976053035166,-0.048214745841265644,-0.01120330100476287,-0.030442502200158025,-0.04158526911218338,-0.04691100243764548,0.055296467363145876,-0.009812002875161624,-0.027673379495820508,-0.008881115983256693,-0.026040064338673154,-0.013665666221812502,-0.04291860518438792,-0.011640707271357676,-0.024843831827906216,0.02009980362177785,-0.015426509817409027,-0.052355774249432586,-0.03558338546463703,-0.020250053716049682,-0.02698230663435272,-0.020063822200645953,-0.01218120633827783,0.0038675683814825158,-0.024224111563475214,-0.02326113739532268,-0.03576710742633521,-0.027667292788778844,-0.0023364396579699845,0.11131487543537856,-0.018821015328244223,0.04203490436352993,-0.008809316559737022,-0.012919255265753776,-0.019605222083476568,-0.02386589761721796,-0.00384096673007768,0.00807184600557075,-0.011966238275614185,-0.027929545776951337,-0.01909476772036619
11,-0.004719219905543633,-0.020585172430869783,0.02507103729013333,0.6425696910835386,-0.045514891104828065,-0.031620282454945775,-0.023756852193611892,-0.011264088221075165,-0.016030849963635983,-0.04657825771059308,0.028018740669978653,1.0,-0.036360089568510404,-0.020827534839545137,0.027691968816181144,-0.03801013671456582,-0.05055581049965659,-0.02075963321000441,-0.01643784124453721,0.05368436548115522,-0.03309669900672053,-0.04947775797903132,-0.02298757434993134,-0.01553131503225411,0.021539170899618248,-0.0300458486433184,-0.01858910733521813,-0.035553655168650125,-0.015293068986594266,0.0072155960644750185,-0.024842441269950014,-0.023736104772486562,0.09848486843645059,-0.01820839255536056,-0.04609184964790404,-0.038573640306865754,-0.010209958599234372,-0.03034420592058156,-0.021936064196709848,-0.018866566527532873,0.0352445368801691,-0.023888077519085726,-0.01106446637583168,-0.045295096553552266,-0.03182948017578822,0.06996526353273902,-0.06386612240699313,-0.012339760452649184,-0.020688172710903032,-0.009956369791884306,-0.012244111313269792,-0.0191388027276043,-0.02711927646732877,0.060506133356033484,-0.009490618398467729,-0.007690775005410649,-0.042238051940154425,-0.030050634981511927
12,-0.04657642145390823,-0.00762613649742238,-0.033348572101904644,-0.03262762068531064,0.09124409125085367,-0.024105065166929795,-0.03912409706341681,-0.0384287081315876,-0.013288118981958209,-0.05739404337696248,-0.039959078757256114,-0.036360089568510404,1.0,-0.025273463458624808,0.07503453752019114,-0.04916911486352865,-0.05046561495662772,-0.028195556966671947,-0.02121280295692371,-0.04910092933540567,-0.024836632115654983,0.07849753242045249,-0.03583519877603579,-0.020753238620881548,-0.01671201637049865,-0.014797634416708802,-0.020140919313356872,-0.03427406127151941,-0.01347102515705454,-0.040234687861324156,-0.022031232544528222,-0.028607257209760664,-0.03000070836762256,-0.01595076122997012,0.34329839751509145,0.02007268972921354,-0.010642339985991654,-0.012621526176243743,-0.020201808361090662,-0.02243231582226635,-0.03186831627868771,0.08937770011076587,-0.03208461262469122,-0.045778359567323124,-0.020014478839255473,-0.0520866366040724,-0.06324751424803234,-0.022410254657939815,-0.04617340630742653,-0.008771287129135743,0.06542206516209033,-0.007236325496901476,0.016259195298977343,-0.01165385957062245,0.06302692414540963,-0.014553580348604394,-0.04049676103522108,-0.028429461376978347
13,-0.04108967686895932,-0.01327924934838413,0.03048483915737608,-0.020289126049465138,0.0724778905279993,-0.03177199689785766,-0.018174418103727115,-0.033937097020353545,-0.0004364851402394055,-0.06845728157302672,-0.009813632485087589,-0.020827534839545137,-0.025273463458624808,1.0,-0.011162661437978007,-0.012475609094569148,-0.06432788454919408,-0.029935261427795463,0.16724038308666855,-0.02308681128315459,-0.017301829678436145,0.13491398432930318,0.005776912912825864,-0.020221677368070613,-0.014735556806514862,-0.03727478503896949,-0.014727391712792415,-0.02370672171309833,-0.01833246376017123,0.2680281105951832,0.004778912922345377,-0.038375279240478316,-0.008290771569442662,-0.019605641928858632,-0.01575312501340176,-0.0392366479991967,-0.02333490253524814,-0.036191129094616935,-0.01625379378451453,-0.011337064578497083,-0.004206718327132545,-0.030285570771373338,0.039477393982594686,-0.05154122986388807,-0.034866624454950576,0.16002317082385123,-0.052879495512669475,0.044188340862857785,0.04594911020381678,-0.010433756012200384,0.01864211956047207,-0.015420428927422335,0.19788451850171512,-0.007686300185268115,-0.023629654713660367,-0.001816859124957982,-0.036158545917920476,-0.03193722667314139
14,-0.022232705906490353,-0.00981329953555203,-0.0022624545080251763,0.051130089796110376,-0.030198920996500102,-0.026981075399018003,-0.03719375458542405,-0.03255065790896023,-0.004619432386439624,-0.06720146077672307,-0.013522210320681759,0.027691968816181144,0.07503453752019114,-0.011162661437978007,1.0,-0.03913344232845527,-0.05948802412642415,-0.028483091704060666,-0.013709845982101428,0.08946163671513876,-0.03254827126426642,-0.028546292127914687,-0.03283192681460466,-0.0187103946789682,0.13654461955012054,-0.03331736419936043,-0.022584509475844266,-0.020137210966160737,-0.01665034786798443,-0.004315971055435845,-0.019624205105500444,-0.03611160246379869,0.0021304310356679464,-0.019923661586051956,0.020042686161739844,-0.029677894013263026,-0.02319067345018029,-0.01280435953443177,-0.022841748294484994,-0.016553259288450386,0.059060780447160746,-0.013484238376870876,-0.009968600534197236,-0.051973760917081314,-0.03154020464425106,0.13499546437373816,-0.06938830968103868,-0.0018004410989873052,-0.005417599084655084,-0.010541131813547062,-0.010653103782730704,-0.019486494810386272,0.03044077852377328,-0.00012493392038066126,0.050395526281896086,-0.018914282578517936,-0.018422656462627616,-0.03277400159148143
15,-0.017999405488084805,-0.014554459613582298,-0.0232938201350245,-0.037784276932089356,-0.0711926213819466,-0.03025138271059554,-0.08231184847001008,-0.002026910493347603,-0.017114457709610186,-0.02175660737606299,-0.02214726976395718,-0.03801013671456582,-0.04916911486352865,-0.012475609094569148,-0.03913344232845527,1.0,-0.04656458765059847,-0.03851685771242873,-0.06745073888157882,0.03283718690349797,-0.029842791084746148,-0.0824821939929769,-0.06962883298171696,0.018861675606206392,-0.020357171561854598,-0.03305306477279453,0.26270485750805816,-0.0016067508735018343,-0.016213394337359337,-0.0653994225331139,0.0009973508626042122,-0.03143556603716867,-0.051556359398528734,-0.019530849882406987,-0.0698076402183239,-0.023537158726384854,-0.02584236199908168,-0.03326464749775605,0.0015091097307492933,0.0021118345552036642,-0.021690483107584816,-0.03190678040932762,-0.02968674875716953,-0.06645278508742891,-0.035435182992735875,-0.023813152427827552,0.047497452331089804,-0.02522785971142146,0.12700145440056143,-0.009910203246835253,-0.019939697862554263,-0.023781524440915226,-0.04807343953980438,-0.01969981377740526,-0.02768292366202483,-0.02247683256534341,0.14533801921472697,-0.030519263121744838
16,-0.04346770724787409,-0.023938818949487392,-0.04137160439470952,-0.04990554731813665,-0.0729241956500584,-0.033454274618943625,-0.08659358479993359,-0.03690618926253666,-0.017602367882189572,0.16905033053290536,-0.016879414921003193,-0.05055581049965659,-0.05046561495662772,-0.06432788454919408,-0.05948802412642415,-0.04656458765059847,1.0,-0.05101533857341711,-0.07008141294393172,-0.05867042527956289,-0.036853218337985445,-0.08688282197999189,-0.06931174478269683,-0.023922848385328342,-0.021969241293807472,-0.033859935642226,-0.022582897432279914,-0.042537362606453286,-0.016733417546717092,-0.06822432304621273,-0.03995721311296799,-0.036258674697437814,-0.06717836358588627,-0.0200064891443987,-0.07187840342875416,-0.051818050351459324,-0.026378084719480215,-0.03183298983829587,-0.024993971399859906,-0.02528793946691328,-0.03822410604489546,-0.03238797923120546,-0.038221187885540374,-0.06866862921613914,-0.03554063129874626,-0.09705230071303507,0.26241188762959905,-0.026536560347537645,-0.0674896853629144,0.036542204908856395,-0.02018700044318385,-0.024490387766448476,-0.05355897660631834,-0.021028815245736122,-0.03820946432935523,-0.023616452221797275,-0.05002093081689889,-0.03342354193678181
17,-0.01973983710516813,0.10673157608286242,-0.03360442347887429,-0.03320628509318529,-0.031200747191861306,0.1396799148479414,-0.0426341788260788,-0.022517820184418454,-0.008752628871303654,-0.044751270675286225,-0.03091976053035166,-0.02075963321000441,-0.028195556966671947,-0.029935261427795463,-0.028483091704060666,-0.03851685771242873,-0.05101533857341711,1.0,-0.04769902155392283,-0.04493275985822637,0.07689782003898932,-0.0553398412974174,-0.056709449841950796,-0.012230200955564891,-0.019209209976599334,0.1559111904854028,-0.019322343106388105,0.06361318778918812,-0.011211110800747912,-0.04850179889583786,0.0528497095174604,0.049713312069371844,-0.03439056519702491,-0.008785011027358678,0.014999187407139708,0.07519697509285347,-0.016981954573095856,0.021523086113229138,-0.003661485322527141,-0.011824196051931116,-0.03323368342199986,-0.019816597618769728,-0.03337356594038252,0.04512857489210537,0.021438493531305985,-0.053057592531044105,-0.05982586816770212,-0.023715768378599754,-0.0005690438613324502,-0.00883862335807745,-0.011184508081836686,-0.021038137256986146,0.024108658085166126,-0.016090828092518713,-0.010118623361689713,-0.01891884749491072,-0.005831180271871031,0.0028294885358830664
18,-0.06094950779093913,-0.024014574318882858,0.07964950572026522,-0.00656611945710887,0.1607145458279619,-0.03966694593946159,0.015333130136045477,-0.049915724973054916,-0.01945816442009999,-0.0801630025481036,-0.048214745841265644,-0.01643784124453721,-0.02121280295692371,0.16724038308666855,-0.013709845982101428,-0.06745073888157882,-0.07008141294393172,-0.04769902155392283,1.0,-0.0337278219400992,-0.041020807533141704,0.24956643785031413,0.07096797488394335,-0.02868745416954897,0.05380821647923752,-0.03913051653462668,-0.02809274526114513,-0.04202363764456298,-0.019654741783831003,0.12393961304022573,-0.03484667115428575,-0.04050518601971059,-0.017836636980380193,-0.021321738177295137,0.04150207706328508,-0.03119302883365785,-0.01361091872117437,-0.03907272929872608,-0.025688730512672675,-0.03184385113729297,0.01074944261589083,0.019416426962375825,0.12039688945182403,-0.05161225061902033,-0.04055579065296866,0.049095973595162476,-0.08768240924851001,0.028455032166029567,-0.06773921031778685,-0.011792091179816973,-0.006363275961397205,0.013491572145833672,0.026380544257284366,0.0007428988984189882,-0.02321518025185155,0.010730703888332457,-0.05837105989299566,-0.03902194648905158
19,-0.0026185322254969265,-0.023567701455233517,0.05095514864254021,0.06814888153273761,-0.06913137941136388,-0.034091480876329364,-0.08091007092463381,-0.014575370494008585,-0.016554604254483782,-0.06159231119416377,-0.01120330100476287,0.05368436548115522,-0.04910092933540567,-0.02308681128315459,0.08946163671513876,0.03283718690349797,-0.05867042527956289,-0.04493275985822637,-0.0337278219400992,1.0,-0.036675864392671245,-0.0733274929072848,-0.06123214583710803,-0.00036253614987121537,-0.002597070327218202,-0.03326306518768217,-0.013175711611528834,-0.04084374640890701,-0.016572963703017696,0.028195717933697545,-0.03428077814335417,-0.035911292010231716,-0.01544151446284078,-0.019411521264760468,-0.0693260945748507,-0.045706164444700464,-0.025319188565716164,-0.03372113732451491,-0.02347999539598631,-0.0253114488730344,0.020302422215665583,-0.0313044772007197,0.03928684554143873,-0.0583883313485203,-0.036255515214329515,0.3006925934525224,-0.06766968829255655,0.005909153858951329,0.0261933138288458,-0.010450220629656495,-0.019403986395394243,-0.023684548103358818,0.005269415927781718,-0.016075849825777828,0.04669196436090738,-0.012677868035865264,0.015321563417978853,-0.031913332771925255
20,-0.03847697319297469,-5.2114917457028666e-05,-0.025720030681079857,-0.0313550982211159,-0.04270747701494469,0.043074076248366816,-0.051439880588496995,-0.02880441175860518,0.0938531318460003,-0.04263144427833661,-0.030442502200158025,-0.03309669900672053,-0.024836632115654983,-0.017301829678436145,-0.03254827126426642,-0.029842791084746148,-0.036853218337985445,0.07689782003898932,-0.041020807533141704,-0.036675864392671245,1.0,-0.04873400563093988,-0.04436933458992548,-0.01550977100450043,-0.013748388983689606,-0.006777547536517154,-0.01492815371708279,0.011078692342122994,0.004640069474495908,-0.039958455068169536,0.028666752255244662,-0.012492757513708545,-0.04246321597307996,-0.011596933824208944,-0.026390701844753648,-0.00575156611680727,-0.01602466743707049,0.07023056651949669,0.021004017196121858,-0.013892346098436509,-0.023863092066685427,-0.018437341955818386,-0.023793098345669176,-0.04192411592283558,0.16868223946967079,-0.05133935874214883,-0.04702365158289651,-0.016874086999014062,-0.03312222721561996,-0.006477940937925827,-0.00987757566742107,-0.014882713569229909,-0.02756237518176357,-0.01299106780502065,-0.01551653966404266,-0.013860431730578292,-0.02893104278301291,-0.01930397309042063
21,-0.07770006492324105,-0.022205660077642582,0.018629769993960897,-0.05576012675472662,0.3690123374675527,-0.046796278548080564,0.06676577025421239,-0.06209167862781077,-0.022718267562400394,-0.09814056335265933,-0.04158526911218338,-0.04947775797903132,0.07849753242045249,0.13491398432930318,-0.028546292127914687,-0.0824821939929769,-0.08688282197999189,-0.0553398412974174,0.24956643785031413,-0.0733274929072848,-0.04873400563093988,1.0,0.10528872526109338,-0.035168812612802774,-0.026793612700536328,-0.04583647643372629,-0.034740027609945934,-0.05595237347406114,-0.024080928110166357,0.18220551298894794,0.005400439462689859,-0.050984879103369476,-0.021161522566296182,-0.024839987704486248,0.11767669526981325,0.013518957773069062,-0.023905406157206308,-0.0454804549799296,-0.03178168970193622,-0.03936037727401483,-0.03778470041300194,0.022666648614882146,0.006918672924837361,-0.06345041523516232,-0.04314977988274809,-0.005159532604417007,-0.10738422219089347,0.006307598332121227,-0.07937126062477623,-0.015002140584655838,0.050983753600563675,0.09430297659089075,0.03838643737316033,-0.014672669857492262,-0.00515533727826013,-0.01053466952300536,-0.07054860650322198,-0.04652698885659729
22,-0.060927702096710085,-0.02854621703379038,-0.026509363583290695,-0.01088102994745986,0.17007544075200703,-0.04074416354618317,0.059711103483667295,-0.048502346072423326,-0.021029812192615203,-0.07863689856586925,-0.04691100243764548,-0.02298757434993134,-0.03583519877603579,0.005776912912825864,-0.03283192681460466,-0.06962883298171696,-0.06931174478269683,-0.056709449841950796,0.07096797488394335,-0.06123214583710803,-0.04436933458992548,0.10528872526109338,1.0,-0.029445084382246908,0.023309923195646325,-0.04008718169734281,-0.02867786006296687,-0.05007369639078377,-0.020224470123649564,0.04637962176006973,-0.056887532652836414,-0.04201210050663373,-0.04229868491423849,-0.02259837340670888,0.007104638359101016,-0.031196718973275552,-0.0010536814738615645,-0.04034358194334506,-0.02998315882704765,-0.03218998159682994,-0.020405748513295206,0.03088611905865031,-0.03646093400242387,-0.034452241983180754,-0.040330679865413936,-0.026554467224279753,-0.08988944670998436,-0.026623162386984943,-0.07580020148791136,-0.012727082277217453,-0.003031040277320791,0.05030243889965755,-0.027905668480444318,0.013495102206280096,-0.03782420820941346,0.022961560163547116,-0.05935636089051591,-0.034286316849387065
23,0.008565310743348216,-0.008552791215728316,-0.009231342743229162,-0.018442255855465304,-0.03021973726462976,-0.013889680263939759,-0.03247997314696091,0.009394626106552673,-0.007279422218696444,-0.019649323695529918,0.055296467363145876,-0.01553131503225411,-0.020753238620881548,-0.020221677368070613,-0.0187103946789682,0.018861675606206392,-0.023922848385328342,-0.012230200955564891,-0.02868745416954897,-0.00036253614987121537,-0.01550977100450043,-0.035168812612802774,-0.029445084382246908,1.0,-0.005222451169109639,-0.013991893366727383,0.012665106950738175,-0.015566464554246914,-0.006998248294438872,-0.027460426562799296,-0.0071380520391950315,-0.014881083011852137,0.003790022103265356,-0.007433416343387067,-0.02942299075857528,-0.016420273233291142,-0.01095869279525528,-0.014039636602719147,-0.005555288458671651,-0.010586464059822956,-0.013675608649615763,-0.012840449723992998,-0.013920753601698725,-0.02721754604447715,-0.015339998502632356,-0.01908851564941729,0.0034002920354204865,-0.010145917174450597,0.03343062028218053,-0.004460511048841707,-0.007698339338814492,-0.0100798935377645,-0.017449095411594062,-0.007485209227500296,-0.0071100708009069575,-0.00893944442494864,0.16111130489910808,-0.012047024039924638
24,-0.020533129043646355,-0.009025677257193963,-0.01088648916995994,0.01973090908673685,-0.003500993942148016,-0.012811874783959926,-0.008725795328183648,-0.01436613524091359,-0.006440665959862071,-0.025137354727997108,-0.009812002875161624,0.021539170899618248,-0.01671201637049865,-0.014735556806514862,0.13654461955012054,-0.020357171561854598,-0.021969241293807472,-0.019209209976599334,0.05380821647923752,-0.002597070327218202,-0.013748388983689606,-0.026793612700536328,0.023309923195646325,-0.005222451169109639,1.0,-0.012416022258330718,-0.008811456071051164,-0.016090090285937116,-0.00618664296344334,0.03503229928529914,-0.014685163918492753,-0.013450448086024767,0.004214519157914883,-0.0072676559172145765,-0.013658321977236031,-0.01845567681524738,-0.008941798237648391,-0.012571338191037604,-0.009400432739248975,-0.009992577038425125,0.01040206212718236,-0.011096424434334121,-0.00559798180220658,-0.025554578429398025,-0.013539217538491306,0.0870910485327474,-0.027015609074204926,-0.009294203782632005,0.002567633479629936,-0.0039560720968802735,-0.007435360312570522,-0.007285909734796093,-0.01985266416613687,0.03619031476041697,-0.014500360106497448,-0.00833668416696692,-0.016962436524796634,-0.012705956615555751
25,-0.03021901256861796,-0.010140378508072787,-0.023588482220036244,-0.02964947611152408,-0.04055497814516277,-0.01815316655914,-0.04069272489815756,-0.025905603820664404,-0.009684501380594526,-0.03835134794094723,-0.027673379495820508,-0.0300458486433184,-0.014797634416708802,-0.03727478503896949,-0.03331736419936043,-0.03305306477279453,-0.033859935642226,0.1559111904854028,-0.03913051653462668,-0.03326306518768217,-0.006777547536517154,-0.04583647643372629,-0.04008718169734281,-0.013991893366727383,-0.012416022258330718,1.0,-0.01351050091914451,-0.02355854282744893,-0.009183171417648748,-0.038201025988440857,-0.024056144660642348,0.00922019292128554,-0.033748191693179795,-0.009643833820277427,0.013870808996115914,0.024360675497388552,-0.0038559243303125015,0.013030536755228701,-0.014712616832699827,-0.01515799783185526,-0.021626817832913127,0.0336473060351595,-0.021598623812758712,0.15889312850389853,-0.010659766998883793,-0.05746947619217875,-0.042424256900364304,-0.015257686209391143,-0.036662616443697296,-0.006049840100783756,-0.011365200931092688,-0.01348548196667081,-0.03260689538765453,-0.011160270721175985,0.0016399010193224818,-0.012626140118513887,-0.029941099316219816,-0.018801748205484026
26,0.049196387031869036,-0.009456837671602145,-0.011909808270735057,-0.018457379804303953,-0.02918780174676535,-0.013849244493410663,-0.03503732193118423,0.008419460617349857,-0.007034454615731723,-0.0034185988422269003,-0.008881115983256693,-0.01858910733521813,-0.020140919313356872,-0.014727391712792415,-0.022584509475844266,0.26270485750805816,-0.022582897432279914,-0.019322343106388105,-0.02809274526114513,-0.013175711611528834,-0.01492815371708279,-0.034740027609945934,-0.02867786006296687,0.012665106950738175,-0.008811456071051164,-0.01351050091914451,1.0,-0.017263430196732266,-0.006765010799206368,-0.027237960692844655,-0.0077932646247666024,-0.014492428907009452,-0.016353792975719726,-0.008047324594607469,-0.028527365623378403,-0.01802886212685964,-0.010488027365167366,-0.013698746784935451,-0.010343236392398286,-0.01000760426485886,-0.008070055370632377,-0.012927724605116939,-0.014520971805743296,-0.02728466687553029,-0.01484955195906482,-0.027035377722054853,0.01904287980639424,-0.010574728895681965,0.032665617984906664,-0.004295637516364264,-0.008002879597522234,-0.009737338984669247,-0.021667343333212172,-0.008320555111689191,-0.013535583920897222,-0.008546202582917734,-0.01649217104424039,-0.013323689902027484
27,-0.03464762795753627,0.056945186456465735,-0.030072704229046936,-0.03576888538319396,-0.046955314858040394,-0.005478795095361727,-0.017244837847246418,-0.032824220514056174,-0.008616675982067378,-0.030518732090284554,-0.026040064338673154,-0.035553655168650125,-0.03427406127151941,-0.02370672171309833,-0.020137210966160737,-0.0016067508735018343,-0.042537362606453286,0.06361318778918812,-0.04202363764456298,-0.04084374640890701,0.011078692342122994,-0.05595237347406114,-0.05007369639078377,-0.015566464554246914,-0.016090090285937116,-0.02355854282744893,-0.017263430196732266,1.0,-0.008179384208479194,-0.04503603619811464,0.05069162296026871,0.005812266279413547,-0.03985741705667389,-0.011741657816549253,-0.04251152503348308,-0.0004688027747185399,-0.017927675541147835,-0.016314599277119788,0.20257159025420146,0.02008133391293868,-0.02760605733641385,-0.022985623868251738,-0.027895863195597323,0.019227410395147703,0.052928295334137905,-0.013208818885710136,-0.05336542605223282,-0.019636418170580813,0.06036922415201071,-0.0024802689671428804,-0.012530281502776568,-0.017217936253514414,-0.013549651026628213,-0.012975123748913107,-0.006607922177973663,-0.015447601891096339,0.005633885533044416,0.01457846728061373
28,-0.017678882963051923,0.01340278278702083,-0.01182762362372632,-0.01484042516630641,-0.020156183553877167,0.08880085803944383,-0.025271819805940565,-0.012878319794920653,-0.00265083764602992,-0.01894725507912447,-0.013665666221812502,-0.015293068986594266,-0.01347102515705454,-0.01833246376017123,-0.01665034786798443,-0.016213394337359337,-0.016733417546717092,-0.011211110800747912,-0.019654741783831003,-0.016572963703017696,0.004640069474495908,-0.024080928110166357,-0.020224470123649564,-0.006998248294438872,-0.00618664296344334,-0.009183171417648748,-0.006765010799206368,-0.008179384208479194,1.0,-0.019244659219499513,0.005044261462834512,-0.008421957663521948,-0.01937491357845709,-0.003286652916669427,0.014087367139956768,-0.0021519917134722446,-0.007427611819084245,0.017311878879187503,-0.005622140227132137,-0.006199562906770143,-0.01086068797790133,-0.009023453796464513,-0.010829544928566349,-0.018822798362557805,-0.002004830715159037,-0.028251343304725604,-0.021012467354336598,-0.007664571220488782,-0.006174866056641714,-0.0028824369551644115,-0.005824903913653114,-0.006872760825161666,-0.016261577759005393,-0.005847302920685294,-0.009992229398297782,-0.006546559621842519,-0.012654398062264859,-0.00947716667211515
29,-0.053405150454631754,-0.024796430942104188,0.10690354243628244,-0.011578414853312239,0.0838033565293457,-0.03887597296264103,-0.040740412158403586,-0.048340909606399904,-0.01830581387060068,-0.07756166252678312,-0.04291860518438792,0.0072155960644750185,-0.040234687861324156,0.2680281105951832,-0.004315971055435845,-0.0653994225331139,-0.06822432304621273,-0.04850179889583786,0.12393961304022573,0.028195717933697545,-0.039958455068169536,0.18220551298894794,0.04637962176006973,-0.027460426562799296,0.03503229928529914,-0.038201025988440857,-0.027237960692844655,-0.04503603619811464,-0.019244659219499513,1.0,-0.027053203862635558,-0.04118279535451155,0.0017262971532405746,-0.022290760510882326,-0.04590387390965521,-0.03629548916937896,-0.025304329084806412,-0.038864039909698986,-0.024944659333470703,-0.030773600804305697,0.03795846225068885,-0.03138049825490764,0.16969208141786365,-0.048863421327708836,-0.03948057717144138,0.16504254755133882,-0.08582917881188058,0.14877895179755096,-0.055660612513658156,-0.011155984513893765,0.0019005273249692958,0.0027391838699412172,0.12182220523786856,-0.00026786993847466344,0.008108715922820173,-0.012226884816434743,-0.057461929267736765,-0.03740251368564018
30,-0.033496817791377954,0.073919110852715,-0.02513244390558786,-0.022256823666003914,-0.022527559343365706,0.09038008534581479,-0.05513593000694761,-0.027750107113012776,0.024903987201139673,-0.04818038071252764,-0.011640707271357676,-0.024842441269950014,-0.022031232544528222,0.004778912922345377,-0.019624205105500444,0.0009973508626042122,-0.03995721311296799,0.0528497095174604,-0.03484667115428575,-0.03428077814335417,0.028666752255244662,0.005400439462689859,-0.056887532652836414,-0.0071380520391950315,-0.014685163918492753,-0.024056144660642348,-0.0077932646247666024,0.05069162296026871,0.005044261462834512,-0.027053203862635558,1.0,-0.01613794421439677,-0.0377619865576221,-0.012605916120511589,0.04697955158720576,-0.00355106979774631,-0.0216889213786342,0.004785526935191297,0.03524010081331182,-0.005257993701750164,-0.028872286248284657,-0.02331851787192262,-0.028072843219932052,-0.04729480282360432,-0.00021273008130604345,-0.019363110002907403,-0.039119457463053134,-0.0047888576625705155,0.02953251555203229,-0.007545007428533449,0.013737284134029873,-0.019420660879690004,0.01668342731117231,-0.00768067482213017,0.017787589074840585,-0.018920165937949943,0.059001935925018366,-0.02514045432145832
31,-0.026758550003480805,-0.005804758470476434,-0.025331037643358048,-0.030403750931254327,-0.0437234025275197,-0.01559957472676944,-0.03687408421749953,-0.02669335481662747,-0.008194303930482708,-0.028005839669144085,-0.024843831827906216,-0.023736104772486562,-0.028607257209760664,-0.038375279240478316,-0.03611160246379869,-0.03143556603716867,-0.036258674697437814,0.049713312069371844,-0.04050518601971059,-0.035911292010231716,-0.012492757513708545,-0.050984879103369476,-0.04201210050663373,-0.014881083011852137,-0.013450448086024767,0.00922019292128554,-0.014492428907009452,0.005812266279413547,-0.008421957663521948,-0.04118279535451155,-0.01613794421439677,1.0,-0.025145439081399015,0.06311034697744028,-0.013178244283418978,0.036724443648990766,-0.0016245684683958716,0.00012314098220009002,-0.0058823179806086435,-0.008341173596168008,-0.023146022755985676,-0.011112742827546599,-0.023415966730196684,0.0461978348656531,-0.01490449108970561,-0.06058767679571455,-0.04498769928114768,-0.016565972589625916,-0.020395257155992254,-0.005736872204152703,-0.011080479215977376,-0.014721099322384728,-0.029828391000119275,-0.01254194656674322,-0.02142020610554944,-0.013550844923786595,-0.013487312858708377,0.04199823618250673
