,0,1,2,3,4,5,6,7,8,9,10,11,12,13,14,15,16,17,18,19,20,21,22,23,24,25,26,27,28,29,30,31,32,33,34,35,36,37,38,39,40,41,42,43,44,45,46,47,48,49,50,51,52,53,54,55,56,57,58
0,1.0,-0.03602500681895257,-0.039289539281450916,0.011627931168325396,-0.057293843989078164,-0.06962669313684665,0.007785456924475222,0.0354445923129164,-0.035465039395685655,-0.07137154201182509,0.08913045285530594,0.09538619866432857,-0.043592310137622894,0.029692601893835772,0.015055653163756576,-0.08314978006281712,-0.10500964811966118,-0.04533786520844389,-0.023961073138203233,-0.06024483821203143,-0.07029070623977585,-0.06990079100732566,-0.03986437376092253,0.009822135009083077,-0.00802860174505036,-0.053993823116393044,-0.03214497253164858,-0.05525254415616409,-0.04503853666120969,0.017166446533129136,-0.060909236363380304,-0.026457452282769533,0.20836927084383833,-0.034598827054067825,-0.027923325944603436,-0.03926080662433134,-0.027271230830874234,-0.05665647643327076,-0.022594580541798803,-0.021650973606137745,-0.026405509373977704,-0.030119010731429738,-0.031766504566230674,0.010768723252879316,-0.06324390496176832,-0.03540330865939356,-0.11624995158288995,-0.013375352624990313,-0.01930992401672487,-0.003182782441700011,-0.0029917411696212897,-0.03796032195937402,-0.014961925916162199,0.02956638162021392,0.033437203006261476,0.04218567652490537,-0.07239290418020816,-0.048755600880621836,-0.03321625613046593
1,-0.03602500681895257,1.0,-0.007902309960597594,-0.007015671613601322,-0.02238226632658595,0.1749159849655204,-0.02609807137652753,-0.01841248606721494,0.0029547538891645355,-0.026632115410336773,-0.017966086796257483,-0.0209994622600041,-0.007576325881658131,-0.017389350037927548,-0.009778784459338176,-0.014537885158514525,-0.023916808146866135,0.10672781045901988,-0.02392771161414216,-0.02356946365088665,-3.657975315965543e-05,-0.022183941034571435,-0.02852140469282354,-0.00846894860239764,-0.008981145435217486,-0.010126665793064276,-0.009438726164291134,0.056960971931182595,-0.0020475490668820733,-0.024524966004552087,0.07398576875073577,-0.005713997289758431,-0.020469215218974202,0.0012054154680551836,0.05379836180722991,-0.0009004714201390224,-0.010083529710961584,0.005370530954548149,-0.0029486885147710323,-0.005463655531898729,-0.015655437466826662,-0.011696554447612648,-0.015756941971315178,-0.02111803151029406,0.08570333559779245,-0.016439568515486492,-0.027079428930426662,-0.011111620453387937,-0.013840544081366202,-0.009262573429919959,-0.006637240579645184,-0.009778292452298368,-0.012996398364524321,-0.018581627142694075,-0.0004310272683107847,-0.008912090039836779,-0.013097627886462734,-0.006115930362703057,0.01344631129378392
2,-0.039289539281450916,-0.007902309960597594,1.0,-0.005727301746223922,-0.020383718723764363,-0.011143282178738797,-0.027438130955940637,-0.014259566763708601,-0.004793668827906158,-0.021700945325802454,-0.012931484135899023,-0.004444007041701054,-0.015699401081925857,0.028873527353618873,0.007627088088295755,-0.017820872506467127,-0.019092951826693162,-0.016654641199063052,-0.0022574858660603164,0.006301465639498256,-0.011968362451458731,0.0017474298910836478,-0.018249386592803354,-0.0073687147012189815,-0.005537423921559492,-0.010827868432568648,-0.007177757245318912,-0.013827803863100467,-0.008037200222190302,0.11212986633211032,0.007869619513408376,-0.011636853431748362,0.03611556056020097,-0.006480596936776148,-0.022782793623766007,-0.014434678521586499,-0.008497112996056478,-0.010966695130168954,-0.00341780985358754,-0.008631186180524294,-0.009167901691785187,-0.010368644950983106,0.07043706876581719,-0.022039968791152286,-0.011978425507498065,0.14305663784056155,-0.023517633885288006,0.5086368513482745,-0.01680298211340541,0.03408362500684096,-0.004367988533890033,-0.007442183616486507,0.0013560751129589477,-0.014775802693784916,-0.007918337661296546,-0.00730540385303374,-0.015724462528382485,-0.01095929568450383,-0.005426684369669602
3,0.011627931168325396,-0.007015671613601322,-0.005727301746223922,1.0,-0.009573909677345794,-0.010745165526886695,-0.015000465038762801,-0.01214984312564305,-0.005526581109524901,-0.021400205589525555,-0.005040760941365737,0.019461676936737587,-0.012118473495865666,0.0325517987019719,-0.0009417924861231594,-0.017521544837576168,-0.0189140646066667,-0.014368511079349042,-0.0010569361506533653,-0.01345152926436756,-0.011764936127164689,-0.01465308362365692,0.012853164553759188,-0.00710571456735849,0.03559877676635214,-0.010229633527938634,-0.007502346490020281,-0.011890311509470342,-0.007971311905294704,-0.00328735310170637,-0.0062479315019755705,-0.011228699082200293,0.03517382876731439,-0.006329797232828293,-0.01344986422582743,-0.01363996328534137,-0.007340399927828958,-0.010433545510380749,-0.0033836479559531145,-0.008474156549207938,-0.008070143113144896,-0.008429094462436414,-0.011488875751584457,-0.019630946129279726,-0.011327560637018367,-0.008270666037132035,-0.023128387297631527,-0.008279512664166315,-0.007864385716971643,-0.014704832539375039,-0.005878925795027362,-0.003679027865110549,-0.008918611044544427,-0.013228465045459695,-0.007260786489363892,-0.005236126803892565,-0.01653203345217026,-0.010707203702960444,-0.005276359375196197
4,-0.057293843989078164,-0.02238226632658595,-0.020383718723764363,-0.009573909677345794,1.0,-0.038814585737063693,0.02942881107963386,-0.0554236449197104,-0.02059302273358605,-0.08231692782436781,-0.052292027523370935,-0.052537029142397766,0.09118000126614205,-0.040965651482456095,-0.03014188313866432,-0.07086738051453464,-0.07276053646113316,-0.03105953715702032,0.16073761325332708,-0.0689511164332892,-0.04263790461223105,0.3691879872983283,0.1702292932087151,-0.02998678639055067,-0.0034031624791032804,-0.04045763224314752,-0.02918890827110692,-0.04678150981642612,-0.02714943722402232,0.08601960746063866,-0.02235647226004078,-0.04361379051741013,-0.032976911310412395,-0.024251497218548974,0.1689305766518679,-0.015950650052060728,-0.021292110451660604,-0.038421399293817673,-0.012613010178843425,-0.03286241402957529,-0.024000191614374486,-0.011344176552513512,-0.026688739039229095,-0.027569234938291217,-0.03389132803913554,-0.03500256860420251,-0.09156716736870624,-0.028605500374452437,-0.07775999981248345,-0.016792458142161765,0.0373175079939601,0.06463937291519596,0.07326204614970497,-0.0552739164156677,-0.01965856772437499,-0.02418174613663672,-0.06322067902034274,-0.04076343179180808,-0.020049481634819837
5,-0.06962669313684665,0.1749159849655204,-0.011143282178738797,-0.010745165526886695,-0.038814585737063693,1.0,-0.045560714164101734,-0.0264877746448478,0.012792793531054128,-0.039096867082175246,-0.025652957047676696,-0.030653681947772404,-0.024002591944392866,-0.05669580695557895,-0.026878313562775362,-0.030174478738168503,-0.03344652044845621,0.13974516275642596,-0.03952414953697128,-0.03408879683261388,0.043074333509318406,-0.046775415905080865,-0.04072120820260959,-0.01369006017028553,-0.012756197958169995,-0.018160986186916216,-0.013881692770475417,-0.005417676378168019,-0.012086091551760773,-0.038413743938605985,0.09044584906361616,-0.015385282625584727,-0.03574246593161717,0.020373967303754306,0.09674169262718993,-0.00842577734991643,-0.015052988753437852,0.11588689728272106,-0.005920802595339377,0.002698645681585489,-0.022198875335844512,-0.017826645007808936,-0.02205791641158611,-0.023446658651008662,0.12277372497459732,-0.023610059528668657,-0.04205950146069054,-0.015335593923759556,-0.03448226892431449,-0.029164736289324894,-0.01156168013932344,-0.013861491629157976,-0.02995376850633623,-0.028041174918716563,-0.00029018361521982285,-0.013024419218366976,-0.024426527850621084,-0.012695987499077355,0.0888582553192738
6,0.007785456924475222,-0.02609807137652753,-0.027438130955940637,-0.015000465038762801,0.02942881107963386,-0.045560714164101734,1.0,-0.06024990946157154,-0.02470412031967181,-0.08435565770435086,-0.053958279227442146,-0.042304524059962316,-0.03875011398861043,-0.06344746014071839,-0.03787606989485434,-0.07924516648309463,-0.08368238791858995,-0.041054580690007315,0.01399645699356308,-0.07795216141575864,-0.049300410241492815,0.069997879249389,0.059753046778737176,-0.031966533480251226,-0.009338226582222223,-0.039323473705324484,-0.03415646887245563,-0.01446771665612124,-0.015833417566583956,-0.0412351182292338,-0.052410568360235686,-0.035602509922084746,-0.019414152362430548,-0.014912923751172612,0.04749897038800221,-0.013088572961543126,0.1074681234297178,-0.043942067400359684,-0.014554019169760714,-0.03331374916825226,-0.05313381960432356,0.007028006223582683,-0.055291699015723485,0.23268610827562303,-0.007641587321271872,-0.04663651764045288,-0.10478447797958534,-0.03845022472701568,-0.0809919755446086,-0.020538881651576333,0.0005408673614660966,0.050001371590105745,-0.022138304103933755,-0.022975505509497122,-0.03661571189084664,0.00843324082026261,-0.025640327339328736,0.04018830019581147,-0.02435433317193525
7,0.0354445923129164,-0.01841248606721494,-0.014259566763708601,-0.01214984312564305,-0.0554236449197104,-0.0264877746448478,-0.06024990946157154,1.0,-0.013533454066695195,0.07478423274091557,0.040336317108881095,-0.01933495257757617,-0.03840719730625939,-0.04999986551544819,-0.032564792685022825,-0.0018072668789900076,-0.03669712428475567,-0.022421402888104347,-0.04978007623947779,-0.014387545497187359,-0.028708923724140047,-0.061804446774749236,-0.04846480030237921,0.009330555180727644,-0.014306600257019745,-0.02580730545418526,0.008255918032754533,-0.03279466592422796,-0.019363406267117744,-0.048082813671911584,-0.027688234345151747,-0.026803650275257558,-0.001444908108218734,-0.015120733378402397,-0.05312595650432349,-0.034406941197753796,-0.02005167013210485,-0.025676891109262974,-0.008212221647893305,0.01151237220661347,-0.019770933187939772,-0.023717780517068975,-0.027192213829524078,-0.028886619128817837,-0.028492819341450787,-0.023030668004272864,0.11627012294325001,-0.019746772824959236,0.10967275340293225,-0.035542845946164886,-0.013699229663690509,-0.018321418901420465,-0.033276753625088806,0.26327465396789457,0.029413087915768524,0.0652922898845936,-0.031212855493044728,-0.023674812230128624,-0.01286495881494023
8,-0.035465039395685655,0.0029547538891645355,-0.004793668827906158,-0.005526581109524901,-0.02059302273358605,0.012792793531054128,-0.02470412031967181,-0.013533454066695195,1.0,-0.019940503923867953,-0.01305790666645052,-0.015153055886319308,-0.01322628046365916,-0.024265021114107964,-0.0045995865263344215,-0.01709005537741988,-0.017599241301527707,-0.008684563954412977,-0.019376306020493318,-0.016593295182543568,0.0938581982325981,-0.02266521489472767,-0.021020900649862187,-0.007191165866308906,-0.00641489389180055,-0.00968881218861778,-0.007055553534883676,-0.008564288252417795,-0.005979305976166456,-0.018053325741443894,0.02490864385646584,-0.008102208054359706,-0.01765099024555569,-0.00556834301533451,-0.008773309729137079,-0.01189442456289995,-0.007818183965237719,-0.005703140978282099,-0.0031011496213490786,-0.00641270279864397,-0.01119915334114268,-0.009251649584462887,-0.010606749634635013,-0.020115390538019015,0.00018962734552104173,-0.011670503483580303,-0.02208178006880112,-0.005980922751902677,-0.014358669321003228,0.00214730859637302,-0.005387904870311575,-0.007058236298490042,0.0005540593715512914,-0.014248964658884339,-0.0072589410096902795,-0.006692195793566826,-0.014771029045499776,-0.009558170219979092,-0.0026324946969953737
9,-0.07137154201182509,-0.026632115410336773,-0.021700945325802454,-0.021400205589525555,-0.08231692782436781,-0.039096867082175246,-0.08435565770435086,0.07478423274091557,-0.019940503923867953,1.0,-0.014032270909626613,-0.02676964967541091,-0.057265500671379185,-0.10990382631910145,-0.0671171954034947,-0.02154902141644778,0.16959955686828632,-0.04481531404963419,-0.0799157752247287,-0.06167519387718327,-0.04263947490071141,-0.09809821166675184,-0.07866169916055979,-0.019456220028038335,-0.025043895052776176,-0.038371601909030176,-0.003519391874786764,-0.030601017054492266,-0.02741480416970534,-0.07692781772100901,-0.04818754131215233,-0.02799337700835123,-0.05515267222769167,-0.02230818388543438,-0.07876619321290576,-0.044912159085080394,-0.029945683351132457,-0.03801851214548023,-0.008361943863393909,0.19144706334825667,-0.04273337900243075,-0.036718592556278865,-0.04301932212766383,-0.0573014890761543,-0.0388828069815872,-0.045202898168396344,0.10790306285051093,-0.030437670724657504,-0.045785390350143194,-0.05639072269705486,-0.021402538600244256,-0.02766761505617575,-0.06623833435716914,0.11829992216703367,-0.040143427330219,-0.024432613838943903,-0.0450675191905818,-0.012663742887754993,-0.0189372805172104
10,0.08913045285530594,-0.017966086796257483,-0.012931484135899023,-0.005040760941365737,-0.052292027523370935,-0.025652957047676696,-0.053958279227442146,0.040336317108881095,-0.01305790666645052,-0.014032270909626613,1.0,0.00530595964610042,-0.03738814416771412,-0.004755837747597136,-0.014630009601271431,-0.018667876922972556,-0.013271724762762553,-0.02884192825800381,-0.04695373039872863,-0.008214061685415776,-0.027798401113529287,-0.03704675673182775,-0.04555351632383897,0.05536417537050799,-0.009485414376999486,-0.025252812194922883,-0.008261558025644537,-0.02359083514572268,-0.01848051728321318,-0.04229283441911005,-0.009076013640670167,-0.023360732807530718,0.009643381644261763,-0.014046365801526236,-0.050490222613157984,-0.03484837956012563,-0.01861643267395949,-0.024728518634790676,-0.007938004668274767,-0.012147236699474751,0.003568263717454892,-0.022779580713757946,-0.021854798940592304,-0.034497581620127775,-0.025031349759846087,-0.011553250347814303,0.11658802465425874,-0.018074343949795502,0.04330856917920469,-0.03163061660941893,-0.013499189434442966,-0.01798798050543372,-0.0036284253570409413,0.03287773383810742,0.004536998181407526,-0.015282732472194183,-0.02449018676377569,-0.016739296569353378,-0.012477278671040004
11,0.09538619866432857,-0.0209994622600041,-0.004444007041701054,0.019461676936737587,-0.052537029142397766,-0.030653681947772404,-0.042304524059962316,-0.01933495257757617,-0.015153055886319308,-0.02676964967541091,0.00530595964610042,1.0,-0.034773452018381786,0.07225905018281173,0.04853769879624741,-0.03792749032696424,-0.05084358053711498,-0.031207139296897345,-0.00885368973879182,0.0710889045026705,-0.032196849816309436,-0.05599547291412712,-0.013812209051697761,-0.018627808831550623,0.021904300855766442,-0.030320779371392895,-0.018957617523358842,-0.03669957228314925,-0.022232851246892036,-0.007639695201788916,-0.022827194992797555,-0.030218418541465175,0.056521878179968045,-0.01806745389792942,-0.05197794888132188,-0.042510948317607725,-0.0031646085913021316,-0.03059244957691871,-0.009646787461601603,-0.010785490457656794,0.05671405980493306,-0.026095399161803798,-0.004900747210400633,-0.027785958561647228,-0.031843110738812616,0.036541628005061534,-0.060535080160044955,-0.017031742338780506,-0.010331250617270875,-0.03706841712011501,-0.01571298663058106,-0.019679803819834793,-0.019890007190544397,-0.023679734027957686,-0.017109954865116128,-0.015381491648779635,-0.043644383027217126,-0.029982448059845658,-0.015126554472792826
12,-0.043592310137622894,-0.007576325881658131,-0.015699401081925857,-0.012118473495865666,0.09118000126614205,-0.024002591944392866,-0.03875011398861043,-0.03840719730625939,-0.01322628046365916,-0.057265500671379185,-0.03738814416771412,-0.034773452018381786,1.0,-0.05253037599424153,0.07504012989001967,-0.048922613381266015,-0.05030959923335533,-0.02803791471730413,-0.021102281453264267,-0.049000556259238756,-0.024743460371869044,0.07864903607653459,-0.03578075490965415,-0.020545467806483225,-0.016624976676024906,-0.014728889425165674,-0.020121531097667327,-0.03416244024112244,-0.020081170363786628,-0.03959763141551039,-0.021937115018351626,-0.028477697380618953,-0.029972861802047366,-0.01588551932826908,0.3441512080028736,0.020516360926464715,-0.010617142251766111,-0.01255078083064615,-0.008739134463473741,-0.022296175497611072,-0.03172688125212886,0.0894578824054301,-0.031971306959113904,-0.04446273072848521,-0.019915885499221526,-0.0325596115900879,-0.06305540239121318,-0.022143114442076964,-0.04613628974888465,0.01890102450781558,0.06551514555287274,-0.007246463593380753,-0.02420250071993698,-0.0394021601456774,0.06433450541208359,-0.014022177162868923,-0.040134936285253345,-0.02833706324413256,-0.01338827561927583
13,0.029692601893835772,-0.017389350037927548,0.028873527353618873,0.0325517987019719,-0.040965651482456095,-0.05669580695557895,-0.06344746014071839,-0.04999986551544819,-0.024265021114107964,-0.10990382631910145,-0.004755837747597136,0.07225905018281173,-0.05253037599424153,1.0,0.13509426783928769,-0.02388305268231477,-0.0971557911096858,-0.052930113600743234,0.04973574950947833,0.30218626952099176,-0.05131113827424914,-0.005400471246012463,-0.026701126520168872,-0.01917704078484256,0.08703747454717237,-0.057514466006516954,-0.026994367955334907,-0.013144128473284125,-0.0001521045542144544,0.16507019132613437,-0.018868259188131262,-0.06088441453521663,0.06089266041787709,-0.03355504570264924,-0.08986144616089936,-0.07185674707554011,-0.04104772998779981,-0.05682912364485832,-0.015551600237903602,-0.04248166127462541,0.16485720846082835,-0.05057974567851063,0.11933483606864978,-0.09957690945006434,-0.05844811272406809,0.11767553131790187,-0.11138801560565535,0.008753741392743342,0.029300144671690273,0.2124303087466976,0.0038431509325954514,-0.03199076219755376,0.16101735833756944,-0.04437913910285657,0.04568848594175674,-0.029965663035972354,0.018303128226574022,-0.05427364994005211,-0.028264350184881257
14,0.015055653163756576,-0.009778784459338176,0.007627088088295755,-0.0009417924861231594,-0.03014188313866432,-0.026878313562775362,-0.03787606989485434,-0.032564792685022825,-0.0045995865263344215,-0.0671171954034947,-0.014630009601271431,0.04853769879624741,0.07504012989001967,0.13509426783928769,1.0,-0.0388381199695956,-0.05936187891269699,-0.028348011498467683,-0.01367674903113407,0.09060946451984393,-0.03244840620885307,-0.028521967259348475,-0.03287673500349574,-0.018654614510386653,0.13653377935624417,-0.033239657369643016,-0.02253779186043824,-0.02001480593732607,-0.02276985065972458,-0.004910699140423238,-0.01943370792375817,-0.036007241339443524,0.0012378299556469888,-0.019883217105970234,0.02003855787232578,-0.029590492280585096,-0.02314080025401178,-0.0127287856015874,-0.0105085035762888,-0.016499065558863137,0.059550922097020606,-0.013572334986065965,-0.009960056476364285,-0.05183467105019818,-0.03145110652351887,-0.0022422822238838116,-0.06921442662977553,-0.007130522406810027,-0.005222796682536355,0.03152388424091997,-0.01069867346773415,-0.019458845330850842,-0.010273081709991496,-0.02482456863478396,0.051039401786830856,-0.018927103986494206,-0.018317386718953662,-0.032674107515689874,-0.016578775044079508
15,-0.08314978006281712,-0.014537885158514525,-0.017820872506467127,-0.017521544837576168,-0.07086738051453464,-0.030174478738168503,-0.07924516648309463,-0.0018072668789900076,-0.01709005537741988,-0.02154902141644778,-0.018667876922972556,-0.03792749032696424,-0.048922613381266015,-0.02388305268231477,-0.0388381199695956,1.0,-0.04645401010506023,-0.038473440169697205,-0.06716021514831363,0.03301598381433076,-0.029808365687937682,-0.08223640278481106,-0.06949462104447966,0.019146699681275463,-0.02024281736672354,-0.033030503065419055,0.26309287900467127,-0.001472068408332677,0.001577212845051931,-0.06467096947914795,0.0010580517113627284,-0.0312657419415331,-0.04713803681201498,-0.019476777008429955,-0.06943111398660982,-0.022625545579305774,-0.02581526967609847,-0.03320412634074714,-0.009887607771506539,0.0021192811734990023,-0.021423946779856505,-0.031674990362789694,-0.029731329559359712,-0.06514320917013926,-0.03535611519374658,-0.022182624148746492,0.047547728905117395,-0.025122638036048077,0.1271853828580397,-0.04349392821142477,-0.019403399382017836,-0.023763299316129402,-0.010086654070137634,-0.010203811977224565,-0.026426431057049792,-0.0219617798066054,0.14550727191680435,-0.030461597801970542,-0.01613828434125212
16,-0.10500964811966118,-0.023916808146866135,-0.019092951826693162,-0.0189140646066667,-0.07276053646113316,-0.03344652044845621,-0.08368238791858995,-0.03669712428475567,-0.017599241301527707,0.16959955686828632,-0.013271724762762553,-0.05084358053711498,-0.05030959923335533,-0.0971557911096858,-0.05936187891269699,-0.04645401010506023,1.0,-0.05091137431885784,-0.0698631378564146,-0.05865733788910444,-0.03684357874990206,-0.08681542059854003,-0.06927979464987416,-0.02365526825726237,-0.021855993072437064,-0.03384671576235768,-0.02263389053472107,-0.04245295749120126,-0.024933439399478202,-0.06746906422816112,-0.039924758247064054,-0.03606348558419289,-0.06206888685193519,-0.019981597344387626,-0.0715632267926292,-0.05073541664524106,-0.026393486421169742,-0.031803115090046276,0.036546643947196956,-0.025218740523983728,-0.03809965658932976,-0.03220674336834658,-0.03818776941286947,-0.06697659801537507,-0.035524797552589,-0.04027868397269606,0.2624218111457107,-0.02634363762190651,-0.06718532225930954,-0.048720503017455376,-0.0197553874121687,-0.024531190195624827,-0.061715166902683485,-0.032135774772977535,-0.03686284148519982,-0.02276438026000946,-0.0497518842196239,-0.03339239085176213,-0.016678503233764796
17,-0.04533786520844389,0.10672781045901988,-0.016654641199063052,-0.014368511079349042,-0.03105953715702032,0.13974516275642596,-0.041054580690007315,-0.022421402888104347,-0.008684563954412977,-0.04481531404963419,-0.02884192825800381,-0.031207139296897345,-0.02803791471730413,-0.052930113600743234,-0.028348011498467683,-0.038473440169697205,-0.05091137431885784,1.0,-0.04751427162812287,-0.04482673698679696,0.07696529145891695,-0.05515687255874174,-0.056670003990764786,-0.01214079263640889,-0.019114022815204634,0.1559316481080606,-0.019350108414715288,0.06373036757493782,-0.0035493435704370235,-0.047993566365063425,0.052996901853081625,0.04987933149264932,-0.03238039818912432,-0.008737155398496572,0.015336171609129236,0.07517786049024269,-0.01695895759751651,0.02157631081439279,-0.00881704038812179,-0.011769550235501112,-0.033107724533790114,-0.019675892689179207,-0.033276205828516515,0.04518059872468347,0.021505851668253525,-0.03305065491009716,-0.05972789680501568,-0.023519179787934816,-0.0003035066544181588,0.02607802494903432,-0.010972811986142871,-0.02098065642235744,-0.028490014020591356,-0.014999848547961556,-0.009330843159614691,-0.018517809770736093,-0.005551042493719359,0.0029495973121473245,-0.011125199641648518
18,-0.023961073138203233,-0.02392771161414216,-0.0022574858660603164,-0.0010569361506533653,0.16073761325332708,-0.03952414953697128,0.01399645699356308,-0.04978007623947779,-0.019376306020493318,-0.0799157752247287,-0.04695373039872863,-0.00885368973879182,-0.021102281453264267,0.04973574950947833,-0.01367674903113407,-0.06716021514831363,-0.0698631378564146,-0.04751427162812287,1.0,-0.03317729816350154,-0.040894266060142535,0.24938262502081593,0.07124130069108134,-0.028541599352480428,0.05397752756410953,-0.038999831516651234,-0.028094349587911634,-0.04181599411703556,-0.025571983899390312,0.1255393520396106,-0.03470996436446176,-0.04031408570175048,-0.015315576910732523,-0.021232722900386924,0.04173375008151874,-0.030977634539151894,-0.01354537927581682,-0.038955473551616646,-0.01175145017599204,-0.031690640959982454,0.01085141098013339,0.019470605989948705,0.12036686399257411,-0.05111104873674157,-0.040433834592597154,0.07962314016193428,-0.08740995202612811,0.041583907400283324,-0.06781895175016678,0.026251954353150024,-0.00612059860910198,0.0136905317489514,0.16613396709102074,-0.054230134978077604,-0.022178276145927472,0.011458757824408925,-0.057991525218030915,-0.038894485770247025,-0.019563029319040505
19,-0.06024483821203143,-0.02356946365088665,0.006301465639498256,-0.01345152926436756,-0.0689511164332892,-0.03408879683261388,-0.07795216141575864,-0.014387545497187359,-0.016593295182543568,-0.06167519387718327,-0.008214061685415776,0.0710889045026705,-0.049000556259238756,0.30218626952099176,0.09060946451984393,0.03301598381433076,-0.05865733788910444,-0.04482673698679696,-0.03317729816350154,1.0,-0.03667057912447602,-0.0733439763493218,-0.06115122184514078,-0.00011611479661202467,-0.002479742294861121,-0.03325651061351263,-0.013199799136225165,-0.04072268274256044,-0.02340498520169426,0.028876782644927098,-0.03426873454062756,-0.03575818315454883,-0.011131040368320914,-0.019390459090597237,-0.06908657277363375,-0.04487948817933386,-0.025332242654155943,-0.033694393261629,-0.010448661353601495,-0.0251913382771246,0.020418063716233427,-0.03120399847677594,0.039511462139043566,-0.05678468475017943,-0.03624785392558475,0.05147083741154229,-0.0676580101166902,0.005121124957525598,0.026421646168887564,0.009343934039070516,-0.01895233385893403,-0.023730420630960987,-0.019995987694775372,0.005307207860695048,0.048419536323571745,-0.012010707905074965,0.015679636717038082,-0.03188563475390689,-0.0165223096063155
20,-0.07029070623977585,-3.657975315965543e-05,-0.011968362451458731,-0.011764936127164689,-0.04263790461223105,0.043074333509318406,-0.049300410241492815,-0.028708923724140047,0.0938581982325981,-0.04263947490071141,-0.027798401113529287,-0.032196849816309436,-0.024743460371869044,-0.05131113827424914,-0.03244840620885307,-0.029808365687937682,-0.03684357874990206,0.07696529145891695,-0.040894266060142535,-0.03667057912447602,1.0,-0.048712969993140884,-0.0443351942909847,-0.015332376445091722,-0.013684060710042217,-0.006771372597966825,-0.01494377065923565,0.011141389887788246,0.0210486946922738,-0.03948240809535063,0.028691438547996228,-0.01237937262268702,-0.03918275708650336,-0.011580210486049767,-0.026119987478379975,-0.005006937786490015,-0.016036112231911447,0.0703284233632109,-0.0064766831025452,-0.013813071871437686,-0.02378230176064563,-0.01834183319237078,-0.023769508062054703,-0.04082883423780995,0.168694001267077,-0.025053817029672302,-0.04702103042758214,-0.01679942357941889,-0.032890550019228845,-0.024592645091023276,-0.009591773737865305,-0.014904519492966426,-0.01586532918065012,-0.03006450473092013,-0.014456625092782387,-0.013209555884177044,-0.028712671394210285,-0.019291733454734276,0.004686584311131195
21,-0.06990079100732566,-0.022183941034571435,0.0017474298910836478,-0.01465308362365692,0.3691879872983283,-0.046775415905080865,0.069997879249389,-0.061804446774749236,-0.02266521489472767,-0.09809821166675184,-0.03704675673182775,-0.05599547291412712,0.07864903607653459,-0.005400471246012463,-0.028521967259348475,-0.08223640278481106,-0.08681542059854003,-0.05515687255874174,0.24938262502081593,-0.0733439763493218,-0.048712969993140884,1.0,0.1054940550194142,-0.034902032199955836,-0.026613650527348914,-0.045800082195917094,-0.03477929800816523,-0.05582590311413424,-0.031666501163752414,0.1842220797662339,0.0054077289641881465,-0.05079276183271132,-0.017282332433027837,-0.024773561328759193,0.11807826345242313,0.014230717460413149,-0.023919370052750036,-0.0454116219867144,-0.01499764236113817,-0.039223616279694805,-0.037735886219307894,0.022775840377320725,0.006867656310445247,-0.06176508513193709,-0.04311974803989005,0.01900780765293352,-0.10730242005138724,0.007727953333201119,-0.07920220149509033,0.0411653108947579,0.05137524791264368,0.09424650225874573,0.1357862617976111,-0.06671394860557493,-0.0036979201807417475,-0.009450412980608223,-0.07001392134625023,-0.04648688930405996,-0.023993984886769376
22,-0.03986437376092253,-0.02852140469282354,-0.018249386592803354,0.012853164553759188,0.1702292932087151,-0.04072120820260959,0.059753046778737176,-0.04846480030237921,-0.021020900649862187,-0.07866169916055979,-0.04555351632383897,-0.013812209051697761,-0.03578075490965415,-0.026701126520168872,-0.03287673500349574,-0.06949462104447966,-0.06927979464987416,-0.056670003990764786,0.07124130069108134,-0.06115122184514078,-0.0443351942909847,0.1054940550194142,1.0,-0.029341184860149666,0.023363997475018886,-0.04006217132316239,-0.028728329542647545,-0.04996267512322573,-0.029892473566877277,0.04718008352787022,-0.05683708788282559,-0.04192890036143389,-0.04024917056747933,-0.02256288310809685,0.00713102424269954,-0.030437934048818612,-0.001067665955306516,-0.040304140348182416,-0.012721837227189392,-0.03221314026659776,-0.020414402078973385,0.030998079837815096,-0.03636361257818564,-0.033893877650446644,-0.040297849964030324,-0.026175601484222818,-0.0898360657929802,-0.02637082523756347,-0.07555760648287854,-0.02440087199814259,-0.0027597161213923603,0.050429699385766726,0.005603174801605522,-0.05352840443781857,-0.03711360621774354,0.0232725750922585,-0.05902994403031844,-0.03426293549627302,-0.020184390891643752
23,0.009822135009083077,-0.00846894860239764,-0.0073687147012189815,-0.00710571456735849,-0.02998678639055067,-0.01369006017028553,-0.031966533480251226,0.009330555180727644,-0.007191165866308906,-0.019456220028038335,0.05536417537050799,-0.018627808831550623,-0.020545467806483225,-0.01917704078484256,-0.018654614510386653,0.019146699681275463,-0.02365526825726237,-0.01214079263640889,-0.028541599352480428,-0.00011611479661202467,-0.015332376445091722,-0.034902032199955836,-0.029341184860149666,1.0,-0.005166904952535882,-0.013866296858527718,0.012833207858717149,-0.015382520619185328,-0.005395323470190255,-0.02723646144122829,-0.006932486522426938,-0.014761150075314972,0.003304536585247257,-0.007332512979477738,-0.02916844187918105,-0.016043361920272052,-0.01086198416462205,-0.013896033894532544,-0.00440054710008049,-0.010571294082236716,-0.013515414686086176,-0.012729662389044393,-0.013879012809070723,-0.0268629594019524,-0.015164266903826162,-0.00902403628964589,0.0036810911635472014,-0.009754057756620516,0.03357515376529957,-0.017235038496900973,-0.007724947228915566,-0.010001460217798862,-0.019698732948341725,0.0055213534362982845,-0.007346470744939902,-0.009118183289100325,0.16160870205449418,-0.011865475776003675,-0.006895238000617348
24,-0.00802860174505036,-0.008981145435217486,-0.005537423921559492,0.03559877676635214,-0.0034031624791032804,-0.012756197958169995,-0.009338226582222223,-0.014306600257019745,-0.00641489389180055,-0.025043895052776176,-0.009485414376999486,0.021904300855766442,-0.016624976676024906,0.08703747454717237,0.13653377935624417,-0.02024281736672354,-0.021855993072437064,-0.019114022815204634,0.05397752756410953,-0.002479742294861121,-0.013684060710042217,-0.026613650527348914,0.023363997475018886,-0.005166904952535882,1.0,-0.0123673333578269,-0.008793403789681568,-0.016010312707703506,-0.009340801848765375,0.03519571808783478,-0.014603671114817935,-0.013340495013032975,0.006697971268339903,-0.007227487511920848,-0.013652360723594957,-0.018292526984817686,-0.008938384780525797,-0.012510514463168934,-0.003936889663729628,-0.009928538616344608,0.010333690520202658,-0.011096370343480861,-0.005524051620026419,-0.025352864536975717,-0.013481236855492348,-0.010972488964801737,-0.026892567027986307,-0.009730429040415767,0.002438743905960484,-0.018798680568346333,-0.007291949252215891,-0.0071770150548074105,-0.014276071482179173,-0.017810861370055848,-0.0139885005744202,-0.008254394249870869,-0.016702654264721915,-0.012636687675117064,-0.006151346156241798
25,-0.053993823116393044,-0.010126665793064276,-0.010827868432568648,-0.010229633527938634,-0.04045763224314752,-0.018160986186916216,-0.039323473705324484,-0.02580730545418526,-0.00968881218861778,-0.038371601909030176,-0.025252812194922883,-0.030320779371392895,-0.014728889425165674,-0.057514466006516954,-0.033239657369643016,-0.033030503065419055,-0.03384671576235768,0.1559316481080606,-0.038999831516651234,-0.03325651061351263,-0.006771372597966825,-0.045800082195917094,-0.04006217132316239,-0.013866296858527718,-0.0123673333578269,1.0,-0.01352635720302114,-0.023485143238480978,-0.014678173003049983,-0.03779942629322414,-0.024032006370274275,0.009351248702410891,-0.03130567756789342,-0.009630678876188997,0.014197156517659083,0.02524065103501321,-0.0038385742763054715,0.013046979963596342,-0.006048155695099853,-0.015176373318941656,-0.021551615470200323,0.033735337889117825,-0.021564482100274736,0.15987432372064964,-0.010652168314350806,-0.022891271055170664,-0.042422065708658224,-0.015172233174935004,-0.03652880689605233,-0.02938708785404953,-0.011057634313801145,-0.013499618051486213,-0.035775669656918856,-0.023518096983964655,0.0029018966416796722,-0.012162908864966814,-0.029737252988100822,-0.018756422013133708,-0.009153014656845211
26,-0.03214497253164858,-0.009438726164291134,-0.007177757245318912,-0.007502346490020281,-0.02918890827110692,-0.013881692770475417,-0.03415646887245563,0.008255918032754533,-0.007055553534883676,-0.003519391874786764,-0.008261558025644537,-0.018957617523358842,-0.020121531097667327,-0.026994367955334907,-0.02253779186043824,0.26309287900467127,-0.02263389053472107,-0.019350108414715288,-0.028094349587911634,-0.013199799136225165,-0.01494377065923565,-0.03477929800816523,-0.028728329542647545,0.012833207858717149,-0.008793403789681568,-0.01352635720302114,1.0,-0.017158128359207152,-0.010338140021793448,-0.026988002514134544,-0.007811815626331445,-0.014427568826610324,-0.013861443376454428,-0.00802824922339294,-0.028498931377922816,-0.01766896626397312,-0.010505536980011495,-0.013715934483533676,-0.004303911314259964,-0.009944872154663309,-0.007937767599154039,-0.012882585122171065,-0.014516353432153396,-0.026681634744998305,-0.01484931485301375,-0.011230044153563313,0.018913394351996904,-0.010681333353278933,0.03242683688304832,-0.020054358812907857,-0.007871889228746213,-0.009776934412682813,-0.0129737930648511,0.053902070583151204,-0.013054276814275234,-0.008649472060046303,-0.016480095848790073,-0.013346187343773932,-0.0067690683281854845
27,-0.05525254415616409,0.056960971931182595,-0.013827803863100467,-0.011890311509470342,-0.04678150981642612,-0.005417676378168019,-0.01446771665612124,-0.03279466592422796,-0.008564288252417795,-0.030601017054492266,-0.02359083514572268,-0.03669957228314925,-0.03416244024112244,-0.013144128473284125,-0.02001480593732607,-0.001472068408332677,-0.04245295749120126,0.06373036757493782,-0.04181599411703556,-0.04072268274256044,0.011141389887788246,-0.05582590311413424,-0.04996267512322573,-0.015382520619185328,-0.016010312707703506,-0.023485143238480978,-0.017158128359207152,1.0,0.2026654686494669,-0.044566617006549264,0.05081396286302211,0.005994418480743434,-0.03739229513509671,-0.011703084612823983,-0.04227020991904194,5.4350403761044665e-05,-0.017892739403434735,-0.016247161157750684,-0.0024620167226246416,0.020148828096366804,-0.027503661710058663,-0.022800482102828694,-0.02782852969663057,0.020430137062469395,0.05299015964498616,-0.02931204547119256,-0.05330047313230754,-0.019465986521289474,0.060720245059365026,-0.010167840605433395,-0.01216755617341149,-0.017196038506047784,-0.022026024103037473,-0.02939544366871072,-0.005798553907612241,-0.015159750029071349,0.0058424258362223865,0.014658528394106361,-0.008112448281633391
28,-0.04503853666120969,-0.0020475490668820733,-0.008037200222190302,-0.007971311905294704,-0.02714943722402232,-0.012086091551760773,-0.015833417566583956,-0.019363406267117744,-0.005979305976166456,-0.02741480416970534,-0.01848051728321318,-0.022232851246892036,-0.020081170363786628,-0.0001521045542144544,-0.02276985065972458,0.001577212845051931,-0.024933439399478202,-0.0035493435704370235,-0.025571983899390312,-0.02340498520169426,0.0210486946922738,-0.031666501163752414,-0.029892473566877277,-0.005395323470190255,-0.009340801848765375,-0.014678173003049983,-0.010338140021793448,0.2026654686494669,1.0,-0.024590587263366142,0.035310271122525216,-0.005737806349218997,-0.022945845502169958,-0.0044857925943711414,-0.02859227129111366,-0.00935406677841935,-0.011307007399167193,-0.013735970977568079,0.013270386109868075,-0.0015227833077460149,-0.016567816653168282,-0.013897048914909949,-0.016197117203545466,-0.02744379535610692,-0.002214622391139554,-0.017337055743716773,-0.023491795292045474,-0.01137766429494811,0.004160836484449171,-0.004099869351455836,-0.005459000971686227,-0.010434994531473634,-0.015077759115647807,-0.020016291557263595,-0.010232061376162088,-0.009389718771868338,0.09204602215512551,-0.012186284644982564,-0.00557083411763537
29,0.017166446533129136,-0.024524966004552087,0.11212986633211032,-0.00328735310170637,0.08601960746063866,-0.038413743938605985,-0.0412351182292338,-0.048082813671911584,-0.018053325741443894,-0.07692781772100901,-0.04229283441911005,-0.007639695201788916,-0.03959763141551039,0.16507019132613437,-0.004910699140423238,-0.06467096947914795,-0.06746906422816112,-0.047993566365063425,0.1255393520396106,0.028876782644927098,-0.03948240809535063,0.1842220797662339,0.04718008352787022,-0.02723646144122829,0.03519571808783478,-0.03779942629322414,-0.026988002514134544,-0.044566617006549264,-0.024590587263366142,1.0,-0.027494096664480376,-0.040725279061312895,0.0009033716258419762,-0.02207629292848438,-0.04515889582023501,-0.03578325013553929,-0.02503868439095273,-0.03851506976316996,-0.010990164252733333,-0.03061277862931948,0.038815258715667204,-0.03109002205718029,0.17061703870807832,-0.04964471040510871,-0.038979828917747164,0.09875830950564948,-0.08491168401841272,0.08794676732637274,-0.05532717262983744,0.1203923682247978,0.002196875739013844,0.003692510659698981,0.2715982162274967,-0.05254209794179403,0.009048784810775215,-0.012452724450523318,-0.05647841019249068,-0.03694487207615465,-0.019045811694240054
30,-0.060909236363380304,0.07398576875073577,0.007869619513408376,-0.0062479315019755705,-0.02235647226004078,0.09044584906361616,-0.052410568360235686,-0.027688234345151747,0.02490864385646584,-0.04818754131215233,-0.009076013640670167,-0.022827194992797555,-0.021937115018351626,-0.018868259188131262,-0.01943370792375817,0.0010580517113627284,-0.039924758247064054,0.052996901853081625,-0.03470996436446176,-0.03426873454062756,0.028691438547996228,0.0054077289641881465,-0.05683708788282559,-0.006932486522426938,-0.014603671114817935,-0.024032006370274275,-0.007811815626331445,0.05081396286302211,0.035310271122525216,-0.027494096664480376,1.0,-0.015953284659266737,-0.03406622785423404,-0.012586671427987672,0.047279310310204034,-0.0027632516221076154,-0.021692989991352843,0.004836312832238912,-0.0075412958993634135,-0.005186967691160545,-0.02878757004883937,-0.023197681927019743,-0.028052541597347738,-0.045831049286403164,-0.00017902190679683306,-0.0245977611429083,-0.03908648289234964,-0.011502387100146633,0.029863699813601853,0.02154203330506115,0.014278896858032427,-0.019444369387033894,0.010164895201323115,-0.025483853492577528,0.019141407660394575,-0.018530207498290346,0.05930304810398274,-0.025080409359522687,0.005100307362432003
