,0,1,2,3,4,5,6,7,8,9,10,11,12,13,14,15,16,17,18,19,20,21,22,23,24,25,26,27,28,29,30,31,32,33,34,35,36,37,38,39,40,41,42,43,44,45,46,47,48,49,50,51,52,53,54,55,56,57,58,59,60
0,1.0,-0.013204158223352604,-0.017266872077498562,-0.042019323863989336,-0.06367045909676977,-0.02464678130097101,-0.02720357028262923,-0.03111924039854063,-0.014870612795893667,-0.04215700438161969,-0.02818839602309233,-0.04133237199022395,-0.040433824780734394,-0.011414342344270953,-0.018376003156605356,0.14545393301180565,-0.05003061798993771,-0.005810638613010386,-0.05882726646935896,0.015393390399565256,-0.02888073375664169,-0.0704367298603224,-0.05926695139754074,0.16113677433079515,-0.01693509624331685,-0.02989626012502447,-0.016405220389040395,0.005650569690432577,0.09189810873078545,-0.05728824033376047,0.05907146711791836,-0.013415028492259742,-0.0410862995000674,-0.0032203292701502096,-0.05287227740207652,0.03129719056195454,-0.02157553058001293,-0.02890272546966525,-0.008193707691551812,-0.018449783134973384,-0.03371994877825417,-0.02781998809864044,-0.028982436647860987,-0.02890198058184227,-0.028091094328184716,0.01794726257357233,0.008483476897938567,-0.020544075984535275,0.05863657992656508,-0.029343802782561382,-0.01793021743328411,-0.020906876027528856,-0.035858704759136786,-0.0376203172421046,-0.005219411256426384,-0.045672561026512334,-0.018520045084850827,-0.006746767814258807,-0.012628921229142717,-0.01888386572880668,-0.03416079169532979
1,-0.013204158223352604,1.0,-0.008519694537964615,-0.019996811040404672,-0.022430108147865783,0.1748939424200104,-0.022355177310495005,-0.018434961431587626,0.002954012032190883,-0.02747066581560374,-0.019533265040914603,-0.020060350569869705,-0.007627132001094684,-0.005514242715847462,-0.00980745705208666,-0.014553415963734728,-0.023933579623961435,0.1067392798158473,-0.024156045061759283,-0.023564194685122677,-5.0948832801271616e-05,-0.022193820333149886,-0.028543957971783492,-0.008548532639888803,-0.0090216772223176,-0.010139392867670315,-0.009417632508600282,0.056948845012388324,-0.0020767653282018606,-0.024739130961045786,0.07322228532469163,-0.005804109524131608,-0.021954457455818855,0.001185416129461725,0.05356754056225585,-0.0011677136280281372,-0.01007864426407692,0.005339322304493478,-0.0029526140078342173,-0.005395562531500711,-0.01570328909562708,-0.011751655250756894,-0.015780922322932142,-0.02718237649341966,0.08568888330723262,-0.0179985035830419,-0.026755960537764426,-0.010992211164938355,-0.013857480913843786,-0.010807709023690545,-0.006791158632607632,-0.00977531846307439,-0.013024046374495772,-0.021151740346028514,-0.0010336102931011787,-0.02170669579714795,-0.007713407174003358,-0.0061123830004458386,0.013402523034128335,-0.009189252654297235,-0.01667769488780744
2,-0.017266872077498562,-0.008519694537964615,1.0,-0.006256850652544013,-0.022446359439053494,-0.011976755868713815,-0.022119108965620197,-0.015586399643697298,-0.005047716184418528,-0.024472359284104437,-0.016227126979439455,-0.005945039396296155,-0.017039183263581947,0.005056971564283581,0.0064128795928030564,-0.019487532037219476,-0.02062207294171854,-0.018059619628929227,-0.0004949376932741317,0.012087513945688223,-0.012877943873414432,0.0027414689349957036,-0.01974532279113372,-0.00818206007073007,-0.006345132840624874,-0.011654168884764022,-0.007807667857770402,-0.015004159699101367,-0.00874815499194103,0.11904264424078258,0.0061692196624724,-0.012650243606747812,0.04066866680903607,-0.006987788617168861,-0.024708333579088228,-0.016573467892202397,-0.009143497322482489,-0.011823444623386884,-0.003656951782057759,-0.009373913831332115,-0.010071952208575676,-0.011223065640408257,0.07972724347996543,-0.031039254042470314,-0.012887454560759383,0.026653353787747025,-0.02511264182264395,0.5099749700239513,-0.016533266078318332,0.03091267969185003,-0.004421508090138285,-0.008024831319923865,0.009146954063789658,-0.017778190949094306,-0.010619783053310067,-0.024510029494785767,-0.006999780070265915,-0.011815484625095098,-0.005859759683944196,-0.008252196728350095,0.14567710554504665
3,-0.042019323863989336,-0.019996811040404672,-0.006256850652544013,1.0,-0.05115975610009454,-0.029332993328590566,-0.02850420939011534,-0.018157274529680457,-0.014326133714300322,-0.0177556002442145,0.001568933754020261,0.6270832497224073,-0.03117098907281264,-0.006905467407408267,0.05131837730046768,-0.037252933579445965,-0.04896662506218666,-0.03361987530696217,-0.005448194246543415,0.06623876335050427,-0.030624953221994343,-0.05453751539496288,-0.009791911522694633,-0.0180665259252963,0.018505470943113604,-0.029013172670723626,-0.017977351135995103,-0.03494778553388198,-0.021512959814765007,-0.012477907598086467,-0.02176938040847553,-0.030084758529798597,0.03656192904927471,-0.01727592789519805,-0.04925223903598703,-0.04127002430878366,-0.0012440825609714226,-0.02927478648828185,-0.009233090246065221,-0.0072152477764983285,0.05827281687744455,-0.024833708080537455,-0.003208246424439014,-0.04330147477847909,-0.030480039383490122,0.06566641822212542,-0.05605720029133723,-0.017291119356877223,-0.006264868564410315,-0.03668159359059227,-0.01572098418476385,-0.018917035970599006,-0.018775338784417242,-0.023837054512839583,-0.016608192767137483,-0.01816640620003617,0.0025343478334368978,-0.028608674513837154,-0.014532119328212863,-0.014929785515823437,0.03410496911186202
4,-0.06367045909676977,-0.022430108147865783,-0.022446359439053494,-0.05115975610009454,1.0,-0.0389237482029519,-0.06138497119819239,-0.05538867657451903,-0.02063901444672713,-0.08599824162259447,-0.055568921329620144,-0.04569523977286165,0.09125879430013514,0.0013256219117283286,-0.030186876265514792,-0.07120105323765508,-0.07292378348050157,-0.031208704020761056,0.16786510651361364,-0.06912545899106382,-0.04271188214622292,0.3691851993544326,0.17005561380137854,-0.030209309540879404,-0.0034969225861473294,-0.040557491462020596,-0.029058024036620934,-0.046949093519469215,-0.027283671991959677,0.08532858679409541,-0.022518021557633442,-0.043727664300714335,-0.03498660950752805,-0.024341003148614086,0.16873776954110398,-0.016758819448132622,-0.02127737915019498,-0.03851018855891758,-0.01264461485985249,-0.03316345056991557,-0.024180154192780075,-0.011440007753967012,-0.026856908237017606,0.027000126752759535,-0.03397098445321993,-0.040848799153978675,-0.09070584194938769,-0.02815194842358357,-0.07766639788416198,-0.019213203164553716,0.0370987734249486,0.06436864683644332,0.07283560556967572,-0.06257657200524863,-0.02033232936585226,-0.029109396214358887,-0.009493115535350002,-0.0408062146050725,-0.020157741286293284,-0.024882478010985656,-0.03555619124126663
5,-0.02464678130097101,0.1748939424200104,-0.011976755868713815,-0.029332993328590566,-0.0389237482029519,1.0,-0.037060773710768394,-0.02653307809620785,0.01280630737385912,-0.040658485765376715,-0.028602238959487436,-0.030298677683571716,-0.02410755255785577,-0.007821270110881998,-0.02697416004315767,-0.030261899657134196,-0.0334388161336202,0.13967926221887483,-0.03996390418335635,-0.03408855556813069,0.04307489050390997,-0.04677568088429568,-0.04074391953973688,-0.013880513958370687,-0.012807947683185354,-0.018153413025889513,-0.013784107514055729,-0.005474392927046055,-0.012143078495338137,-0.038839511253051025,0.0903028931906343,-0.015604198706754445,-0.03914950609456794,0.020371496567610628,0.09577251720900234,-0.00917387669132104,-0.0150414721256035,0.11577354907656259,-0.005919802328488061,0.0029099940325891327,-0.02226989733521941,-0.017935023402336783,-0.022088324628880086,-0.04772505317248543,0.1227743573303417,-0.05672368784812014,-0.041505834330362326,-0.015174730393158678,-0.03450834115711517,-0.03236702157377255,-0.011886053380877082,-0.013838080771202433,-0.03143781551938094,-0.029899401414916163,-0.0016210606447804215,-0.025114362960193835,-0.011991769209427617,-0.012635599815979209,0.08880262152201417,-0.013638465236175516,-0.023973510804226883
6,-0.02720357028262923,-0.022355177310495005,-0.022119108965620197,-0.02850420939011534,-0.06138497119819239,-0.037060773710768394,1.0,0.2651651142133018,-0.01875028941167192,0.09184956158291514,0.04500376534680994,-0.006764478946659032,-0.046176088473067964,-0.011526933362205961,-0.021439168912208657,-0.020223910869258673,-0.04477761961817293,-0.01871436307996807,-0.06051050141166458,-0.0025962021847500357,-0.038477194601047385,-0.07678277606685746,-0.060129114545791014,0.011177429332097925,-0.02034290930492125,-0.03010221427001715,0.05057004385434784,-0.033775376777114466,-0.024697453081242163,-0.05152003049130004,-0.03305478115488759,-0.026588649080554277,0.014371296202775857,-0.019529287264712373,-0.057116688467046046,-0.03051057609434229,-0.022771741165263974,-0.03423217867688662,-0.0115514505393514,0.004567776528757948,-0.017949517174788196,-0.022745230944101556,-0.03284614004168309,-0.02697595128816152,-0.03464688191543858,-0.04031872826211083,-0.04365834777271114,-0.022674374555332402,0.09589385340586655,-0.01997521761048835,-0.00847957500382227,-0.024661918606528076,-0.04057830837350319,0.07128923536809398,0.04735520484793458,0.003115977703877523,-0.013854621499165479,-0.023558074674851673,-0.017693730450571467,0.0780044840502857,-0.02068553145097119
7,-0.03111924039854063,-0.018434961431587626,-0.015586399643697298,-0.018157274529680457,-0.05538867657451903,-0.02653307809620785,0.2651651142133018,1.0,-0.013557297266140387,0.0868141352037915,0.04190060502846031,-0.013209686417892299,-0.038347249293601886,-0.005895505559798344,-0.03246058857458551,-0.001947689874673435,-0.036939697945671396,-0.022453335556250335,-0.0503629259549695,-0.014475455488158026,-0.028742065136445547,-0.06195361920789326,-0.04839528706271745,0.009319151120293984,-0.014331535359218436,-0.025843328331174614,0.008101358781296033,-0.03280777140187495,-0.01934272132726923,-0.04808965228924181,-0.02769254650409375,-0.026622175794602562,-0.001573701750242726,-0.01516481081946917,-0.05289587753027485,-0.03430130719959926,-0.02008458131510229,-0.025683813472283358,-0.008232628857072386,0.011309556179034314,-0.01995436849720838,-0.023607207658370162,-0.02723191832687326,-0.05948935998956437,-0.028540682331076643,-0.049950507801668834,0.11523760702203319,-0.01931674327902899,0.10857707339555642,-0.03307180903370019,-0.013447451026848013,-0.01830070453140531,-0.033752179735630446,0.026301751786703145,0.03079003354376377,-0.028647658356244485,-0.013131112020756133,-0.023758586819913486,-0.012848951633654349,0.06602264041236772,-0.023031217721052093
8,-0.014870612795893667,0.002954012032190883,-0.005047716184418528,-0.014326133714300322,-0.02063901444672713,0.01280630737385912,-0.01875028941167192,-0.013557297266140387,1.0,-0.020800099271330252,-0.014511455883777398,-0.015342630597210357,-0.013288832409743809,-0.0038751692460821724,-0.004613203225662443,-0.017119867841468996,-0.017600134672535184,-0.008752621006627298,-0.019597618251614463,-0.01655144498658302,0.09384926822378886,-0.022699852068290685,-0.021026325696867174,-0.00727407969660882,-0.006437099895985885,-0.009683860431433608,-0.007002051586985343,-0.00861377754099697,-0.006011316323124411,-0.018263060294093213,0.02489664924935525,-0.008195299146522422,-0.019320785716755627,-0.005558568084109858,-0.008920065642260657,-0.012236132286390655,-0.007810620658882889,-0.005710133213926726,-0.0030998872021422365,-0.006394918216928459,-0.011227194856656408,-0.009293629631695503,-0.010577197362781697,-0.02587133106792991,0.00018055825211178266,-0.024249427569740106,-0.021814694290288292,-0.005821933679774655,-0.014330082008110215,0.0004924096772094431,-0.005543078872133076,-0.007027557298882907,-0.00024946168757765397,-0.015222376446346367,-0.00785842557686819,-0.020645592698215785,-0.006136143675623659,-0.00954430225818856,-0.0026515430822156238,-0.006978822398175423,-0.011840996775969202
9,-0.04215700438161969,-0.02747066581560374,-0.024472359284104437,-0.0177556002442145,-0.08599824162259447,-0.040658485765376715,0.09184956158291514,0.0868141352037915,-0.020800099271330252,1.0,-0.018569575137303708,-0.04506692831375318,-0.05991742706298868,-0.01564641505555774,-0.06987048284947195,-0.021267836253403314,0.1782436584120275,-0.045039324148164916,-0.08420915532291331,-0.06420006937912365,-0.0444739962002412,-0.10218758396492521,-0.08193083721466493,-0.018466055520285206,-0.026182751408487148,-0.039996059927999456,-0.0001972971667691067,-0.030478532147563697,-0.027832484222121184,-0.08066760482203478,-0.049116711533371854,-0.029976092997096693,-0.05908251852988072,-0.023045139888006015,-0.08165834200131983,-0.04444880768716318,-0.03116800197144416,-0.039577497437237805,-0.009179185603266264,0.24632908843195991,-0.04451359771212339,-0.038423768999194946,-0.04483225580152571,-0.0871677002488005,-0.039901791502373746,-0.11367966115562464,0.09941229556071926,-0.03115275024765782,-0.04587102774386168,-0.06054725236889022,-0.0223256191664143,-0.028834696537763237,-0.07120387964480109,0.6755416673256136,-0.04002554293676193,-0.057182640082656375,-0.02476445897281235,0.0013336420840666433,-0.01974757864487682,-0.025345512772275272,-0.04764651905706048
10,-0.02818839602309233,-0.019533265040914603,-0.016227126979439455,0.001568933754020261,-0.055568921329620144,-0.028602238959487436,0.04500376534680994,0.04190060502846031,-0.014511455883777398,-0.018569575137303708,1.0,0.025810747767517024,-0.04012682364351482,-0.008780454884867575,-0.013471551870491176,-0.02272100262605512,-0.0170578432366131,-0.03085471489621504,-0.04875127474731391,-0.011279954479834577,-0.030635703986456948,-0.04187239310278544,-0.04704822269224959,0.05536762652324443,-0.009902395169200068,-0.02783148489191513,-0.008795656950265029,-0.02592198821700925,-0.020181924422439546,-0.04260022941548869,-0.011686671460416534,-0.024886281643498424,0.021313004645569365,-0.015516314556254268,-0.05247715656956266,-0.03556704006440636,-0.02034499859317928,-0.027134767886479755,-0.008870257500331324,-0.011777159408563232,0.003804123903899649,-0.024316795318347552,-0.023410257113659835,-0.053113033312905414,-0.027833376209562527,-0.0019330769998961543,0.11085807735675224,-0.017801799001900195,0.041674555360352354,-0.023840016163964802,-0.012844716710071244,-0.019713061508894084,-0.01024746310598031,0.0018039389104855662,0.008557570589239793,-0.035633575526648364,-0.0036274161370012468,-0.019198781282677074,-0.013753972529007749,-0.011753895703564074,-0.011865168204973138
11,-0.04133237199022395,-0.020060350569869705,-0.005945039396296155,0.6270832497224073,-0.04569523977286165,-0.030298677683571716,-0.006764478946659032,-0.013209686417892299,-0.015342630597210357,-0.04506692831375318,0.025810747767517024,1.0,-0.036168911685343946,-0.005622353529393999,0.030274235802561375,-0.036098181437754964,-0.04870087137190349,-0.02078180617082704,-0.01682001545684792,0.05909322784927923,-0.03186837981120266,-0.049477994830057714,-0.021057788416806233,-0.01573478020095264,0.02257866010297943,-0.029209005731088408,-0.018039214723381294,-0.034820778038818403,-0.02123760870963482,0.005548164736100295,-0.023174147211337086,-0.024153039187588647,0.092792023969142,-0.017575154075968873,-0.04684428328288262,-0.03847411625169357,-0.008853971708433672,-0.02941214687607019,-0.009532795256435592,-0.018391033291514813,0.034233142559060625,-0.0239492122504547,-0.009679955085963123,-0.028007497427429768,-0.03078421514723776,0.07053661296341829,-0.06117528179527808,-0.015751919516576778,-0.01903344384372099,-0.028392499884577538,-0.012585349863959146,-0.01875555283728774,-0.021613674939385718,-0.037858356926440045,-0.011153356850419781,-0.044571822805933636,0.058530540438935276,-0.029034850131471023,-0.01473926598627898,-0.009316437476207855,0.0282962939198561
12,-0.040433824780734394,-0.007627132001094684,-0.017039183263581947,-0.03117098907281264,0.09125879430013514,-0.02410755255785577,-0.046176088473067964,-0.038347249293601886,-0.013288832409743809,-0.05991742706298868,-0.04012682364351482,-0.036168911685343946,1.0,-0.010538095126768676,0.075042708399088,-0.04917885844811702,-0.05046306418084427,-0.028201740939275965,-0.020359200928456375,-0.04909485576113927,-0.02484019366483398,0.07855132240101348,-0.03583806178165584,-0.020743795599977896,-0.016707848112492978,-0.014799550366871724,-0.0200514309563129,-0.03427044312422822,-0.020205389417389023,-0.03996099749050802,-0.022027995326119112,-0.028610198089693346,-0.029705051954329268,-0.015951867546159418,0.34331853518211786,0.020120908643911063,-0.010644041028726715,-0.01262274422416983,-0.008772511022294734,-0.022513710999546566,-0.031855229723322,0.08937090751008209,-0.0320945435864306,-0.03914463370436895,-0.02001614804045368,-0.05214410566968271,-0.06250929132322275,-0.021973998949389655,-0.0459264153453114,0.0165317844450761,0.06542851718623716,-0.007235049864246258,-0.024988256588815216,-0.043421709059831934,0.06305180923565432,-0.04571417287784126,-0.011623606645824253,-0.02839085299687421,-0.013472285229644141,-0.014555642814794212,-0.033030367617056876
13,-0.011414342344270953,-0.005514242715847462,0.005056971564283581,-0.006905467407408267,0.0013256219117283286,-0.007821270110881998,-0.011526933362205961,-0.005895505559798344,-0.0038751692460821724,-0.01564641505555774,-0.008780454884867575,-0.005622353529393999,-0.010538095126768676,1.0,-0.005610807794979632,-0.013114608989640727,-0.013448706745260554,-0.011128497937504651,0.10846335661257044,-0.008898479904078332,-0.008430072773440976,0.003979426587796483,0.0033992225232646256,-0.0028091773372532,-0.0033844456122298534,-0.007668678637735541,-0.00538690250267833,-0.009876021128642469,-0.005720118364318025,0.008664668825027871,-0.010468984861104716,-0.008003968756451584,0.007108928253132116,-0.0045266115169170775,-0.007881242679497288,-0.011152844015307082,-0.004950884235406472,-0.00773557023604165,-0.002348209298094066,-0.00616569441624637,-0.001134011004759332,-0.007038078727698845,-0.0012133047170990677,0.01355753809691233,-0.008028996913098194,-0.00250297610312759,-0.016530413069631787,0.003845912532456242,-0.013983834787971171,-0.005350989326141393,0.0027980589040489203,-0.003133418700482813,-0.0005528513291286302,-0.011710419016265593,-0.007283355060458633,-0.01256853051387136,-0.0018342742262766397,-0.007666247130041467,-0.0038367206720855114,-0.0038030408886389295,0.007655105459111734
14,-0.018376003156605356,-0.00980745705208666,0.0064128795928030564,0.05131837730046768,-0.030186876265514792,-0.02697416004315767,-0.021439168912208657,-0.03246058857458551,-0.004613203225662443,-0.06987048284947195,-0.013471551870491176,0.030274235802561375,0.075042708399088,-0.005610807794979632,1.0,-0.03912627114646526,-0.05947740821671424,-0.02847000729460475,-0.01399555404854727,0.08945152132081383,-0.0325396490703034,-0.02853292088387443,-0.03281682192800872,-0.018701230622524666,0.1365491007877219,-0.033310187111158684,-0.022477656635432053,-0.02012135854455648,-0.022839545349389284,-0.004811444570539708,-0.01960517478307221,-0.03610210938847337,0.002122063587951502,-0.01991782501286842,0.02005757814077091,-0.02965774495446074,-0.023185295752787355,-0.012795465823215092,-0.010538946495592129,-0.016292540969592255,0.059072610519625465,-0.013478340633686463,-0.00998557032788258,-0.03715703041136056,-0.03153029031186291,0.13480705855346742,-0.06849018774067436,-0.008324768711622597,-0.00528861593809531,0.030305532302182688,-0.01064431462391721,-0.019482149616142003,-0.011166167791098452,-0.04993692102956197,0.05039232503896835,-0.051943758223921443,-4.414093508773448e-05,-0.03269834162968723,-0.016647158746232203,-0.01890958060173727,-0.002300997869480105
15,0.14545393301180565,-0.014553415963734728,-0.019487532037219476,-0.037252933579445965,-0.07120105323765508,-0.030261899657134196,-0.020223910869258673,-0.001947689874673435,-0.017119867841468996,-0.021267836253403314,-0.02272100262605512,-0.036098181437754964,-0.04917885844811702,-0.013114608989640727,-0.03912627114646526,1.0,-0.04653986276231643,-0.03850551274395572,-0.0679740223201426,0.03284329308705325,-0.029844671156723797,-0.08245608263623277,-0.06962553140787181,0.01887139295506416,-0.02035346405218271,-0.0330531355761058,0.263105014307617,-0.0015861073015043146,0.0014868299461058927,-0.06531099248412259,0.000975790757651058,-0.03148545279125478,-0.051587345636364794,-0.019528739928377153,-0.06980513322273105,-0.023444854438178734,-0.025839697014696086,-0.03326627208187259,-0.009907467264807818,0.0034758160417445003,-0.021610433115254755,-0.03190549477907817,-0.029658392204214856,-0.08231287685708119,-0.035431223112884075,-0.02397449810313375,0.04749561892799034,-0.0247493906752511,0.1267919249905672,-0.04772564342274904,-0.019931010811373245,-0.023782881529417228,-0.011881186792909875,-0.015544592612642596,-0.027581488585787232,-0.06630502641662236,-0.019827945208776884,-0.030355024817666873,-0.016204258593869626,-0.022457555563590796,-0.022666098387499625
16,-0.05003061798993771,-0.023933579623961435,-0.02062207294171854,-0.04896662506218666,-0.07292378348050157,-0.0334388161336202,-0.04477761961817293,-0.036939697945671396,-0.017600134672535184,0.1782436584120275,-0.0170578432366131,-0.04870087137190349,-0.05046306418084427,-0.013448706745260554,-0.05947740821671424,-0.04653986276231643,1.0,-0.05100842314497195,-0.07064786579675827,-0.058659278156553966,-0.036847249965176965,-0.08683944500256044,-0.06930401926864091,-0.02390983934953042,-0.021960435104339076,-0.03385589613257488,-0.02280411696871763,-0.042525129822660684,-0.024992857775539223,-0.06816438494261164,-0.039937428357665256,-0.03626569295679885,-0.06721333086969888,-0.020004785310640906,-0.07186575477989579,-0.05176062343328556,-0.026374133113292134,-0.03179793306456828,0.03654336657750138,-0.026951761959014057,-0.03820759644688107,-0.03238287051397312,-0.03822675680431189,-0.08666570871012597,-0.035529986614664236,-0.09704947752082878,0.2599661803551003,-0.025984655090207004,-0.06728424696782023,-0.05322529599400243,-0.020183839677413926,-0.0244870753513014,-0.06395711833966969,0.12249855761295028,-0.038179866850319544,-0.06856687829470975,-0.02116130310253189,-0.033597764939706024,-0.016732005877850783,-0.023613673450168036,-0.040839689031852644
17,-0.005810638613010386,0.1067392798158473,-0.018059619628929227,-0.03361987530696217,-0.031208704020761056,0.13967926221887483,-0.01871436307996807,-0.022453335556250335,-0.008752621006627298,-0.045039324148164916,-0.03085471489621504,-0.02078180617082704,-0.028201740939275965,-0.011128497937504651,-0.02847000729460475,-0.03850551274395572,-0.05100842314497195,1.0,-0.04790597651533493,-0.04492949906034337,0.07689664211644155,-0.05531249533080324,-0.05670634202174639,-0.012227815320002137,-0.019205434026356757,0.1559130834075605,-0.01927810692329352,0.06361764941214729,-0.0036593734765111028,-0.04829868077365637,0.05278139373888701,0.04971847278810355,-0.03432857720496592,-0.008786055466302588,0.015003131557180192,0.0752607279177704,-0.01698143437827893,0.02152407389383775,-0.008840368642293196,-0.011630250073360559,-0.03322848655486587,-0.019810027506068074,-0.033384801567949485,-0.0426619279295405,0.021436930589731923,-0.05321692697107282,-0.05933312520361103,-0.023215332426062028,-0.0004945074301250935,0.02435376639458072,-0.011189765336435143,-0.021039182200306435,-0.029580433064727504,-0.04213132586274106,-0.010124268976552697,0.04522244950727386,-0.016167806882529112,0.0028459210916802645,-0.011212692884916076,-0.018906647770550664,-0.03332536716850628
18,-0.05882726646935896,-0.024156045061759283,-0.0004949376932741317,-0.005448194246543415,0.16786510651361364,-0.03996390418335635,-0.06051050141166458,-0.0503629259549695,-0.019597618251614463,-0.08420915532291331,-0.04875127474731391,-0.01682001545684792,-0.020359200928456375,0.10846335661257044,-0.01399555404854727,-0.0679740223201426,-0.07064786579675827,-0.04790597651533493,1.0,-0.03429164387084407,-0.04132809388279938,0.2543332937140089,0.07215902351262052,-0.028939228456372194,0.05386347112943629,-0.039444119372669104,-0.028183989385425177,-0.04232727627275221,-0.025867487657677095,0.12812138010839544,-0.03470449633042351,-0.0408408173319277,-0.018468004369255137,-0.021496672874297133,0.04297727662281972,-0.031120516630989584,-0.013749195668698502,-0.03936603015077153,-0.011884665523236389,-0.032276467658369196,0.010605836726541735,0.01952001702416839,0.12158909043740493,0.01508642959433891,-0.040814041225991214,0.05022787477323944,-0.08731347626079314,0.0462659723273459,-0.06776838619886513,0.027344890873954596,-0.00606330666927816,0.01418240878391707,0.17198411022271254,-0.06108840327331838,-0.023260619026872018,-0.05199510876135635,0.0007893375136948377,-0.039284036101022185,-0.019809944592055012,0.01070180349610992,0.0799396957263626
19,0.015393390399565256,-0.023564194685122677,0.012087513945688223,0.06623876335050427,-0.06912545899106382,-0.03408855556813069,-0.0025962021847500357,-0.014475455488158026,-0.01655144498658302,-0.06420006937912365,-0.011279954479834577,0.05909322784927923,-0.04909485576113927,-0.008898479904078332,0.08945152132081383,0.03284329308705325,-0.058659278156553966,-0.04492949906034337,-0.03429164387084407,1.0,-0.036673667520742234,-0.07332322341900595,-0.061223255189906796,-0.0003530375911728269,-0.0025924157745746673,-0.03326035421662939,-0.013139109629310173,-0.040828911990561545,-0.023477732254017954,0.027598481571615482,-0.034278675424815566,-0.03590955198724508,-0.015478417917361386,-0.01940802897460096,-0.06931921474683814,-0.04566483190872971,-0.025316176935819796,-0.03371814295392392,-0.010449008738996502,-0.02495961806703263,0.020311533465797876,-0.03130067763552945,0.039254225112217836,-0.08097042835523753,-0.03625148744778236,0.3003456869250212,-0.06682949697006707,-0.0004585443385157588,0.026278734826115903,0.005477821786813523,-0.019393812102633336,-0.0236820772557365,-0.022479503159390714,-0.04401779758761744,0.04672689966610137,-0.05827290957660215,-0.016181468944515772,-0.03187692909391846,-0.016571862582938874,-0.012677019567253384,0.05099116453138544
20,-0.02888073375664169,-5.0948832801271616e-05,-0.012877943873414432,-0.030624953221994343,-0.04271188214622292,0.04307489050390997,-0.038477194601047385,-0.028742065136445547,0.09384926822378886,-0.0444739962002412,-0.030635703986456948,-0.03186837981120266,-0.02484019366483398,-0.008430072773440976,-0.0325396490703034,-0.029844671156723797,-0.036847249965176965,0.07689664211644155,-0.04132809388279938,-0.036673667520742234,1.0,-0.04871993505001728,-0.0443699629440363,-0.015501908396246234,-0.013744748646840606,-0.006776491489301196,-0.014860380854454307,0.011084433497064566,0.021002720946328914,-0.03990200533209451,0.028669243042956195,-0.012491737804405455,-0.04247170946527273,-0.01159667094685909,-0.026389219611368822,-0.005700397458252245,-0.016024390827856234,0.07028318378531356,-0.006478078956402032,-0.013858449557728952,-0.023851548408284125,-0.018436932646965037,-0.02380335428520051,-0.05151656586402771,0.1686873071932801,-0.051366816982898425,-0.04647272234931438,-0.016638523483116504,-0.03292762238722341,-0.02737331998839613,-0.009884488149537258,-0.014882036202237471,-0.0169454289935152,-0.03232279770390628,-0.015500709724973444,-0.04186257600449375,-0.013079363326700542,-0.019267713566900053,0.0046403633287445435,-0.013862440154609435,-0.02540756858851512
21,-0.0704367298603224,-0.022193820333149886,0.0027414689349957036,-0.05453751539496288,0.3691851993544326,-0.04677568088429568,-0.07678277606685746,-0.06195361920789326,-0.022699852068290685,-0.10218758396492521,-0.04187239310278544,-0.049477994830057714,0.07855132240101348,0.003979426587796483,-0.02853292088387443,-0.08245608263623277,-0.08683944500256044,-0.05531249533080324,0.2543332937140089,-0.07332322341900595,-0.04871993505001728,1.0,0.10530937050373931,-0.03514405613301265,-0.026788214045486054,-0.04581515878055091,-0.0345758057383512,-0.055920328052054435,-0.031779398810483674,0.18373102793071894,0.005409877221386864,-0.050964433134222886,-0.02123795458984338,-0.024827438762670465,0.1177597467880509,0.013625631461637953,-0.023888796564527456,-0.04545696206376622,-0.014997289192039773,-0.039546763141195,-0.03777443032427898,0.02268586570437077,0.0068149973840423966,0.06666635814918602,-0.04312391912950352,-0.005414159973474117,-0.10603344425397429,0.007487152500733355,-0.07895403415582194,0.038516329988659365,0.051006649459515316,0.09432709464369955,0.13443125369317088,-0.07501821815286987,-0.005117804012536414,-0.0633317924931841,-0.014695049507290696,-0.04645059538582226,-0.024069965428245417,-0.010542897539300612,0.018557866877092308
22,-0.05926695139754074,-0.028543957971783492,-0.01974532279113372,-0.009791911522694633,0.17005561380137854,-0.04074391953973688,-0.060129114545791014,-0.04839528706271745,-0.021026325696867174,-0.08193083721466493,-0.04704822269224959,-0.021057788416806233,-0.03583806178165584,0.0033992225232646256,-0.03281682192800872,-0.06962553140787181,-0.06930401926864091,-0.05670634202174639,0.07215902351262052,-0.061223255189906796,-0.0443699629440363,0.10530937050373931,1.0,-0.029432464487062552,0.023331854273279957,-0.0400862261435153,-0.028549329758996815,-0.050060285389794804,-0.02998302906535514,0.047181187988267606,-0.056873952913336995,-0.04200959043118061,-0.0422601284359628,-0.022597535205648722,0.0070967714646775985,-0.03114812847082503,-0.0010520005678047598,-0.04034189950983845,-0.012726890841082715,-0.03239022654085369,-0.020390746895786162,0.030886776384995932,-0.03647327531491326,0.05958377632598022,-0.040328080956791884,-0.026357401832191103,-0.08886090508543956,-0.02609194566336586,-0.07546996156255391,-0.027649363577781066,-0.0030217114111691125,0.050299134990452195,0.006085454508094844,-0.060012356774606854,-0.03779573318090297,-0.03436118027644334,0.013503416436777865,-0.034239050838493976,-0.020223556881216985,0.022967394224055082,-0.026393908325479727
23,0.16113677433079515,-0.008548532639888803,-0.00818206007073007,-0.0180665259252963,-0.030209309540879404,-0.013880513958370687,0.011177429332097925,0.009319151120293984,-0.00727407969660882,-0.018466055520285206,0.05536762652324443,-0.01573478020095264,-0.020743795599977896,-0.0028091773372532,-0.018701230622524666,0.01887139295506416,-0.02390983934953042,-0.012227815320002137,-0.028939228456372194,-0.0003530375911728269,-0.015501908396246234,-0.03514405613301265,-0.029432464487062552,1.0,-0.005206318649349517,-0.013985898918895508,0.012672374062798437,-0.01555838492786558,-0.0055462939257825816,-0.02739145610197441,-0.007122893498679613,-0.014874503884481027,0.0037260424403186398,-0.007428454942419985,-0.02940806172651789,-0.016406654315941675,-0.010952533925230722,-0.014031582269714604,-0.0044588155132627965,-0.010506867757137866,-0.013679883405517929,-0.01283440943968754,-0.013921337712454974,-0.03252522954987172,-0.015332968856092402,-0.019025354604226604,0.0038406575551612012,-0.009476018627506742,0.033322930529998726,-0.017457227209056084,-0.007707063929895156,-0.01007321941558614,-0.020167664888418972,-0.01701132151241521,-0.007145776865479325,-0.027187896182772574,-0.0074921622443628105,-0.012037789015830979,-0.006995136703278509,-0.008943743147485902,-0.009089433424611895
24,-0.01693509624331685,-0.0090216772223176,-0.006345132840624874,0.018505470943113604,-0.0034969225861473294,-0.012807947683185354,-0.02034290930492125,-0.014331535359218436,-0.006437099895985885,-0.026182751408487148,-0.009902395169200068,0.02257866010297943,-0.016707848112492978,-0.0033844456122298534,0.1365491007877219,-0.02035346405218271,-0.021960435104339076,-0.019205434026356757,0.05386347112943629,-0.0025924157745746673,-0.013744748646840606,-0.026788214045486054,0.023331854273279957,-0.005206318649349517,1.0,-0.012412086601623348,-0.008766076458549734,-0.016083251101866015,-0.009400802126778383,0.0355142849087829,-0.014674545500756534,-0.013447281825245485,0.004302193121865644,-0.007266297304376622,-0.013657960865209508,-0.018442806107127594,-0.00893904453872854,-0.012567340183934237,-0.003954900260906952,-0.01004909113074518,0.010408102954379383,-0.011091775357598647,-0.005596374170558101,-0.008694765131988656,-0.01353468605400383,0.08732050958053356,-0.026646312787549458,-0.009550941597326954,0.0026847366246295183,-0.01983414830839897,-0.007430930963790739,-0.007284348784058949,-0.014683690375799788,-0.0189953653732653,-0.014498665455211996,-0.02553772820651099,0.03618669670197851,-0.012687300116470325,-0.006185187100847521,-0.008342994668940326,-0.010874033549960548
25,-0.02989626012502447,-0.010139392867670315,-0.011654168884764022,-0.029013172670723626,-0.040557491462020596,-0.018153413025889513,-0.03010221427001715,-0.025843328331174614,-0.009683860431433608,-0.039996059927999456,-0.02783148489191513,-0.029209005731088408,-0.014799550366871724,-0.007668678637735541,-0.033310187111158684,-0.0330531355761058,-0.03385589613257488,0.1559130834075605,-0.039444119372669104,-0.03326035421662939,-0.006776491489301196,-0.04581515878055091,-0.0400862261435153,-0.013985898918895508,-0.012412086601623348,1.0,-0.013449655070998616,-0.02355214562044701,-0.01471312775814608,-0.03816172274139737,-0.02405226504337951,0.009220283780866154,-0.03375050018536206,-0.009643850196549602,0.013871350326569068,0.024401724202297824,-0.003855629285334427,0.013030206759309822,-0.006049917441548697,-0.015241442248595706,-0.021616223670720497,0.03364882990978245,-0.021601984719619178,-0.04074300442754518,-0.01065956771707935,-0.05748248508709143,-0.04192853490416491,-0.015034448352980793,-0.03652158863009374,-0.032438225425076794,-0.011367361273055172,-0.013484060136642944,-0.03706064980896601,-0.029091430124740164,0.0016624993641364881,0.1589695563519467,-0.011237981866851939,-0.018769098522674933,-0.0091838019591825,-0.012625995443901281,-0.02327887730660859
26,-0.016405220389040395,-0.009417632508600282,-0.007807667857770402,-0.017977351135995103,-0.029058024036620934,-0.013784107514055729,0.05057004385434784,0.008101358781296033,-0.007002051586985343,-0.0001972971667691067,-0.008795656950265029,-0.018039214723381294,-0.0200514309563129,-0.00538690250267833,-0.022477656635432053,0.263105014307617,-0.02280411696871763,-0.01927810692329352,-0.028183989385425177,-0.013139109629310173,-0.014860380854454307,-0.0345758057383512,-0.028549329758996815,0.012672374062798437,-0.008766076458549734,-0.013449655070998616,1.0,-0.01719473250708851,-0.010297099994285361,-0.027087682268850673,-0.007714575369906142,-0.014426309940749194,-0.01648830284324132,-0.008008937183260107,-0.028406064778361547,-0.017963903445928384,-0.010436213679802651,-0.01363710066031516,-0.0042843338969800705,-0.010264236638425019,-0.008048095503170156,-0.012869192534081954,-0.014456499099863865,-0.034946624810971494,-0.01478252411544782,-0.026986041042254924,0.01938810400214314,-0.010488455182295239,0.03221123006318956,-0.02146930771348116,-0.007980081029513258,-0.009691901639638512,-0.014358361819120136,-0.012026924890102916,-0.01357905652474847,-0.02718364293128749,-0.008325525534084971,-0.0133006425592782,-0.00673495976867766,-0.008565118064556248,-0.011652627022386654
27,0.005650569690432577,0.056948845012388324,-0.015004159699101367,-0.03494778553388198,-0.046949093519469215,-0.005474392927046055,-0.033775376777114466,-0.03280777140187495,-0.00861377754099697,-0.030478532147563697,-0.02592198821700925,-0.034820778038818403,-0.03427044312422822,-0.009876021128642469,-0.02012135854455648,-0.0015861073015043146,-0.042525129822660684,0.06361764941214729,-0.04232727627275221,-0.040828911990561545,0.011084433497064566,-0.055920328052054435,-0.050060285389794804,-0.01555838492786558,-0.016083251101866015,-0.02355214562044701,-0.01719473250708851,1.0,0.20257550547553432,-0.04493785305749932,0.05067428890539948,0.005813070734987109,-0.0398998576331156,-0.011737704899350871,-0.04250593039075576,-0.000433625788698004,-0.017922490582490784,-0.016309607937500685,-0.0024783309161498304,0.020793557864066392,-0.027596474396327807,-0.022977351048485764,-0.027900007092640365,-0.017316457172241964,0.052933997441585,-0.013235502386044101,-0.05314128119037733,-0.019226333149211634,0.06062578445258317,-0.013361914454285648,-0.012531785545691088,-0.017211665536100824,-0.023420077540675342,-0.03247190814560113,-0.006619382269543154,0.01926414783935903,-0.013058714732836239,0.014557448754387954,-0.008177063008294318,-0.015463197096209483,-0.029734386969343725
28,0.09189810873078545,-0.0020767653282018606,-0.00874815499194103,-0.021512959814765007,-0.027283671991959677,-0.012143078495338137,-0.024697453081242163,-0.01934272132726923,-0.006011316323124411,-0.027832484222121184,-0.020181924422439546,-0.02123760870963482,-0.020205389417389023,-0.005720118364318025,-0.022839545349389284,0.0014868299461058927,-0.024992857775539223,-0.0036593734765111028,-0.025867487657677095,-0.023477732254017954,0.021002720946328914,-0.031779398810483674,-0.02998302906535514,-0.0055462939257825816,-0.009400802126778383,-0.01471312775814608,-0.010297099994285361,0.20257550547553432,1.0,-0.02489432548787445,0.035247938247467456,-0.005883657617657003,-0.025518593526687526,-0.004524905729792651,-0.028836668958693173,-0.009881183923447303,-0.011311313582989454,-0.013803022790224153,0.013266320121664578,-0.001363140259412581,-0.016644947614838597,-0.014000913358008613,-0.016281537881465233,-0.0177302816533475,-0.0022715099736419506,-0.00022012991767607695,-0.023176877342715917,-0.011316876213749346,0.004121558260766263,-0.006241228851505262,-0.0056996436913597254,-0.010429082062767176,-0.016091391437425627,-0.02210839498010664,-0.010897135436424215,-0.028275150885215358,-0.008966013265823532,-0.012248009527827786,-0.005622840354893742,-0.009742361927835407,-0.017593856695540595
29,-0.05728824033376047,-0.024739130961045786,0.11904264424078258,-0.012477907598086467,0.08532858679409541,-0.038839511253051025,-0.05152003049130004,-0.04808965228924181,-0.018263060294093213,-0.08066760482203478,-0.04260022941548869,0.005548164736100295,-0.03996099749050802,0.008664668825027871,-0.004811444570539708,-0.06531099248412259,-0.06816438494261164,-0.04829868077365637,0.12812138010839544,0.027598481571615482,-0.03990200533209451,0.18373102793071894,0.047181187988267606,-0.02739145610197441,0.0355142849087829,-0.03816172274139737,-0.027087682268850673,-0.04493785305749932,-0.02489432548787445,1.0,-0.028031556266889336,-0.04113352388988706,0.0006281693775792429,-0.02226306219460572,-0.045402200036433873,-0.03620535975018607,-0.025226028844728007,-0.0388108175866568,-0.011142936766388056,-0.030932111407164457,0.038920885512578905,-0.03124577863137866,0.17131531801904154,-0.040249486577447716,-0.0394054001043943,0.1654463806777036,-0.08472365287850199,0.07833491073144061,-0.05490547938183453,0.12295935177060142,0.0021857605627481325,0.0029527306041353726,0.2698877814398869,-0.05905033537773796,0.008495521082852613,-0.048433788446868596,0.00025297781066530326,-0.03729187195981815,-0.01922712924579982,-0.012011447180417863,0.10188224583411915
