,0,1,2,3,4,5,6,7,8,9,10,11,12,13,14,15,16,17,18,19,20,21,22,23,24,25,26,27,28,29,30,31,32,33,34,35,36,37,38,39,40,41,42,43,44,45,46,47,48,49,50,51,52,53,54,55,56,57,58,59,60,61
0,1.0,-0.013079856481134619,-0.016714126156592984,-0.04133130425323417,-0.01643513329279077,-0.02436040225816291,-0.011325656012897463,-0.031246422980670027,-0.014755049059553693,-0.04233851450388773,-0.02425836939055314,-0.039771380011445166,-0.04008294293143168,-0.07213002901764282,-0.018209453999044972,0.14553215469989078,-0.049795566618193565,-0.005529329536282148,-0.0583866270016888,0.015760698414045357,-0.028667822423764085,-0.06988983642544772,-0.058960446173529635,0.1616057256431769,-0.016662228001117475,-0.02970370475118217,-0.016398897522746432,0.005859122517776363,0.09207143979174182,-0.05644355335835221,0.05939702052127821,-0.013038138561849023,-0.03702771370297553,-0.0030976726883174483,-0.05233522531589217,0.03239620789779557,-0.021482131832039203,-0.028684111591141502,-0.008128526890274221,-0.018475655391450147,-0.033507388900602536,-0.02753296861562528,-0.02863065934495267,-0.025428680380823125,-0.027836402915854958,0.018592963897100787,0.009257778989215606,-0.020958009111402096,0.05884193653887387,-0.025627047487560776,-0.017414394862659756,-0.020883730406260126,-0.033851960666130484,-0.03744117292335934,-0.004032873010806667,-0.04413884116284793,-0.02047016566485027,-0.006534978705190927,-0.0124754687379257,-0.01854680929593579,-0.03360494777676802,-0.06314032832016978
1,-0.013079856481134619,1.0,-0.008239370323956132,-0.019825027338939483,-0.006904611113129584,0.17492032417400147,-0.005486853859095447,-0.018407800098864217,0.0029555280084478763,-0.027414974103304686,-0.017820561802930932,-0.01942694022853003,-0.007576108245885208,-0.03616368441394293,-0.009772189601512226,-0.014534247191028436,-0.02391020109105436,0.10673736734692113,-0.024060208575548893,-0.023566588833596018,-3.471986208580661e-05,-0.022164981816049305,-0.028521006945628844,-0.008465987124583818,-0.008974341176617532,-0.010126556150691812,-0.009387182213419878,0.05696647849349967,-0.002045715571589083,-0.024549115826207352,0.07239416886889521,-0.005708598326114013,-0.02044714827733869,0.0012068400650992453,0.05379729834166652,-0.0008931364210826983,-0.010080749917794965,0.005376757071702002,-0.0029487102759450648,-0.00537365989994292,-0.015651026749907867,-0.011695844755908544,-0.01575229240805443,-0.02605296537415567,0.08572001642475129,-0.017901728067093926,-0.026740155026745285,-0.01128861791686895,-0.013813194319888896,-0.009258899114667478,-0.006630938914851125,-0.009776653866497112,-0.012884492938769887,-0.021194828043389603,-0.00042962654697128923,-0.02111326649548296,-0.01794363295749244,-0.006095180711792119,0.013445882450467506,-0.008908070176472887,-0.016424035743113498,-0.0223740220676797
2,-0.016714126156592984,-0.008239370323956132,1.0,-0.005630381895267512,-0.005961839605376305,-0.01160435584325789,0.0036424081467820125,-0.014963706054663437,-0.00487389515275413,-0.023577971181958778,-0.013409872943710367,-0.0025521403536540245,-0.01637388783308718,-0.04004273025086967,0.0076672156789496715,-0.01848653133427991,-0.019878843561436172,-0.01743090598561725,-0.0054870159008448445,0.01295498293444966,-0.012472856066430008,-0.0024572344600498853,-0.019164374432512045,-0.007737513385734327,-0.005963019610158933,-0.011291125703331743,-0.007510467864031123,-0.014432942855393226,-0.008400040131177684,0.11083866216181883,0.007205320010482102,-0.012141894791049608,0.01856614650977953,-0.00675374397102267,-0.023787084538608092,-0.015074650451235329,-0.00885153006792191,-0.011431952097548131,-0.0035642073387015974,-0.009054670703797021,-0.009313295807169676,-0.010803803338346242,0.07180753448005658,-0.028627669332291925,-0.01248215379591627,0.03082927872836572,-0.02424344486239743,0.5611486747434106,-0.017873102103784597,0.03644303985646028,-0.0047241484604682495,-0.007828015358324631,0.0002174310035619638,-0.017248599462969593,-0.0088236769657726,-0.023008742314580277,-0.015282463599308824,-0.01141604778681168,-0.005653264215549005,-0.007606836018109433,0.14869330417211293,-0.02128463289314026
3,-0.04133130425323417,-0.019825027338939483,-0.005630381895267512,1.0,-0.0016337198473555538,-0.02911792736234072,-0.00685072560146955,-0.0169040455585762,-0.014178943038246728,-0.016088418202461957,8.483217426582135e-05,0.6840087114208229,-0.03069717846315187,0.040100931245575275,0.05146783292879562,-0.03735354933253207,-0.048695530471446834,-0.03375749172713928,-0.0051323711836508724,0.06435845229971339,-0.03032079726280671,-0.05450674600442884,-0.009837886056378486,-0.017734433062611417,0.017373769259719698,-0.02877629437858105,-0.017896959287649693,-0.034594866922877096,-0.021262452044201574,-0.012912005497569585,-0.021762642974493398,-0.029895839711933214,0.03822757100662794,-0.017147222153727337,-0.04840683843461212,-0.04047265546747463,-0.0011028932778468867,-0.02902598450754664,-0.00916426132488174,-0.006495663766934623,0.055026305300999126,-0.02463467533442113,-0.0032638221835559764,-0.041662258032264976,-0.03024607357111899,0.06356785611378128,-0.055508355879136766,-0.01790464859903269,-0.005711157040408482,-0.03516426699489893,-0.01535612312060344,-0.01874120584797662,-0.01692525782456844,-0.024001233431353464,-0.015473917826241924,-0.015333878947741917,-0.022058584399459263,-0.02828538603061459,-0.014382415436895456,-0.014535431789617711,0.03289181943947762,-0.05094431479874184
4,-0.01643513329279077,-0.006904611113129584,-0.005961839605376305,-0.0016337198473555538,1.0,-0.010601257033953678,-0.0019591300283347884,-0.011927135720577436,-0.00543944341733045,-0.022025780045864647,-0.005342779812492543,0.05356709699341495,-0.011752304568954455,0.012398529874128891,-0.0006440165709404935,-0.017542500452731508,-0.01869155501197704,-0.014492545956001595,-0.000679998385096265,-0.014211893439484957,-0.011601364568104098,-0.014374174883196995,0.013347762665436821,-0.007023828728090604,0.03594251788977275,-0.010061365897517762,-0.00737329805299217,-0.01168084137587494,-0.007895665921391841,-0.0034459677209640618,-0.00608857649016749,-0.011189792647233878,0.03401068167886839,-0.006247803176951656,-0.012898874146636149,-0.013444991606924299,-0.0072492879124388555,-0.010291322720960512,-0.0033414561366281862,-0.00840165371310733,-0.007959531144500171,-0.008257998200930592,-0.011564145693840958,-0.015079250579144329,-0.011180878272744103,0.032521661997512254,-0.02255635734722919,-0.008283512421528475,-0.007488054199190132,-0.014770422011647369,-0.005908401384659715,-0.0035187870174124263,-0.008789886462960932,-0.01592478524220224,-0.00726006942946711,-0.019198917072196214,-0.012775771549726493,-0.010553478933450714,-0.005211802444865242,-0.005085938209798168,-0.008788978912940662,-0.009284065359453503
5,-0.02436040225816291,0.17492032417400147,-0.01160435584325789,-0.02911792736234072,-0.010601257033953678,1.0,-0.007799317712053056,-0.02647007417172477,0.012793075265682033,-0.040611096435872365,-0.025461892707567307,-0.02838704156717326,-0.024002067910928692,-0.07000024226801373,-0.026869668980509867,-0.030164103325404215,-0.03343074945799528,0.13974733471510292,-0.0397858479692858,-0.03408780537498006,0.0430688563479653,-0.0467490519842452,-0.04072131184753359,-0.013683562292923586,-0.012748121478652927,-0.018161207918401576,-0.013804512316411076,-0.005413620423185345,-0.012087131718044014,-0.0384461969660533,0.09027100032189889,-0.015383549605137076,-0.03572269008910313,0.020373205649037232,0.0968978374170212,-0.008412867463568289,-0.01504932957986906,0.11594493879251871,-0.005921420527248159,0.002987248233359885,-0.022195668777989244,-0.01782490889310013,-0.022056630906742154,-0.04550673622678619,0.12277746131395728,-0.05668697904316915,-0.04152238382585442,-0.015572336846725335,-0.03444597930881772,-0.029167800449368772,-0.011558529662751792,-0.013859966884166356,-0.02986560301336236,-0.029974378792263286,-0.0002884792378563526,-0.02340625006853453,-0.027291777155523257,-0.012622581440558762,0.08886296831533268,-0.01301629595144818,-0.023592031548156603,-0.03881013124425081
6,-0.011325656012897463,-0.005486853859095447,0.0036424081467820125,-0.00685072560146955,-0.0019591300283347884,-0.007799317712053056,1.0,-0.006047457140066001,-0.0038699754818246994,-0.015643897733482272,-0.008416238285467014,-0.00591642901345483,-0.010482230780810363,-0.00831231369079509,-0.005731004481589393,-0.013064951263719786,-0.013409692277738706,-0.011097781747453305,0.1140124719837389,-0.008863520302609165,-0.008406425366986162,0.004156826739722359,0.00344348916800199,-0.0028255324640164502,-0.003362320488562966,-0.007654861369678221,-0.005388993620153322,-0.009849319335908864,-0.005693169889671093,0.00886778387822186,-0.01048290337343313,-0.007963642291525175,0.007643973687400493,-0.004511225823925287,-0.007797659775043769,-0.01100332417239163,-0.004944025460011022,-0.0077129951129700424,-0.0023418909703133593,-0.006160384289319024,-0.0010940512239401073,-0.007044740048498439,-0.0011580182901863674,0.013643011792915641,-0.008006754554456375,-0.0023688069853330233,-0.01649693180532845,0.005334229991725354,-0.013957826863851209,-0.004939277397908725,0.0028969107065960208,-0.0031147296436897865,-0.00045316356170753,-0.011713835104340892,-0.007135602008581141,-0.012470800272630148,-0.009310501078122523,-0.007642228022975894,-0.0038217745376190365,-0.003839446790852047,0.007724045484346726,0.0014208820408528242
7,-0.031246422980670027,-0.018407800098864217,-0.014963706054663437,-0.0169040455585762,-0.011927135720577436,-0.02647007417172477,-0.006047457140066001,1.0,-0.013527901356542374,0.0877467663034514,0.0415451328041682,-0.0185301159839863,-0.038386527871176315,0.03754371250080533,-0.032507312383761526,-0.0018280106530103426,-0.03681444842299457,-0.022388548376590545,-0.05022205477057405,-0.014326828495814103,-0.02869241041560476,-0.06171853728382883,-0.04843758196235297,0.0093325991941432,-0.01428862619847844,-0.02579487503182915,0.007806365552606204,-0.03280713541990159,-0.01934658491848378,-0.048105287355223375,-0.02763203163800953,-0.026779721553403753,-0.0014348706541390244,-0.015115185130578343,-0.05312047916763983,-0.03442348147642607,-0.020049304713144894,-0.025665821658981375,-0.008209974303693014,0.0114357998820717,-0.019816398151788796,-0.023700730941970314,-0.02718103995558843,-0.0601594425755458,-0.028478525976353093,-0.04990216133418344,0.11562694301386583,-0.019959691442525365,0.10874884253139276,-0.035495499336749906,-0.013682609617737929,-0.018313998175006875,-0.03324147518011472,0.02700113644562071,0.029373865297688012,-0.02878691326148903,0.26355434238585795,-0.023710175402544036,-0.012859097561378444,0.06535687728550721,-0.023070974315016694,-0.05538726866872912
8,-0.014755049059553693,0.0029555280084478763,-0.00487389515275413,-0.014178943038246728,-0.00543944341733045,0.012793075265682033,-0.0038699754818246994,-0.013527901356542374,1.0,-0.020781389409418077,-0.01296047902749448,-0.014313034114538159,-0.013226394106079047,-0.035670285855836696,-0.0045937130602880846,-0.017083654429892764,-0.017598062752441836,-0.00868550058535309,-0.019506493021731873,-0.01659103543590469,0.09385869786515921,-0.022668055489673003,-0.021021035304386832,-0.00718909404519966,-0.006409547354657288,-0.009688777520162773,-0.0070160517155717726,-0.008561957450497105,-0.0059793324770322795,-0.018071070262336855,0.02493360652924826,-0.008101135650237982,-0.017641999799427648,-0.0055675552985073335,-0.008787008840829622,-0.01188973160267898,-0.007817083984931014,-0.005696601350132083,-0.003101265657095181,-0.006399219142062562,-0.011198976569896817,-0.009251475653953296,-0.010601593481366512,-0.024677486741652405,0.00018896673253271346,-0.024252614328524214,-0.021830728386083468,-0.006090653295921184,-0.014345036186362944,0.0021473678889267203,-0.005388908939242452,-0.00705757275754363,0.0005977442424165268,-0.015264778785365387,-0.00725946820193628,-0.020108260554781973,-0.013852215459896856,-0.009541737743872987,-0.002632450082837966,-0.006688377564386286,-0.011663998198550407,-0.020592253629874872
9,-0.04233851450388773,-0.027414974103304686,-0.023577971181958778,-0.016088418202461957,-0.022025780045864647,-0.040611096435872365,-0.015643897733482272,0.0877467663034514,-0.020781389409418077,1.0,-0.018012741595131006,-0.040699928694895145,-0.05971978678891079,-0.06452746208325347,-0.06968379438785022,-0.020941433752293327,0.17870500005312906,-0.04487067066588507,-0.08385152204603663,-0.06422986155148994,-0.04444361220517795,-0.10199968176542709,-0.0818421615031821,-0.01834019249153854,-0.026055370898351873,-0.03998903135552143,1.5367362972089522e-05,-0.030276318361865076,-0.027779579772874728,-0.0800924370692315,-0.048962302570292236,-0.030082871311632682,-0.05549051599409925,-0.022998382412549513,-0.08152500787021977,-0.04376303807690596,-0.031151208415840997,-0.03952462348896213,-0.009143653721171645,0.24782821208414188,-0.04439727960510628,-0.03823769339742174,-0.04479010383066098,-0.08535261816261791,-0.03982038437710965,-0.11359189429742633,0.09987379771293661,-0.03214803850999999,-0.04570378202042892,-0.05858014761045222,-0.02216879226500605,-0.028879610055811245,-0.06948917008055414,0.6646842565822333,-0.0401851853719291,-0.05610692405715183,0.09893858961416457,0.001785116552421933,-0.019722019015158097,-0.025090216133304352,-0.046934356998944146,-0.08580876468733571
10,-0.02425836939055314,-0.017820561802930932,-0.013409872943710367,8.483217426582135e-05,-0.005342779812492543,-0.025461892707567307,-0.008416238285467014,0.0415451328041682,-0.01296047902749448,-0.018012741595131006,1.0,0.01082281929256817,-0.037114590937478875,0.08931817844957307,-0.014521933324500167,-0.019019836512562026,-0.013018172590071155,-0.02846756362960056,-0.04703896518703943,-0.00801782533528881,-0.027597513541034412,-0.03649000650411075,-0.045263267256612894,0.05551790182971866,-0.009512914531654744,-0.025064154987904756,-0.007845671619108166,-0.023129139597549843,-0.01834996373221253,-0.04209096200251426,-0.008649071778612842,-0.023299522620799352,0.009674617115553895,-0.013933305154064504,-0.05016764104369972,-0.03441111898278225,-0.0184620259595867,-0.024539257108836237,-0.007876624031830873,-0.011859212307457949,0.003931409904234619,-0.0226035931610251,-0.02162839289564793,-0.053438244583036115,-0.024808725014084952,-0.004486312345237598,0.11678161891629223,-0.018129766535101108,0.04347909188888455,-0.031358969767358205,-0.013371767116027975,-0.017858786135678425,-0.00362034684806063,0.0058009032488797185,0.005006000850705137,-0.03400824272770364,0.024962695817282998,-0.016541002330084417,-0.012384731455249513,-0.01517786727990586,-0.011211104497772904,-0.05189624932355398
11,-0.039771380011445166,-0.01942694022853003,-0.0025521403536540245,0.6840087114208229,0.05356709699341495,-0.02838704156717326,-0.00591642901345483,-0.0185301159839863,-0.014313034114538159,-0.040699928694895145,0.01082281929256817,1.0,-0.035108728380846665,0.10834673264609862,0.0359985757679554,-0.03303279937693816,-0.04639092165186384,-0.021871143709230573,-0.013758105955831733,0.069520972991964,-0.0301579953572449,-0.04768209679194495,-0.017466949506190176,-0.016596588645829937,0.024094872664323155,-0.028023012845128217,-0.01738257751670861,-0.033923201978268286,-0.02016658016906476,0.003338302321968422,-0.02060069380152625,-0.02540150410369047,0.07995235565162577,-0.016672331977067904,-0.048078790095779034,-0.03850549845681948,-0.006623515946205015,-0.02826161477829297,-0.008923122371666451,-0.017250678209204628,0.048856988528228035,-0.024003564859793873,-0.006913717833062663,-0.03412140425098123,-0.02935810399358184,0.07308395303102558,-0.0579035840468664,-0.015754352788399227,-0.015667703510912154,-0.0330236117452406,-0.013674539047641565,-0.017744887466621173,-0.020662836094435304,-0.033272363653826936,-0.014775631411458252,-0.043782183680014436,-0.01734426002397992,-0.027653759990291668,-0.013958347930575585,-0.013451231604205761,0.034182646925102776,-0.04559585765824981
12,-0.04008294293143168,-0.007576108245885208,-0.01637388783308718,-0.03069717846315187,-0.011752304568954455,-0.024002067910928692,-0.010482230780810363,-0.038386527871176315,-0.013226394106079047,-0.05971978678891079,-0.037114590937478875,-0.035108728380846665,1.0,-0.04349414170494577,0.0750361799454711,-0.04889520126996872,-0.05029869624130637,-0.02803491051380623,-0.020313845176419383,-0.048994478971938094,-0.024737290319020645,0.07868965434279693,-0.0357790775584545,-0.020536775314876007,-0.01662936915249333,-0.014727977620998015,-0.020007993263110188,-0.03415464662257527,-0.020079601589102256,-0.039667508034560595,-0.02190550748399024,-0.028469002291241326,-0.029898691253226264,-0.015884708860536133,0.3449762121894938,0.020517644557021486,-0.010616407518739183,-0.01255381087687651,-0.008738646911001933,-0.022383257346151784,-0.031723647626578935,0.08945351266955429,-0.03196591583087713,-0.03870390213708415,-0.019909312971913208,-0.05257823143688912,-0.06232678218555928,-0.02248228013888337,-0.046092896470662684,0.01895067827843211,0.06553857369503867,-0.007244928461964589,-0.02408833976128071,-0.043402657957705905,0.06435419000369338,-0.04444766286837229,-0.03811316421881222,-0.02829310778277511,-0.01338709026214284,-0.014011932935181007,-0.03252973398660386,0.09113322283097193
13,-0.07213002901764282,-0.03616368441394293,-0.04004273025086967,0.040100931245575275,0.012398529874128891,-0.07000024226801373,-0.00831231369079509,0.03754371250080533,-0.035670285855836696,-0.06452746208325347,0.08931817844957307,0.10834673264609862,-0.04349414170494577,1.0,0.014955972587197244,-0.08169839615353203,-0.10496646128595842,-0.046751021852804955,-0.023647313348079443,-0.06180048665742452,-0.07074854505439176,-0.07069866154397537,-0.038964473553443874,0.010093328621052517,-0.008647096072110064,-0.05401277034713816,-0.03181814640477577,-0.05513697434265357,-0.04531111423578822,0.016212990953167798,-0.06136275569942107,-0.026678508095310166,0.20346330383176725,-0.034578604175355104,-0.02733436932200197,-0.03902991869841145,-0.027284222521136204,-0.05680216687123989,-0.02274193233253157,-0.020107922651857527,-0.025502412164029244,-0.030076293553293165,-0.03143543111097987,0.007957805457386887,-0.06366398172003274,0.028122261077066564,-0.11384995359611588,-0.01342898784427239,-0.0179723273635442,-0.003502714537964805,-0.00364229211837693,-0.03802377789528574,-0.01482808157503769,-0.07382269528441626,0.033099116611408394,0.013343674129467475,0.032574242565193555,-0.04859746272584212,-0.03340233638951769,0.042654812258780574,-0.037471953639750116,-0.05779895483033408
14,-0.018209453999044972,-0.009772189601512226,0.0076672156789496715,0.05146783292879562,-0.0006440165709404935,-0.026869668980509867,-0.005731004481589393,-0.032507312383761526,-0.0045937130602880846,-0.06968379438785022,-0.014521933324500167,0.0359985757679554,0.0750361799454711,0.014955972587197244,1.0,-0.0388102635000468,-0.059351083780756125,-0.02834044104341243,-0.013962831508397184,0.09072417101518353,-0.032441915869145244,-0.02851083829357066,-0.03288036488932869,-0.018640506984615862,0.13653618638912884,-0.03323306312618651,-0.022409104765015238,-0.019997638885254337,-0.022766039696487113,-0.0048516671653600785,-0.019388716420390695,-0.03599242883867522,0.0012044973343386936,-0.01987847372629341,0.020070955963915314,-0.02956433689792591,-0.023138875195659672,-0.01272196691194193,-0.010505722495264104,-0.016249019885444624,0.05965542129427437,-0.013569879998605611,-0.009938470703300558,-0.03786403874482847,-0.031441293387552326,0.13518487040346414,-0.06833823731507178,-0.008253379069638939,-0.005152422631321831,0.03156097627351933,-0.010684255875189157,-0.019454969695182317,-0.010194066103480072,-0.0498035826107913,0.0510673286967655,-0.051836539656979666,-0.02358203440864407,-0.03259917941480575,-0.01657449062292033,-0.01891994051230681,-0.00215766135790732,-0.030139355325723524
15,0.14553215469989078,-0.014534247191028436,-0.01848653133427991,-0.03735354933253207,-0.017542500452731508,-0.030164103325404215,-0.013064951263719786,-0.0018280106530103426,-0.017083654429892764,-0.020941433752293327,-0.019019836512562026,-0.03303279937693816,-0.04889520126996872,-0.08169839615353203,-0.0388102635000468,1.0,-0.04640933046086495,-0.03842705932737841,-0.06761067398710066,0.033043007306385486,-0.02980091821289497,-0.08214988538173659,-0.06945674002582818,0.01917227579046925,-0.020220083671479764,-0.033013665748815806,0.26334766769085466,-0.0015252157954028784,0.0014655385134587692,-0.06466453585060616,0.0011027800886213859,-0.03131055195107893,-0.047135189392684754,-0.01946119602671091,-0.0694227409769279,-0.022562720606372037,-0.02579188791357767,-0.03319416421655504,-0.009879557330350208,0.003483257173477228,-0.02137135553362035,-0.03165287810196962,-0.029732193482853747,-0.07905920373803316,-0.03533284053089077,-0.023548853015895578,0.047073261612769764,-0.02548213387781304,0.12718037440668112,-0.04360683684723017,-0.019392838564268173,-0.023752182081479584,-0.010046415965293898,-0.015067381024528679,-0.02640556293094365,-0.06506709121132934,-0.011669646885894442,-0.03029203621436163,-0.01612627199789788,-0.02195630540399323,-0.022089771609936415,-0.0708188496086001
16,-0.049795566618193565,-0.02391020109105436,-0.019878843561436172,-0.048695530471446834,-0.01869155501197704,-0.03343074945799528,-0.013409692277738706,-0.03681444842299457,-0.017598062752441836,0.17870500005312906,-0.013018172590071155,-0.04639092165186384,-0.05029869624130637,-0.10496646128595842,-0.059351083780756125,-0.04640933046086495,1.0,-0.05090486253805279,-0.07036604863519856,-0.05865352161755842,-0.036833522962714645,-0.08675830057499823,-0.06927073025669571,-0.023654233203289514,-0.021836786617051226,-0.03384124311477783,-0.022836150121885706,-0.042441728257730106,-0.0249318970833731,-0.0675139808431788,-0.039866879861463506,-0.0360696852786411,-0.06207249649113122,-0.019978457193803797,-0.07156843954900313,-0.05070536727751368,-0.026385778955276443,-0.03177072866690053,0.03654795406985508,-0.026883700491411283,-0.03809250336209284,-0.03220008163430357,-0.03817799064840824,-0.08358862975000662,-0.0355115679933288,-0.09710339973231431,0.2599742878970639,-0.02676188070729893,-0.0671523768155968,-0.04874405441392242,-0.019746968336083852,-0.02452668172154278,-0.06166491664357686,0.12213234726174604,-0.03685924346043526,-0.06693268859558443,-0.03231899773621047,-0.033571288582959706,-0.01667627868745867,-0.022741281342200513,-0.04024606680348561,-0.07274391878729573
17,-0.005529329536282148,0.10673736734692113,-0.01743090598561725,-0.03375749172713928,-0.014492545956001595,0.13974733471510292,-0.011097781747453305,-0.022388548376590545,-0.00868550058535309,-0.04487067066588507,-0.02846756362960056,-0.021871143709230573,-0.02803491051380623,-0.046751021852804955,-0.02834044104341243,-0.03842705932737841,-0.05090486253805279,1.0,-0.04769988908175578,-0.044831530902468456,0.07696543139986192,-0.0551317531729017,-0.05667061935952966,-0.012132756529380381,-0.019106274218875924,0.15594691328206933,-0.01931277995535972,0.06373975737091515,-0.003545271029927536,-0.04806290518042845,0.05279672859056829,0.049898898604868194,-0.03236914357602757,-0.008735594549654807,0.01532830721702479,0.07522447143666962,-0.016955610909235228,0.021591731636388715,-0.00881770781129578,-0.011581544893899828,-0.03311508516162764,-0.019670315642310574,-0.03327957554461261,-0.040966720334693285,0.021513598361559336,-0.05293681378881414,-0.05923151597448152,-0.023858861222892734,-0.00032612656531845214,0.026081783284546786,-0.01096178544731088,-0.020975420595640712,-0.02836672273702473,-0.0421131981885558,-0.009324513798863784,0.04538669789889359,-0.013214161733471463,0.002985784721334657,-0.011124905998709122,-0.018499153237219224,-0.03304028223235933,-0.031053556087388523
18,-0.0583866270016888,-0.024060208575548893,-0.0054870159008448445,-0.0051323711836508724,-0.000679998385096265,-0.0397858479692858,0.1140124719837389,-0.05022205477057405,-0.019506493021731873,-0.08385152204603663,-0.04703896518703943,-0.013758105955831733,-0.020313845176419383,-0.023647313348079443,-0.013962831508397184,-0.06761067398710066,-0.07036604863519856,-0.04769988908175578,1.0,-0.03351480730968197,-0.04116432899749171,0.25347197189578663,0.07233794869445624,-0.02875474934713,0.054012949323849986,-0.039272384394973756,-0.0281326895019832,-0.042086841528992454,-0.025725452445921032,0.1275409716513074,-0.03456659683602434,-0.04060567715872511,-0.015970974879492422,-0.021387300898269592,0.04302669493579611,-0.030945049213899734,-0.013682753700723735,-0.039224432204769795,-0.011833616642705418,-0.03209680633884407,0.010739853469769644,0.019576231464122615,0.12155142579922565,0.01356888518727271,-0.04065945224715935,0.050331064447208,-0.08698856301013598,0.04738363450949552,-0.06817062961252843,0.026972396703205195,-0.005917664210079853,0.014354968250651383,0.16941606619903482,-0.061069691182673747,-0.022181387586472798,-0.05151945947342314,-0.05286277235409223,-0.03912024286780058,-0.019699751154500435,0.01142441043202624,0.07955536801235621,0.16738650784475725
19,0.015760698414045357,-0.023566588833596018,0.01295498293444966,0.06435845229971339,-0.014211893439484957,-0.03408780537498006,-0.008863520302609165,-0.014326828495814103,-0.01659103543590469,-0.06422986155148994,-0.00801782533528881,0.069520972991964,-0.048994478971938094,-0.06180048665742452,0.09072417101518353,0.033043007306385486,-0.05865352161755842,-0.044831530902468456,-0.03351480730968197,1.0,-0.03666796814347856,-0.07332281858386092,-0.06114960740767213,-0.00010871981094162176,-0.002466110937710644,-0.03325614413980797,-0.013147468409943271,-0.040714890515505926,-0.023404621228195276,0.02872254232417982,-0.034220353034107726,-0.03575118656928715,-0.011211894511721679,-0.019387857051348007,-0.06911008697092197,-0.044865862221298417,-0.02533225366173758,-0.03369429179050132,-0.010448678539245677,-0.02484255813040399,0.020426598933609916,-0.031202372469757773,0.039527011009814095,-0.07786783006523196,-0.036243782401397154,0.30228499322488994,-0.06684131416297878,0.00024820910215871995,0.02647924736116737,0.009259799815781558,-0.018964876956784442,-0.023729138051739273,-0.019811627673292927,-0.04390639044733962,0.04835966925348105,-0.056703394216923275,0.00600977348538372,-0.03184178385674695,-0.0165202991129908,-0.012010233032149032,0.051461816561215186,-0.06895344139418813
20,-0.028667822423764085,-3.471986208580661e-05,-0.012472856066430008,-0.03032079726280671,-0.011601364568104098,0.0430688563479653,-0.008406425366986162,-0.02869241041560476,0.09385869786515921,-0.04444361220517795,-0.027597513541034412,-0.0301579953572449,-0.024737290319020645,-0.07074854505439176,-0.032441915869145244,-0.02980091821289497,-0.036833522962714645,0.07696543139986192,-0.04116432899749171,-0.03666796814347856,1.0,-0.04868451696639741,-0.04433120885986398,-0.015325370039384516,-0.013673797183551321,-0.006773086914141308,-0.014857516829620079,0.011148807620108048,0.02105083253349648,-0.03951400939030919,0.027995515676341082,-0.012372320314639678,-0.039155390020712943,-0.01157941378985606,-0.026127223835022625,-0.004994499607396796,-0.016032126752473348,0.0702243006064173,-0.0064762794534171,-0.013794085779261379,-0.023778023290497358,-0.018339067727479376,-0.02376574546188424,-0.04923633230331383,0.1686889700539735,-0.05127922900962206,-0.0464763769621354,-0.017070540875525814,-0.032847386220169056,-0.024583315120727565,-0.00953846764726523,-0.014899918120986018,-0.01577223822880196,-0.03239743225602257,-0.014450502392396909,-0.04080783853210035,-0.02917476918634556,-0.019249733305904057,0.0046865132665370075,-0.01319926525614454,-0.02503190762096649,-0.042628478935861885
21,-0.06988983642544772,-0.022164981816049305,-0.0024572344600498853,-0.05450674600442884,-0.014374174883196995,-0.0467490519842452,0.004156826739722359,-0.06171853728382883,-0.022668055489673003,-0.10199968176542709,-0.03649000650411075,-0.04768209679194495,0.07868965434279693,-0.07069866154397537,-0.02851083829357066,-0.08214988538173659,-0.08675830057499823,-0.0551317531729017,0.25347197189578663,-0.07332281858386092,-0.04868451696639741,1.0,0.10553316114712681,-0.03487035874900862,-0.02661053546058212,-0.04577131025549899,-0.03457517866399906,-0.05578679013880646,-0.031650474315129844,0.18400228385368464,0.005465985378201574,-0.050747129597065524,-0.017173360970391176,-0.024755085821452017,0.11814456633971838,0.014295328508722909,-0.02388720354566307,-0.04538366459092712,-0.014977305762153203,-0.039422277616184775,-0.0377353355859194,0.022800462192092877,0.006790713999311528,0.0701239871925712,-0.04309029192527762,-0.005594537984261148,-0.10597823118129457,0.011138179827770295,-0.07912702555410067,0.0410987470048693,0.05141942186973277,0.09427744397474139,0.13491452972597595,-0.0752385542683478,-0.003625284793858142,-0.061646382217707185,-0.06423978112727205,-0.04639943244985513,-0.023977341911258256,-0.0094347117459022,0.018902425500418873,0.36913520484249357
22,-0.058960446173529635,-0.028521006945628844,-0.019164374432512045,-0.009837886056378486,0.013347762665436821,-0.04072131184753359,0.00344348916800199,-0.04843758196235297,-0.021021035304386832,-0.0818421615031821,-0.045263267256612894,-0.017466949506190176,-0.0357790775584545,-0.038964473553443874,-0.03288036488932869,-0.06945674002582818,-0.06927073025669571,-0.05667061935952966,0.07233794869445624,-0.06114960740767213,-0.04433120885986398,0.10553316114712681,1.0,-0.029329373568414287,0.02338242262871084,-0.040061019708548334,-0.028571468541736953,-0.04994975622377817,-0.02988973956546529,0.04697056414073279,-0.056782269122099216,-0.041920489146671874,-0.040208784430677005,-0.022560547213282118,0.007067783344644,-0.030420067939286935,-0.0010602758254445706,-0.040303983100462515,-0.012721750299672062,-0.032421791905495136,-0.02042891543797907,0.03099827145970345,-0.03635215099744417,0.059529932738536094,-0.04029711160484625,-0.02659596702879212,-0.08883162381206477,-0.026767142224487853,-0.07548990566366219,-0.024435985228135094,-0.002764369969054478,0.05055455271195544,0.005563849018277018,-0.060367620371518924,-0.03709897277207204,-0.03383045395728829,-0.05177882683693386,-0.034211613062355706,-0.020182540309207096,0.023273792474219773,-0.026164447333693202,0.17015827890005922
23,0.1616057256431769,-0.008465987124583818,-0.007737513385734327,-0.017734433062611417,-0.007023828728090604,-0.013683562292923586,-0.0028255324640164502,0.0093325991941432,-0.00718909404519966,-0.01834019249153854,0.05551790182971866,-0.016596588645829937,-0.020536775314876007,0.010093328621052517,-0.018640506984615862,0.01917227579046925,-0.023654233203289514,-0.012132756529380381,-0.02875474934713,-0.00010871981094162176,-0.015325370039384516,-0.03487035874900862,-0.029329373568414287,1.0,-0.005152641546992576,-0.013863054396089494,0.012847025392775742,-0.015375666204538249,-0.005392914439297565,-0.0272536512857533,-0.006904497841426463,-0.014754067647872153,0.0033617004375739133,-0.0073292229417588175,-0.029164849086658846,-0.01604282661372552,-0.010856012985394178,-0.013891968321729339,-0.004399812344922309,-0.01048257087240139,-0.013520071196217575,-0.012723415169110797,-0.013873069503137174,-0.03196072051988584,-0.015157956994358054,-0.019117059996629104,0.00433096093676732,-0.009812931361200492,0.033522255862731616,-0.01720735130751055,-0.007717817727883675,-0.009998261948589868,-0.019665676058551407,-0.016877140764100813,-0.007349437403635095,-0.026853868204612222,0.007601661774879535,-0.011853330588997171,-0.006892509074377092,-0.009121037172672554,-0.009030167194643317,-0.02997250452175982
24,-0.016662228001117475,-0.008974341176617532,-0.005963019610158933,0.017373769259719698,0.03594251788977275,-0.012748121478652927,-0.003362320488562966,-0.01428862619847844,-0.006409547354657288,-0.026055370898351873,-0.009512914531654744,0.024094872664323155,-0.01662936915249333,-0.008647096072110064,0.13653618638912884,-0.020220083671479764,-0.021836786617051226,-0.019106274218875924,0.054012949323849986,-0.002466110937710644,-0.013673797183551321,-0.02661053546058212,0.02338242262871084,-0.005152641546992576,1.0,-0.0123589584471809,-0.008736082180748225,-0.016002706166368775,-0.009337312022728894,0.035105269452129786,-0.0145812296845932,-0.013329436498056634,0.006811604212817356,-0.007222627566830541,-0.013673177569938142,-0.018273893663057164,-0.00893452669039732,-0.012503196001531436,-0.003934246888748647,-0.009980385905237352,0.010365821898350202,-0.0110959862224396,-0.005502313536709283,-0.009404018552004064,-0.013470854801691447,0.08702874399026767,-0.026505077882515493,-0.009859285240755217,0.0024800803350129106,-0.018784126945518936,-0.00728272200683447,-0.007170863594358933,-0.0141997516031372,-0.018992359808111127,-0.013978589970838508,-0.02532902199144558,-0.017275772232163422,-0.012611467392760298,-0.006147162792335337,-0.008246147068311723,-0.010981965884494703,-0.003406047258942458
25,-0.02970370475118217,-0.010126556150691812,-0.011291125703331743,-0.02877629437858105,-0.010061365897517762,-0.018161207918401576,-0.007654861369678221,-0.02579487503182915,-0.009688777520162773,-0.03998903135552143,-0.025064154987904756,-0.028023012845128217,-0.014727977620998015,-0.05401277034713816,-0.03323306312618651,-0.033013665748815806,-0.03384124311477783,0.15594691328206933,-0.039272384394973756,-0.03325614413980797,-0.006773086914141308,-0.04577131025549899,-0.040061019708548334,-0.013863054396089494,-0.0123589584471809,1.0,-0.013456176859555396,-0.02347930279432406,-0.014677131445845006,-0.037832963196135105,-0.0240094257072912,0.00935555891473763,-0.03128276024174917,-0.009629781781867785,0.014178827827407734,0.025258138304217158,-0.003835310866232983,0.013047043359089714,-0.006048031885748595,-0.015263700424951197,-0.021550270470153926,0.033735186136066964,-0.021560617735397903,-0.039276270719089075,-0.010650328318350137,-0.0574902298005298,-0.041934724107092244,-0.01541376503316967,-0.036512447148236316,-0.02938650360310628,-0.011053693017028294,-0.013497619123218337,-0.03570135500273017,-0.029161097470819734,0.0029054356326361965,0.15995650838685438,-0.02263291111615958,-0.018723508067614344,-0.009152571563955141,-0.012157380312504152,-0.022864551334405833,-0.04045259739867581
26,-0.016398897522746432,-0.009387182213419878,-0.007510467864031123,-0.017896959287649693,-0.00737329805299217,-0.013804512316411076,-0.005388993620153322,0.007806365552606204,-0.0070160517155717726,1.5367362972089522e-05,-0.007845671619108166,-0.01738257751670861,-0.020007993263110188,-0.03181814640477577,-0.022409104765015238,0.26334766769085466,-0.022836150121885706,-0.01931277995535972,-0.0281326895019832,-0.013147468409943271,-0.014857516829620079,-0.03457517866399906,-0.028571468541736953,0.012847025392775742,-0.008736082180748225,-0.013456176859555396,1.0,-0.017143354968972777,-0.010283624889348003,-0.026859472871098446,-0.007698955056006759,-0.014356394321600102,-0.01387201118530548,-0.007982365030617524,-0.028355564782032,-0.0175966925582665,-0.010443462963129601,-0.01364253903192457,-0.00428815248784832,-0.010264291658002418,-0.007926655722106907,-0.012812384319817257,-0.014438884767470121,-0.03396859073532099,-0.014781600658075484,-0.026834022181985405,0.01954158448304535,-0.0107891769822753,0.03216362010058131,-0.019957886181178032,-0.00783932312733782,-0.009722049783353707,-0.012741898009594424,-0.012104194423459152,-0.013117175386115672,-0.02660251730348715,0.055890100306203755,-0.01330318905180377,-0.0067326248928449555,-0.00864620797308621,-0.011205380329239128,-0.02902457210581929
27,0.005859122517776363,0.05696647849349967,-0.014432942855393226,-0.034594866922877096,-0.01168084137587494,-0.005413620423185345,-0.009849319335908864,-0.03280713541990159,-0.008561957450497105,-0.030276318361865076,-0.023129139597549843,-0.033923201978268286,-0.03415464662257527,-0.05513697434265357,-0.019997638885254337,-0.0015252157954028784,-0.042441728257730106,0.06373975737091515,-0.042086841528992454,-0.040714890515505926,0.011148807620108048,-0.05578679013880646,-0.04994975622377817,-0.015375666204538249,-0.016002706166368775,-0.02347930279432406,-0.017143354968972777,1.0,0.20267033909935367,-0.0446035764820163,0.05075269206420058,0.006002554859443142,-0.03737799910048672,-0.011700291387478936,-0.0422757207342392,6.713432494490665e-05,-0.017885238676658817,-0.016243314539869196,-0.0024626246401570928,0.020865059097930242,-0.027508189790898627,-0.02279276291098321,-0.027820110473269804,-0.014350202799139159,0.052996750667262005,-0.013106108353197757,-0.053070073203741026,-0.01975458205831882,0.06079324750882745,-0.010172993132591311,-0.01215473064494212,-0.017189887207217064,-0.021898703318597723,-0.03254529039510718,-0.005797672033612315,0.02044606665280071,-0.027705368688955963,0.014631330810035342,-0.008109360277818979,-0.015151810334015971,-0.0292838687115513,-0.046762698449164336
28,0.09207143979174182,-0.002045715571589083,-0.008400040131177684,-0.021262452044201574,-0.007895665921391841,-0.012087131718044014,-0.005693169889671093,-0.01934658491848378,-0.0059793324770322795,-0.027779579772874728,-0.01834996373221253,-0.02016658016906476,-0.020079601589102256,-0.04531111423578822,-0.022766039696487113,0.0014655385134587692,-0.0249318970833731,-0.003545271029927536,-0.025725452445921032,-0.023404621228195276,0.02105083253349648,-0.031650474315129844,-0.02988973956546529,-0.005392914439297565,-0.009337312022728894,-0.014677131445845006,-0.010283624889348003,0.20267033909935367,1.0,-0.02460981576791889,0.03530859560379168,-0.0057344723220729595,-0.022910812460368635,-0.0044862731955301605,-0.02859814379711134,-0.00933741389050552,-0.011306112629284316,-0.013736294753050996,0.013261780622985811,-0.0012854456434353058,-0.01656380750519826,-0.013895284544865256,-0.01619476133554116,-0.015761693986943232,-0.002212313440944691,-0.00011974563682372753,-0.023022936404442317,-0.011549812798946665,0.004211797862261949,-0.004105061615427397,-0.0054520525906205375,-0.010433158140662414,-0.015002493419603984,-0.022111289364784972,-0.010217562267980667,-0.02742759502909288,-0.01940038015240499,-0.012175586377659248,-0.005570155719433022,-0.009382577685461971,-0.017318095643005123,-0.027142819618696475
29,-0.05644355335835221,-0.024549115826207352,0.11083866216181883,-0.012912005497569585,-0.0034459677209640618,-0.0384461969660533,0.00886778387822186,-0.048105287355223375,-0.018071070262336855,-0.0800924370692315,-0.04209096200251426,0.003338302321968422,-0.039667508034560595,0.016212990953167798,-0.0048516671653600785,-0.06466453585060616,-0.0675139808431788,-0.04806290518042845,0.1275409716513074,0.02872254232417982,-0.03951400939030919,0.18400228385368464,0.04697056414073279,-0.0272536512857533,0.035105269452129786,-0.037832963196135105,-0.026859472871098446,-0.0446035764820163,-0.02460981576791889,1.0,-0.02739006529883679,-0.0407485281468717,0.0022893320966124978,-0.022093031032330186,-0.045338527067900675,-0.035807904266473706,-0.025062689205702777,-0.03854820651209584,-0.010975632597738356,-0.030817767056565085,0.038892277418921095,-0.031115906278024096,0.1728686663009635,-0.041635887532283825,-0.03901468640412857,0.16477339631605156,-0.08397620195500238,0.09240045374156144,-0.05534458066385031,0.12032665736506201,0.0021885833209842344,0.003643507641639316,0.271535000802293,-0.058705823028937225,0.009037607467207852,-0.049763176534972704,-0.050817336348187636,-0.03692806196883639,-0.01905899315809893,-0.012496438902320915,0.10187838287667769,0.08578088401620547
