,0,1,2,3,4,5,6,7,8,9,10,11,12,13,14,15,16,17,18,19,20,21,22,23,24,25,26,27,28,29,30,31,32,33,34,35,36,37,38,39,40,41,42,43,44,45,46,47,48,49,50,51,52,53,54,55,56,57,58,59,60,61,62,63
0,1.0,-0.013082582201828096,-0.016747365716911652,-0.04115384952699142,-0.07199850675748584,-0.024354724846389245,-0.017780210298682084,-0.031230773184302833,-0.014744136550579883,-0.03313790141409148,-0.024201568995340133,-0.0398097703255286,-0.040047794947247195,-0.01124505542969181,-0.018162786152039784,0.14547880531026758,-0.049865824882366516,-0.005486668450839018,-0.058344994895949395,0.015815405693755096,-0.028642536115478984,-0.06983512465309943,-0.0589215167469612,0.16164490573571155,-0.016643310814457968,-0.029683614102610337,-0.016387719085383425,0.005884900224634655,-0.016417490393643038,-0.05637839061264216,0.05942220669059031,-0.013038875912196435,-0.036984428984128556,-0.003091024025347702,-0.05229846092525446,0.03244598202649619,-0.02142950332070786,-0.028662605534510728,-0.0081258130105245,-0.018413289110080194,-0.03348156038401685,-0.027504012629332233,-0.02860321655560314,-0.024771699658232914,-0.027819569802191326,0.018738757679566283,0.02106028926320866,-0.021145152064277833,0.05894788888205028,-0.0255801603225477,-0.017395804868848883,-0.020808818192271664,-0.033713875091157,-0.03049045019580306,-0.003992397856057985,-0.04406828387635062,-0.02024457243706903,-0.006523183027827752,0.09206667879432073,-0.018384002721448925,-0.03357326473046589,-0.06307925352284083,-0.040749313881879815,-0.012465903345253382
1,-0.013082582201828096,1.0,-0.008255203969339264,-0.019759012271341945,-0.03608722197700606,0.17492126074299452,-0.008624580615242513,-0.01840992073690342,0.002956320091509255,-0.01961318639389969,-0.017809646169986305,-0.019439422044765467,-0.007574163928456468,-0.005458405298057658,-0.00977030832564717,-0.014528145677873087,-0.023902731494705745,0.10673814069960795,-0.02405536084099651,-0.02356538912239393,-3.252178715915999e-05,-0.022159340896745948,-0.028513102188523543,-0.008465408294174878,-0.008973720272784758,-0.010125876048473433,-0.00938502988135494,0.056969602343497114,-0.006902770982017062,-0.024533713244249016,0.07239307935000305,-0.0057054438549252705,-0.020439396831711407,0.0012083609972179574,0.05380157335782072,-0.0008861263943905811,-0.010064192352893589,0.005378297534178456,-0.0029483671010821252,-0.005359448525150157,-0.015648962162259226,-0.011690365244281561,-0.015751332452158866,-0.025824868286811475,0.08574113041634818,-0.017861037500280213,-0.02630730612856156,-0.011370900728283067,-0.013792317960154803,-0.009253062736282293,-0.006628732602493461,-0.009773603812013075,-0.01289235615101596,-0.014678730242303924,-0.0004248255982090272,-0.02110173770304507,-0.017841940696177776,-0.006093633861228259,-0.0020436462764438813,-0.008842729092306956,-0.0164188287316204,-0.022361437311300483,-0.027367815912441616,0.013446750675876072
2,-0.016747365716911652,-0.008255203969339264,1.0,-0.005038742654357518,-0.039408363231438044,-0.011633040602480809,-0.0072060178166448215,-0.014953450718478053,-0.004824905442348367,-0.016049359140614068,-0.013334378057608497,-0.002362957858220018,-0.016400792270410518,0.0031640770916100255,0.009096257207214228,-0.018577539927010247,-0.019926238732446346,-0.017456419249655686,-0.007006726345930471,0.013251107021644505,-0.012505282423947751,-0.003236520814571489,-0.019323378763280406,-0.007710302007138256,-0.005998266268050739,-0.01131782040571724,-0.007478805647185509,-0.014458279287082843,-0.005943759933951137,0.10796254957834855,0.007715382769791772,-0.012169789774935841,0.01551319631030285,-0.006771339355666959,-0.023816997199722842,-0.015107001440525087,-0.008852249754368987,-0.011464040307293331,-0.003572253779130798,-0.009072362029274698,-0.009264064457529433,-0.010823044758505967,0.06718138797864909,-0.028563615137416565,-0.012517618538622096,0.032946281820433305,-0.02422755564155942,0.603267257844908,-0.018314737094476674,0.04056038551607832,-0.004828372761738582,-0.0077883267330142916,-0.00019463694225775683,-0.011879565326524484,-0.008439404107319803,-0.02301525698366512,-0.015230570623695414,-0.011434422184051933,-0.008392818648623037,-0.007591644922141028,0.14848207011951112,-0.02088782838971518,-0.023669075955516462,-0.005671326991961251
3,-0.04115384952699142,-0.019759012271341945,-0.005038742654357518,1.0,0.03996043509159081,-0.029025013104178803,-0.011945183277131554,-0.016817181657680667,-0.01412729055618174,-0.01956971571196893,-4.311890125584944e-05,0.6792067966526809,-0.03052248308800348,-0.006734049036494456,0.05146457775255947,-0.03726746787218228,-0.04854898487276271,-0.033791747483438175,-0.004975497843029602,0.06414010616696125,-0.03021429083109439,-0.05431857670009548,-0.009663049073040608,-0.01768445537246576,0.017193011540816323,-0.02868648518817278,-0.01783853824790487,-0.03447709359493934,-0.002321038101188182,-0.013076456953961046,-0.02163658226573118,-0.029844231659205807,0.03750316026894053,-0.017091314788447283,-0.04822899246316942,-0.040342713764458374,-0.0010059960956898956,-0.02893514763842185,-0.00913441405260726,-0.006321817359883368,0.05516090391419349,-0.02454997061208445,-0.003235850625213487,-0.041037407369276954,-0.030151456430552954,0.06334801422928485,-0.05506701122800393,-0.01792641488589312,-0.005542008268416582,-0.03507233091963608,-0.015316178406374588,-0.01867175563209699,-0.016740396601707362,-0.027063414511543222,-0.015413492640874658,-0.014903988025638464,-0.02202157145949909,-0.02818824983871334,-0.021193525308551002,-0.014381343231700634,0.03275379606506447,-0.05080576017489645,-0.015548903016108735,-0.014338235782050606
4,-0.07199850675748584,-0.03608722197700606,-0.039408363231438044,0.03996043509159081,1.0,-0.06992761864673636,0.019700021224070545,0.03836801678093843,-0.03563224105465117,-0.06303260529472679,0.09009076858530622,0.10934610032734732,-0.04302092714743438,-0.008980629101077874,0.015734478088254143,-0.08170895032840196,-0.10495101484879657,-0.04630766091669822,-0.02300666532972607,-0.06122675763038797,-0.0706457028216787,-0.06979440613954205,-0.04198606756900242,0.010479963843224957,-0.008465326449135864,-0.05384813824804689,-0.03182881400423589,-0.05500528716995039,0.012626237610705785,0.016476999757723893,-0.061160997913992904,-0.026375419564693678,0.2061785626537024,-0.03455443141066773,-0.0270165470295366,-0.038113333256192636,-0.027583321558185714,-0.05668340283027504,-0.02272593701549959,-0.02031422647089821,-0.025091540990126893,-0.029562442808174938,-0.0307996890494963,0.004764508793127776,-0.06357038016498617,0.029078447697446455,-0.109274668841921,-0.012548015843958366,-0.016995527006240397,-0.0026409202052848557,-0.003263918768815047,-0.03904209456883484,-0.014366601554962534,-0.07212734079485489,0.033554654467388284,0.013382600945919781,0.033302942737320665,-0.04826931819733366,-0.04524509263612414,0.04019562367177142,-0.03709767517341976,-0.05750546456975782,-0.06352975471331182,-0.03338002794210746
5,-0.024354724846389245,0.17492126074299452,-0.011633040602480809,-0.029025013104178803,-0.06992761864673636,1.0,-0.01306687904386856,-0.02647260557884494,0.012793705119309419,-0.02776835609492099,-0.025451740828138857,-0.028401573853333684,-0.02399981792323385,-0.007761361279689728,-0.0268668069027714,-0.030163426086930803,-0.03342504016960911,0.13974977717071987,-0.039780707090805875,-0.03408520227099465,0.04306768422955863,-0.0467410463265375,-0.04071417409231319,-0.013682210390300714,-0.012748254385251184,-0.01816015462422156,-0.013803808336830942,-0.0054103630501095516,-0.010599240705344862,-0.03842257475119332,0.09026627529149404,-0.015380431282799523,-0.03570599290042589,0.02037413460249053,0.09690422461689141,-0.008401437326045477,-0.015026349998371581,0.11594363968995026,-0.005920278395135279,0.003008058040446288,-0.022192684093981375,-0.017816456863463496,-0.02205557438829423,-0.045196761416458564,0.12278199213355134,-0.05663165090145944,-0.041290763707156355,-0.015699795732555286,-0.03442422482102658,-0.029144740648654112,-0.011552897986823112,-0.013853776663364946,-0.029830809538246246,-0.02062612801056737,-0.000279764754196307,-0.02337215232821848,-0.027151563344300054,-0.012618449069168822,-0.012083076926746851,-0.01293952013222762,-0.023584333907977206,-0.038794222383200405,-0.04066429309157951,0.08886367667648705
6,-0.017780210298682084,-0.008624580615242513,-0.0072060178166448215,-0.011945183277131554,0.019700021224070545,-0.01306687904386856,1.0,-0.014366926789985055,-0.006645953949718675,-0.017299397132427265,-0.014811650347574028,-0.005087930611565693,-0.018052535343063537,0.004180507308916151,-0.018077740160601864,-0.021183059043709457,-0.022520565181908755,-0.018699614709923373,-0.011692728477470193,-0.019411493418853308,-0.013902193893694096,-0.014631286542276634,0.13833684458031972,-0.008931880018167441,-0.006461701384558478,-0.012655055139819531,-0.00884736873533369,-0.013776585699128494,-0.004228498855157097,0.002589207432724484,-0.017620584161596058,-0.01325992240151463,-0.013667175072852844,-0.007406499353762615,-0.006481360458522863,-0.017457442168034982,0.0024534725790364255,-0.012725231417098143,-0.004036588253200238,-0.0032967438616921816,-0.011769600634292852,-0.01135384260940128,-0.01285337700168605,0.02911746583991142,-0.011894806981982229,-0.02058447177460261,-0.027568099077502354,-0.010147304599188327,-0.02354058110731982,-0.01589025710648999,-0.0045745716584996345,0.011659156882335943,-0.0044291659534523,-0.013518755032627235,-0.011230959958779804,0.011146644310295648,-0.015577256998373111,-0.012169770212060187,-0.008789220326168266,0.041638505001049715,-0.012405970844762484,0.005010001859688679,-0.023802545586903902,-0.006311899409690475
7,-0.031230773184302833,-0.01840992073690342,-0.014953450718478053,-0.016817181657680667,0.03836801678093843,-0.02647260557884494,-0.014366926789985055,1.0,-0.013528025134479822,0.034561652627491043,0.04145372218390734,-0.018527160771884512,-0.03838622690923306,-0.005985129602617179,-0.03249529218008387,-0.0018538304112473147,-0.03679666927585256,-0.022398669127179187,-0.050215072220360785,-0.014317236105978997,-0.02869109723905805,-0.06170480360201577,-0.04842483898567697,0.00933946604681278,-0.014288794277659585,-0.025794312395523517,0.007794528902159113,-0.0328124144403109,-0.011918012092011427,-0.048084971467065155,-0.027629670605328907,-0.02678199113857322,-0.001455198608184078,-0.015114184741152755,-0.05311951984905361,-0.03441567389288195,-0.02002348190741292,-0.02566618964120529,-0.008210149443895323,0.011417670210337481,-0.01980588882722796,-0.023698872469658246,-0.02718268954535224,-0.05959511958708439,-0.028478670973218143,-0.04983582213200014,0.12880767053078807,-0.02017216823550983,0.10893528314345585,-0.035535692858402836,-0.013682165509095626,-0.018301268441710504,-0.03307642937663445,-0.010268782266670167,0.029366581743195185,-0.02876060134649661,0.2631892053445948,-0.02371286744612792,-0.019347673441684806,0.06555872766227831,-0.023070274330343178,-0.05537311426599835,0.09029448815916191,-0.012858681692624071
8,-0.014744136550579883,0.002956320091509255,-0.004824905442348367,-0.01412729055618174,-0.03563224105465117,0.012793705119309419,-0.006645953949718675,-0.013528025134479822,1.0,-0.014157792719643977,-0.012952629180644857,-0.014322094026183268,-0.01322602522775006,-0.003851208258116667,-0.004593736614206208,-0.01708228980229688,-0.017594334058728477,-0.008684937448668918,-0.01950496532160598,-0.016591961461819182,0.0938600624858778,-0.02266295386244968,-0.021023840750371982,-0.007188655779069366,-0.006410604298403843,-0.009689010889321361,-0.0070151510748070476,-0.00856181041483823,-0.0054387039570468,-0.018062980521202435,0.02493630370124824,-0.008100482074790326,-0.01762767424513141,-0.005567165976035293,-0.008787104204127245,-0.011885474193642614,-0.0078059768332224295,-0.0056933649875041,-0.0031006578213341384,-0.006390766258943005,-0.011198637583888418,-0.009247526907659297,-0.010603823812198218,-0.02452665442748137,0.00018816876109103845,-0.024228404806933453,-0.02180701364834668,-0.006176439692286,-0.014336901261822192,0.002164972670044842,-0.00538764199379118,-0.007056447782201868,0.0006111636467246041,-0.010464341826579389,-0.007256518332339602,-0.020099756812320645,-0.013777463882001111,-0.009539540617969106,-0.005978237654241731,-0.006652961587181973,-0.011660222871952893,-0.020586138973534507,-0.02082016026466632,-0.0026325168521702446
9,-0.03313790141409148,-0.01961318639389969,-0.016049359140614068,-0.01956971571196893,-0.06303260529472679,-0.02776835609492099,-0.017299397132427265,0.034561652627491043,-0.014157792719643977,1.0,0.0038809075062647257,-0.02957235472537232,-0.04023012044710946,-0.010781730484685484,-0.04697823680194001,-0.008702845216731259,0.10983778115353889,-0.03868095339884991,-0.05672243827760461,-0.03981522267910397,-0.030037466530450217,-0.06978767484530986,-0.0557620876186248,-0.01580159592112869,-0.017634352537509758,-0.02703771678687676,-0.00981470582940675,-0.029659516575998038,-0.01481217417132856,-0.054395320260902075,-0.0363970741267482,-0.014080210438352817,-0.04548703045622188,-0.016063955680161716,-0.05657507211475004,-0.03927120147394085,-0.021110359761547293,-0.0270928184017602,-0.006925060588736052,0.0647922828895365,-0.030488392019313262,-0.025958848359679657,-0.03036089597461561,-0.06532377795001737,-0.028561849099764027,-0.07696963296050072,0.06588385200382273,-0.02219053470220358,-0.033269052223268494,-0.03991343188547543,-0.015745532384624842,-0.019546298347235744,-0.043504744459916866,0.06130830045606532,-0.031383187109266845,-0.048499373179793824,0.08819308025291309,-0.020946977529638495,-0.020261847986444537,-0.017271731554226066,-0.032068381931998055,-0.058009283690295,0.6710844879465183,-0.013485208496934544
10,-0.024201568995340133,-0.017809646169986305,-0.013334378057608497,-4.311890125584944e-05,0.09009076858530622,-0.025451740828138857,-0.014811650347574028,0.04145372218390734,-0.012952629180644857,0.0038809075062647257,1.0,0.010829949009642108,-0.0370882073893743,-0.00834885713547449,-0.014456584383946978,-0.01913345826123199,-0.01315649416440767,-0.028456952572414054,-0.04699634145568671,-0.007953725718159825,-0.02757825058264563,-0.03642622796052028,-0.045246622547831475,0.0555073989598972,-0.009492471185875819,-0.025047621323707893,-0.007975513890713416,-0.023118554611276734,-0.005339759790480517,-0.042045497697211914,-0.008677833353772764,-0.02330356628490301,0.009682718368298187,-0.013922704535778055,-0.050137172506900377,-0.0344011980275251,-0.018420213388377613,-0.02452491603381417,-0.00786505546185572,-0.011903673414679582,0.003985611690298057,-0.022585916872927738,-0.02160659885649953,-0.05275919837870202,-0.024792034702776338,-0.004382970589581441,0.12330691893714218,-0.018329896469253034,0.0436640401358091,-0.031407927406798174,-0.01335301693918188,-0.017840787114076728,-0.0033323272458313643,0.019205437265114377,0.005021667535670306,-0.03395737632651895,0.024829924481953338,-0.016558180574408866,-0.018351882741038984,-0.01497372501670615,-0.011141001377200845,-0.05184674839623529,-0.0176405352991346,-0.012376328057582271
11,-0.0398097703255286,-0.019439422044765467,-0.002362957858220018,0.6792067966526809,0.10934610032734732,-0.028401573853333684,-0.005087930611565693,-0.018527160771884512,-0.014322094026183268,-0.02957235472537232,0.010829949009642108,1.0,-0.035120367139303374,-0.0058584728154212114,0.03612443693966809,-0.03303999568087517,-0.046399827645897194,-0.021928964819025117,-0.01373255036724353,0.06943844672729599,-0.030173556203422394,-0.04779388311173133,-0.017418066975520678,-0.016614570653532394,0.024140476602097238,-0.028036906282290282,-0.01738886500571478,-0.033953872508570265,0.05342936756012177,0.003193505385285478,-0.020665577643242034,-0.02544534788030154,0.07984201697254725,-0.01668371253656742,-0.048128360719723824,-0.038537655115519605,-0.006578982048200873,-0.02827757452420431,-0.008926269218000925,-0.01720980933664884,0.0489120726007547,-0.02402426342979063,-0.006877298231772633,-0.034281141218994934,-0.029381557370833658,0.07310976795174849,-0.057730853105573375,-0.015422582983463965,-0.015596624837810335,-0.03315328375868915,-0.013718541306731717,-0.017754312090625043,-0.020621502689650135,-0.028377732421049608,-0.014802182388416905,-0.04376070761442582,-0.017271290966563754,-0.027681790369465574,-0.020191177609883225,-0.013349478006095681,0.03428411000581563,-0.04566524303513602,-0.040677872390139466,-0.013966283723742215
12,-0.040047794947247195,-0.007574163928456468,-0.016400792270410518,-0.03052248308800348,-0.04302092714743438,-0.02399981792323385,-0.018052535343063537,-0.03838622690923306,-0.01322602522775006,-0.04023012044710946,-0.0370882073893743,-0.035120367139303374,1.0,-0.010408346035920675,0.07503926381421452,-0.04888994910699461,-0.05028517827932902,-0.028032100288256666,-0.020329248308881644,-0.04899206083312785,-0.02473384504422847,0.07867985987414171,-0.03565968915440523,-0.020534361819811494,-0.01662806683004417,-0.014727520743185462,-0.020003273517845713,-0.03415292579039576,-0.01173853717585869,-0.039630907553783484,-0.02190165193392364,-0.028467540367945396,-0.029896628645764596,-0.015883355102273282,0.34497552950952176,0.020511473369606553,-0.010588298082959491,-0.01255297103746762,-0.008736026814746223,-0.022355619967172807,-0.031719791871941266,0.08945070375334174,-0.031964393938425734,-0.03788022021591027,-0.019906102956272254,-0.052503758668620504,-0.0622624360641343,-0.02265635231344358,-0.04606610855823147,0.01891216142929797,0.06554025149091823,-0.00722802937112705,-0.02402166083146353,-0.029892785647686777,0.0643617835676809,-0.04442528475150101,-0.03791553036716233,-0.02828891041702116,-0.020077405610279972,-0.01388727099064666,-0.03252156285506494,0.09115106640101972,-0.059841972871992805,-0.013386502875280634
13,-0.01124505542969181,-0.005458405298057658,0.0031640770916100255,-0.006734049036494456,-0.008980629101077874,-0.007761361279689728,0.004180507308916151,-0.005985129602617179,-0.003851208258116667,-0.010781730484685484,-0.00834885713547449,-0.0058584728154212114,-0.010408346035920675,1.0,-0.005619019828544491,-0.013004145862541125,-0.013343493174235978,-0.011025838766432868,0.11447624001551701,-0.008794026751042782,-0.00836627786385158,0.004339257517292495,0.0029643150916535558,-0.0027862071656605397,-0.0033009451522408896,-0.007619691279217716,-0.005363600612267486,-0.009805237353954761,-0.0018914954363146138,0.009016369837015705,-0.010418299594268775,-0.007921071262972076,0.007778651761254697,-0.004488713525056088,-0.007749100211661369,-0.010935416784609147,-0.004999226995208277,-0.007675556191693519,-0.0023299948968155725,-0.0061398333810156564,-0.0010482903281455315,-0.00699113131324343,-0.001107294588204427,0.012998976544688672,-0.007975799352095964,-0.002222302958085543,-0.016353650540191604,0.005684459880019374,-0.013861978132431018,-0.004788631450728895,0.002933859484117761,-0.0031766421664365004,-0.0003852939866432832,-0.008035355562881881,-0.007074749380874424,-0.012552860589997236,-0.009196590937332265,-0.007602299603583376,-0.005659158611174447,-0.0042342524373755516,0.007782316039340792,0.0014449693124779007,-0.015597486549046748,-0.0038041033055994473
14,-0.018162786152039784,-0.00977030832564717,0.009096257207214228,0.05146457775255947,0.015734478088254143,-0.0268668069027714,-0.018077740160601864,-0.03249529218008387,-0.004593736614206208,-0.04697823680194001,-0.014456584383946978,0.03612443693966809,0.07503926381421452,-0.005619019828544491,1.0,-0.03878838070715655,-0.05933817886430782,-0.028339013403087362,-0.01395906777583519,0.09071322410047031,-0.032440587778686844,-0.028498590276049892,-0.032723340998110285,-0.01863933960012746,0.13653878917631773,-0.03323260586504606,-0.022402109378811305,-0.01999549461152316,-0.0006382263300077993,-0.004879523897953505,-0.019384900726945375,-0.0359906042424161,0.0011691876529991672,-0.019877527592779626,0.02007169300930354,-0.029557514384458833,-0.023106807777021007,-0.012721091943618276,-0.01050307619535451,-0.01621572633252448,0.05966334045452065,-0.013568850424621333,-0.00993771184408122,-0.03708828634210591,-0.03144010720188225,0.13520398828666141,-0.06884886837998154,-0.008292080121326439,-0.005126656123210254,0.03157544053882403,-0.010686498829920791,-0.01944495703487993,-0.010123649590100384,-0.029770443615248665,0.05107282207674235,-0.05182893824685908,-0.02345994904488493,-0.03259486915217527,-0.022762707282483897,-0.018741918223620264,-0.0021474601485109842,-0.03011385755744648,-0.06990023062774059,-0.016574068385079455
15,0.14547880531026758,-0.014528145677873087,-0.018577539927010247,-0.03726746787218228,-0.08170895032840196,-0.030163426086930803,-0.021183059043709457,-0.0018538304112473147,-0.01708228980229688,-0.008702845216731259,-0.01913345826123199,-0.03303999568087517,-0.04888994910699461,-0.013004145862541125,-0.03878838070715655,1.0,-0.046397375748407944,-0.03839871132505553,-0.06760185148001778,0.03310001865075325,-0.029796083661171844,-0.08213468238998697,-0.06945610619739401,0.019192233298166703,-0.02022115147260955,-0.03301268007419657,0.263330340446538,-0.0014732021225694427,-0.017540234246658733,-0.06463959670965357,0.00111085953750705,-0.031310933961550914,-0.047092709330380206,-0.01945981440577467,-0.0694201643256062,-0.02253429180413365,-0.025754170778106218,-0.033191336168194925,-0.009889202283351344,0.0035578066988225434,-0.02135531015355466,-0.0316383346893242,-0.029731053627241457,-0.07856977842124495,-0.035332179931913926,-0.02341628612839005,0.05941277869734959,-0.025709154607979894,0.12782805064478678,-0.04358798926717436,-0.019385830282236366,-0.023748815001597465,-0.009816820054396096,-0.028243851761838534,-0.026378626399750103,-0.06503135056562723,-0.011748670273338311,-0.03029367007522637,0.0014977675261480796,-0.021804759985421203,-0.02207450039201305,-0.07079494528008269,-0.01972208970347007,-0.0161274748547858
16,-0.049865824882366516,-0.023902731494705745,-0.019926238732446346,-0.04854898487276271,-0.10495101484879657,-0.03342504016960911,-0.022520565181908755,-0.03679666927585256,-0.017594334058728477,0.10983778115353889,-0.01315649416440767,-0.046399827645897194,-0.05028517827932902,-0.013343493174235978,-0.05933817886430782,-0.046397375748407944,1.0,-0.05089018926348968,-0.07035342003439307,-0.058644422120715495,-0.03682419057648277,-0.08672788635968454,-0.06924256545170661,-0.023646130268071667,-0.02183119739592526,-0.03383403773930191,-0.022815101239290436,-0.04243566249145332,-0.018693106201610105,-0.06746477826748451,-0.03984986895134322,-0.03606305827463951,-0.06203102307415219,-0.019973564433568996,-0.07155400542510833,-0.050684771735283136,-0.026342378906797533,-0.03176288179852478,0.03655533866850425,-0.026873569570187456,-0.038085840453942976,-0.032179491051047684,-0.03817190333329051,-0.08305737970294727,-0.035502691515177,-0.09704709679888043,0.26629871071701816,-0.02696199834482945,-0.06720545529252991,-0.048738521933927886,-0.019735914836838377,-0.024518051435363203,-0.06175725502211787,0.09299931897680971,-0.036845428555574766,-0.06688963865298383,-0.03237715014453813,-0.03356728833907645,-0.024932371603001283,-0.02259251025601393,-0.04022731218467222,-0.07270463053568588,0.1804263364293354,-0.016673867845007306
17,-0.005486668450839018,0.10673814069960795,-0.017456419249655686,-0.033791747483438175,-0.04630766091669822,0.13974977717071987,-0.018699614709923373,-0.022398669127179187,-0.008684937448668918,-0.03868095339884991,-0.028456952572414054,-0.021928964819025117,-0.028032100288256666,-0.011025838766432868,-0.028339013403087362,-0.03839871132505553,-0.05089018926348968,1.0,-0.04769808998266754,-0.04483074623112445,0.07696630958897262,-0.055124065034558495,-0.05662910771963939,-0.012130222640482791,-0.01910700720612219,0.15594930186998718,-0.019310887346193295,0.06374098600016187,-0.014492533797825643,-0.04803651717497962,0.05279382638516889,0.049901549396999145,-0.032364189364500306,-0.008735026665761848,0.015328452490217678,0.0752245079008077,-0.016924070656205988,0.02159292211837519,-0.00881493620976747,-0.011553719020035092,-0.03311348164618549,-0.019660770795903483,-0.033279488022866295,-0.04030727695405988,0.021517625521559693,-0.05285055967572087,-0.05877993457076171,-0.024049365272815093,-0.0003054269301662189,0.026075669659936636,-0.010958848970216758,-0.02096846671407168,-0.028318777140874996,-0.02938287015009481,-0.009321942194106616,0.04541511415760408,-0.013000764557545758,0.002987011646823136,-0.0035426674693856794,-0.01835049686417676,-0.0330348134980948,-0.031031482377225347,-0.04465251740044204,-0.011124375047535308
18,-0.058344994895949395,-0.02405536084099651,-0.007006726345930471,-0.004975497843029602,-0.02300666532972607,-0.039780707090805875,-0.011692728477470193,-0.050215072220360785,-0.01950496532160598,-0.05672243827760461,-0.04699634145568671,-0.01373255036724353,-0.020329248308881644,0.11447624001551701,-0.01395906777583519,-0.06760185148001778,-0.07035342003439307,-0.04769808998266754,1.0,-0.03350701006863778,-0.04115864163073864,0.2534345401281085,0.07294739694300095,-0.028750900045671098,0.054012349817323786,-0.03926867695746153,-0.028125187964629872,-0.04208222466056504,-0.0006627873070579708,0.12744837045519047,-0.034563526755233,-0.04060107544990499,-0.016017087700462684,-0.02138490255405578,0.043005320179598475,-0.030962396808736848,-0.013657385526627024,-0.03922101305125496,-0.011829234334455001,-0.032059979090901844,0.010745407394847951,0.0195729729017447,0.12156466269448504,0.014655337912673802,-0.04065594926832532,0.05037626287344958,-0.08697682984603386,0.04610363091323118,-0.06813628567014807,0.026964467517674888,-0.00592868524372374,0.014345869367330979,0.16959194189740084,-0.04125826536834984,-0.022176358038955204,-0.05150110981149657,-0.05258826315955724,-0.03910942537816664,-0.025724167038432715,0.011594331360432046,0.07946614634309404,0.16729802824386422,-0.08403062982250153,-0.01969816317030556
19,0.015815405693755096,-0.02356538912239393,0.013251107021644505,0.06414010616696125,-0.06122675763038797,-0.03408520227099465,-0.019411493418853308,-0.014317236105978997,-0.016591961461819182,-0.03981522267910397,-0.007953725718159825,0.06943844672729599,-0.04899206083312785,-0.008794026751042782,0.09071322410047031,0.03310001865075325,-0.058644422120715495,-0.04483074623112445,-0.03350701006863778,1.0,-0.036666074516492106,-0.0733006277838403,-0.06113900633608824,-0.00010680686190807582,-0.0024674035856233865,-0.03325597608903146,-0.013149653039009676,-0.04071269130185691,-0.014211416070241845,0.028671062576849822,-0.03421791233769862,-0.03574935043283997,-0.011201368361551858,-0.019386478146695845,-0.0691114726306932,-0.04485920723041899,-0.025296190712651632,-0.0336939250595743,-0.01044618229559889,-0.024822886477926888,0.020428575985451048,-0.03119350426793479,0.03952269397146295,-0.07733731248131412,-0.036242685404611105,0.30237869997817884,-0.06584272787428548,0.0010702020917005978,0.02652942813068478,0.009298304714857417,-0.018959123092256863,-0.023723842945122545,-0.019737492051122935,-0.03435216350503266,0.04836579601114862,-0.05666976795701982,0.006167315166559825,-0.031836074331032284,-0.023401164341355578,-0.011875348930610855,0.05144076021185026,-0.06893053901125772,-0.0643816415972361,-0.016520361292976144
20,-0.028642536115478984,-3.252178715915999e-05,-0.012505282423947751,-0.03021429083109439,-0.0706457028216787,0.04306768422955863,-0.013902193893694096,-0.02869109723905805,0.0938600624858778,-0.030037466530450217,-0.02757825058264563,-0.030173556203422394,-0.02473384504422847,-0.00836627786385158,-0.032440587778686844,-0.029796083661171844,-0.03682419057648277,0.07696630958897262,-0.04115864163073864,-0.036666074516492106,1.0,-0.0486736703777467,-0.04431953531411906,-0.01532330288588694,-0.013674007783492027,-0.006774106330824068,-0.014854169781601877,0.011151513710325843,-0.011599032310641029,-0.039490969317416025,0.02793407685311813,-0.01237084820015344,-0.039139968161115174,-0.0115783604260143,-0.02612920145413935,-0.0049901838891916045,-0.016007691936696232,0.07015659050365161,-0.006474221557910463,-0.01377504199539373,-0.02377554157352272,-0.018330497769159196,-0.02376499929500667,-0.04889531944707379,0.1686844599480716,-0.051219415182984535,-0.04643976344180066,-0.01719524639036145,-0.032824716675503796,-0.02456584400740332,-0.00952504952403141,-0.014895335964436313,-0.015746461010311186,-0.022194924448131655,-0.014444962385511916,-0.04078864789993411,-0.029016653711601982,-0.01924646777892428,0.021054257783817146,-0.013115687495648586,-0.02502481975282096,-0.04261172317208621,-0.044536382464263204,0.0046857108053080295
21,-0.06983512465309943,-0.022159340896745948,-0.003236520814571489,-0.05431857670009548,-0.06979440613954205,-0.0467410463265375,-0.014631286542276634,-0.06170480360201577,-0.02266295386244968,-0.06978767484530986,-0.03642622796052028,-0.04779388311173133,0.07867985987414171,0.004339257517292495,-0.028498590276049892,-0.08213468238998697,-0.08672788635968454,-0.055124065034558495,0.2534345401281085,-0.0733006277838403,-0.0486736703777467,1.0,0.10589172437194508,-0.03486237945986116,-0.026608081359738724,-0.045764683222778435,-0.034565017555765465,-0.05577740185757922,-0.014363734867912328,0.18411631136999052,0.005479940048859988,-0.05074124225290101,-0.017171101382103614,-0.0247499765886433,0.11811318218866058,0.014287615683299433,-0.023856116263791683,-0.04537754341761379,-0.014952552576298513,-0.039376541833418856,-0.03771766855648401,0.022803046163710206,0.006824194965349589,0.07226741306499428,-0.04308410270859614,-0.005551494275313537,-0.1056800833470584,0.011104753867780908,-0.07906771362643306,0.04104704735866057,0.05141605913689693,0.09430956113663058,0.13515693218112224,-0.05132929109074009,-0.003610305434074569,-0.061652159247857496,-0.06389664575893073,-0.046387104557856246,-0.0316471209310914,-0.009242397203743393,0.018877440583682834,0.36902037690398365,-0.10215090017790981,-0.023974086518410556
22,-0.0589215167469612,-0.028513102188523543,-0.019323378763280406,-0.009663049073040608,-0.04198606756900242,-0.04071417409231319,0.13833684458031972,-0.04842483898567697,-0.021023840750371982,-0.0557620876186248,-0.045246622547831475,-0.017418066975520678,-0.03565968915440523,0.0029643150916535558,-0.032723340998110285,-0.06945610619739401,-0.06924256545170661,-0.05662910771963939,0.07294739694300095,-0.06113900633608824,-0.04431953531411906,0.10589172437194508,1.0,-0.029320131987540635,0.023949976396737755,-0.04005634505255169,-0.02856562962659113,-0.049945371842631134,0.013395306098456706,0.04741664792300389,-0.05675038519447349,-0.04190056120769779,-0.04005685815309372,-0.022550493295341936,0.007216717447160632,-0.030294144992885925,-0.0013091050708053022,-0.04029701456876564,-0.012719459935521458,-0.03248432665064575,-0.020366603147761446,0.031229363589811886,-0.03631432897910171,0.05531562459060008,-0.04028768175110006,-0.026657966801691482,-0.08874684727496579,-0.026827019068298655,-0.07541919511123561,-0.02457016668322743,-0.0026962070021641273,0.050286340651079835,0.005591724604049768,-0.04237305350084756,-0.037055191115840797,-0.03409454600210067,-0.05150992078615223,-0.03418779192002432,-0.02989596938849445,0.021963137547219708,-0.02612560958321721,0.17053520239806075,-0.08200303143365059,-0.02018248303008913
23,0.16164490573571155,-0.008465408294174878,-0.007710302007138256,-0.01768445537246576,0.010479963843224957,-0.013682210390300714,-0.008931880018167441,0.00933946604681278,-0.007188655779069366,-0.01580159592112869,0.0555073989598972,-0.016614570653532394,-0.020534361819811494,-0.0027862071656605397,-0.01863933960012746,0.019192233298166703,-0.023646130268071667,-0.012130222640482791,-0.028750900045671098,-0.00010680686190807582,-0.01532330288588694,-0.03486237945986116,-0.029320131987540635,1.0,-0.005151233118684883,-0.013862017985523428,0.01284610128271166,-0.01537349769914995,-0.007020975301872635,-0.027240113116293416,-0.006901450220471085,-0.01475204978240034,0.003344493221841982,-0.007328550687871164,-0.029163581995925655,-0.016041265413842695,-0.010838729805219889,-0.013890696788116982,-0.004400879548561572,-0.010472510836012916,-0.01352006819700559,-0.012719710467294284,-0.013872601052665561,-0.03167553345633932,-0.015156159592953727,-0.019087944526122863,0.007529066694111162,-0.00995550107708986,0.033538434274683476,-0.017220509589550716,-0.00771587970741106,-0.009994244157920894,-0.019647263824291033,-0.007397576284691447,-0.007349723970278651,-0.026843143303757016,0.007763577200960578,-0.011850630175333336,-0.005391949071023249,-0.009038351100823915,-0.009030030292801604,-0.029960705865666674,-0.017901232303580733,-0.006891940432006857
24,-0.016643310814457968,-0.008973720272784758,-0.005998266268050739,0.017193011540816323,-0.008465326449135864,-0.012748254385251184,-0.006461701384558478,-0.014288794277659585,-0.006410604298403843,-0.017634352537509758,-0.009492471185875819,0.024140476602097238,-0.01662806683004417,-0.0033009451522408896,0.13653878917631773,-0.02022115147260955,-0.02183119739592526,-0.01910700720612219,0.054012349817323786,-0.0024674035856233865,-0.013674007783492027,-0.026608081359738724,0.023949976396737755,-0.005151233118684883,1.0,-0.012359628068373837,-0.008734676089582016,-0.0160031321297082,0.035939626296980214,0.03510350979171242,-0.014580179500310991,-0.013329612194277227,0.006839108718167037,-0.007222455440054745,-0.013671804015017903,-0.018272036818208943,-0.008919613326306553,-0.012503828983275808,-0.00393398561107256,-0.009969197608731092,0.010364419584888259,-0.011093601232255479,-0.005502681829895493,-0.009038601532447102,-0.013471223479957474,0.08706338886475215,-0.026560565806428856,-0.00984912991479132,0.0024861298753408017,-0.018772059827486302,-0.00727982695709437,-0.007162439794281885,-0.01413011262587321,-0.01261097153495707,-0.013976729132997835,-0.02531928220440493,-0.01718398329466602,-0.01260909163469571,-0.009336534277824257,-0.00816217942057059,-0.010968509580937345,-0.003394057639563381,-0.026116592857647065,-0.006147495184853664
25,-0.029683614102610337,-0.010125876048473433,-0.01131782040571724,-0.02868648518817278,-0.05384813824804689,-0.01816015462422156,-0.012655055139819531,-0.025794312395523517,-0.009689010889321361,-0.02703771678687676,-0.025047621323707893,-0.028036906282290282,-0.014727520743185462,-0.007619691279217716,-0.03323260586504606,-0.03301268007419657,-0.03383403773930191,0.15594930186998718,-0.03926867695746153,-0.03325597608903146,-0.006774106330824068,-0.045764683222778435,-0.04005634505255169,-0.013862017985523428,-0.012359628068373837,1.0,-0.01345466368669357,-0.02347869897682075,-0.010062413665773116,-0.037811782148077955,-0.024007368897007844,0.009357120143121444,-0.03127817810563582,-0.00962920188335032,0.014178768127501792,0.025264527464252104,-0.003816336199005564,0.013047259999202048,-0.006046669632383786,-0.015243517149403335,-0.021549282249912337,0.033742987565689074,-0.021561246206844336,-0.03887294925426247,-0.010649820888300457,-0.05743957350674254,-0.04190687530204559,-0.015529719967253719,-0.03649757865686987,-0.029365778694141018,-0.011049829102664544,-0.013494357195362409,-0.03565933054640362,-0.02004221672961687,0.002913246127748595,0.16000045264325596,-0.022483200127511836,-0.01871804499259171,-0.014675430548423598,-0.01207544887350516,-0.022860540025471464,-0.04043870395898917,-0.04007011977383659,-0.009152678778458807
26,-0.016387719085383425,-0.00938502988135494,-0.007478805647185509,-0.01783853824790487,-0.03182881400423589,-0.013803808336830942,-0.00884736873533369,0.007794528902159113,-0.0070151510748070476,-0.00981470582940675,-0.007975513890713416,-0.01738886500571478,-0.020003273517845713,-0.005363600612267486,-0.022402109378811305,0.263330340446538,-0.022815101239290436,-0.019310887346193295,-0.028125187964629872,-0.013149653039009676,-0.014854169781601877,-0.034565017555765465,-0.02856562962659113,0.01284610128271166,-0.008734676089582016,-0.01345466368669357,1.0,-0.017137976363920546,-0.007370140460696574,-0.026841671447364546,-0.007692865879253425,-0.014353699537718943,-0.013869791486347498,-0.00797994893732364,-0.028351276360605585,-0.017590024899040796,-0.010426836028475182,-0.013640286010182022,-0.004287664703734028,-0.01028496554429874,-0.00792883912006925,-0.012805908093874314,-0.014437582048435938,-0.033757236601187735,-0.014778791298803065,-0.02682006513021934,0.02413452605583314,-0.010871826451801275,0.032174279357123,-0.01994991544075556,-0.007836387939900588,-0.009718345715597425,-0.012679147808361376,-0.00914953179470751,-0.013119492109971624,-0.02658714635145627,0.05607892482115674,-0.01330064907794094,-0.010285233155150307,-0.008581723822028726,-0.011206288598971532,-0.02901046371392617,0.0011425344973094182,-0.006731827045490443
27,0.005884900224634655,0.056969602343497114,-0.014458279287082843,-0.03447709359493934,-0.05500528716995039,-0.0054103630501095516,-0.013776585699128494,-0.0328124144403109,-0.00856181041483823,-0.029659516575998038,-0.023118554611276734,-0.033953872508570265,-0.03415292579039576,-0.009805237353954761,-0.01999549461152316,-0.0014732021225694427,-0.04243566249145332,0.06374098600016187,-0.04208222466056504,-0.04071269130185691,0.011151513710325843,-0.05577740185757922,-0.049945371842631134,-0.01537349769914995,-0.0160031321297082,-0.02347869897682075,-0.017137976363920546,1.0,-0.011678231346998764,-0.04457765416139035,0.050754884793723046,0.006004237535344507,-0.03737561958379647,-0.011698823137526777,-0.04227725832180186,7.470409085387725e-05,-0.01785946768459418,-0.016242120508073738,-0.0024593209561816314,0.02088965649688935,-0.02750729442104687,-0.022782706023338158,-0.02781990101018217,-0.013930407917868938,0.05299815965412391,-0.013033291247600014,-0.05259218362867237,-0.019909841157734684,0.060833491994069976,-0.01016549104819273,-0.012153345444685002,-0.01718671694045403,-0.02185465404074334,-0.026046038521314242,-0.005794153594895156,0.02046172963921195,-0.027558017726961266,0.014624486903908024,0.20267421030710725,-0.015034036897325062,-0.02927268929518284,-0.04674406862666985,-0.029883430357616918,-0.008108648161358995
28,-0.016417490393643038,-0.006902770982017062,-0.005943759933951137,-0.002321038101188182,0.012626237610705785,-0.010599240705344862,-0.004228498855157097,-0.011918012092011427,-0.0054387039570468,-0.01481217417132856,-0.005339759790480517,0.05342936756012177,-0.01173853717585869,-0.0018914954363146138,-0.0006382263300077993,-0.017540234246658733,-0.018693106201610105,-0.014492533797825643,-0.0006627873070579708,-0.014211416070241845,-0.011599032310641029,-0.014363734867912328,0.013395306098456706,-0.007020975301872635,0.035939626296980214,-0.010062413665773116,-0.007370140460696574,-0.011678231346998764,1.0,-0.003452523218057799,-0.0060841584944768485,-0.011186803472760146,0.03404312681733017,-0.006247047338301741,-0.012894702592876253,-0.013444376061440926,-0.007240112442994415,-0.010289832863698925,-0.003340173391975895,-0.008392169417945293,-0.007911398584742178,-0.008252916074661951,-0.011563626319843867,-0.014858130707491618,-0.011179108858619865,0.032538415732352555,-0.02270457933904703,-0.008368710813481128,-0.007484097779084933,-0.014756090444605578,-0.005905212769013898,-0.0035162660435995403,-0.00875122574976881,-0.010224988546416626,-0.007258614759641574,-0.019193545724012,-0.012675582721067198,-0.01055089611165143,-0.00789328167127981,-0.005042774448044716,-0.008771985997668038,-0.009267347960051023,-0.022100652465094916,-0.005210814568692087
