,0,1,2,3,4,5,6,7,8,9,10,11,12,13,14,15,16,17,18,19,20,21,22,23,24,25,26,27,28,29,30,31,32,33,34,35,36,37,38,39,40,41,42,43,44,45,46,47,48,49,50,51,52,53,54,55,56,57,58,59,60,61,62,63,64
0,1.0,0.0039282367594456,-0.008258361522407307,-0.02095282884009482,-0.00803100762465398,0.013056916250000205,-0.009375323261639415,-0.013637179426427923,-0.006857688903316023,-0.018183199699149673,-0.01720430580902719,-0.019937980430074442,-0.019041391601218757,-0.015137707641510944,-0.01933131335075612,-0.01052945935483931,-0.023357724672173723,-0.003067723911039253,-0.021323141542003453,-0.019336959268031792,-0.013377167053455324,-0.02563747022784863,-0.02589006162022956,0.005115100519411108,-0.008571682625508757,-0.010730602248932731,-0.010095001757236141,-0.004340987629593109,0.02199553796663461,-0.028248895682499543,-0.009043751256275365,0.07514232589769426,-0.013685615993928282,0.047465352392456556,-0.00237946018438431,0.018835848243453787,-0.009533252833710017,-0.007091969210101854,-0.0037032293417373764,-0.015396550374834705,-0.016201976255878905,-0.012360215364259406,-0.03722378526933555,-0.008026261621478278,-0.008465930830752814,-0.036599157863260234,-0.010047960516045985,-0.011373679251876916,-0.01890497449828093,-0.019731939116071417,-0.007991135092133344,-0.010038004561657437,-0.02488397237941948,-0.018491351608493557,-0.015188876689808178,-0.006786748511642403,-0.0053555948128356425,-0.017712659590513248,0.05252601541706166,-0.00929901398820277,-0.017377560804261297,-0.030189481249112336,-0.018369175465918756,-0.006353968001043439,0.03529201591022005
1,0.0039282367594456,1.0,-0.007782566747852905,-0.019522960989021128,-0.006768497300246044,0.17488750592246416,-0.008464444909865693,-0.018223240163068075,0.0030954903464298,-0.01928477104343816,-0.01751063305169649,-0.019070392108210786,-0.0071105019596737476,-0.015495469969420701,-0.009337928595735408,-0.014371167884508478,-0.02353321786757746,0.10681840734916159,-0.023780986277016233,-0.023159387238359804,0.00020881497222285331,-0.021810285653232238,-0.028121997518319328,-0.008288925396660624,-0.008825083156437152,-0.00999000972220146,-0.00515580185616357,0.057180206940956324,-0.0020051190352487706,-0.02402882628910722,0.07429127986188508,-0.007110007843320965,-0.020140192573171414,-0.0003970112144300065,0.05399450478862727,-0.0009492904189984906,-0.009871029191485052,0.005553507958084641,-0.0028980696649661183,-0.014439450492690815,-0.015396466979688519,-0.011404850438450527,-0.03519291466731907,-0.02541159273645965,0.08585551784141311,-0.01649337143188169,-0.009220736970683884,-0.011211354171259175,-0.013252510476910506,-0.008845037091249813,-0.006478253333618818,-0.009606541598355271,-0.012632927585413517,-0.02597292402769883,-8.286201461061389e-05,-0.020741712807802366,-0.00536849520416431,-0.017505589560236824,-0.013822519522069324,-0.008680424181809206,-0.016143017026254987,-0.021806834603434105,-0.02719495008494431,0.013687755397322645,-0.0068966165852947965
2,-0.008258361522407307,-0.007782566747852905,1.0,-0.005016253864451862,-0.005699997188631767,-0.011105003849980553,-0.006905967366762378,-0.014318283154436205,-0.004673239233291153,-0.015370448073566403,-0.012721155621059042,-0.0023543854987372434,-0.015713209936853934,0.06141752411391051,0.007988875747613523,-0.017877862823684976,-0.01911343195864248,-0.016685038465713235,-0.0067312891442479995,0.01104323043983987,-0.011989107337073101,-0.0037971323470203447,-0.018330826082641177,-0.007384493916773308,-0.006014043452215911,-0.010846610980229432,-0.008680363709331469,-0.013856812441297453,-0.008066296245217677,0.10193057146060586,0.008428241591576804,-0.011562020611750998,0.011911621593941487,-0.006415770565619974,-0.022819004450387436,-0.014367267810883355,-0.00848790912666287,-0.010985662723992193,-0.0034143666692932964,-0.011385427554334103,-0.009173318899092392,-0.010374667036451249,-0.038407875154969115,-0.02740724517704292,-0.011999532265347777,0.030311244783849677,-0.007158329192227447,0.5666294899455565,-0.017915740232330033,0.037588369312404085,-0.004784744669612489,-0.007454579235980334,-0.0006767260845226392,-0.023209305197906413,-0.00796045347252085,-0.022055055467483195,0.0028527405418664106,-0.01459534575617688,-0.015332836357569792,-0.007279232427370028,0.14435049205212916,-0.020039200154190494,-0.02278294306050399,-0.005437545085267212,-0.01089184124843431
3,-0.02095282884009482,-0.019522960989021128,-0.005016253864451862,1.0,-0.0012374147965792987,-0.029040853917472333,-0.01187851761361882,-0.016943081806674108,-0.014207027513307033,-0.01983320996027531,0.0002049564000403672,0.6882947396879063,-0.030790860265355546,-0.0032884527813159614,0.051477928532281704,-0.03736142386590068,-0.04875685907083633,-0.03370514145910322,-0.005219239886931359,0.06450028004986859,-0.03038156515325792,-0.05460184286442356,-0.00985822739404551,-0.017773718203073642,0.017466479196997436,-0.028820561148677835,-0.006569021143734503,-0.034654987913227214,-0.021312532663469448,-0.01294190952822755,-0.021874756015479987,-0.029666780441067502,0.038629249637664204,-0.016970989852244135,-0.04848676332321224,-0.04044517700440838,-0.0011158693243242188,-0.029069194631747036,-0.009173695099071826,-0.027230789463148893,0.05496523283707931,-0.024673283038650726,0.04169946315450638,-0.041357326898944585,-0.030298655981677008,0.06368141645513417,-0.01792250742036043,-0.017705696193476964,-0.00576638094652774,-0.03523718138924223,-0.015379024259048918,-0.018759996363534016,-0.016897190159609957,-0.05536200422330552,-0.015504578355675362,-0.01556162054627127,-0.006774797249094992,-0.02201148715959668,-0.04022736447875105,-0.014442103285287278,0.033004428356190316,-0.0509925907574577,-0.016381480328149976,-0.014409920431749998,-0.02814763478040453
4,-0.00803100762465398,-0.006768497300246044,-0.005699997188631767,-0.0012374147965792987,1.0,-0.010548929401820737,-0.004227625251293218,-0.011915870948220657,-0.00543778436427835,-0.014799119279451883,-0.005341761081246036,0.0535295002610737,-0.01174095457369161,-0.011563873995231786,-0.0006387515770860247,-0.01753308747524177,-0.018690657652120315,-0.01448173127650262,-0.0006612118274314672,-0.014209973322656286,-0.01159982829853553,-0.01437013940853405,0.01339312736228996,-0.007026893086617827,0.03594114657998124,-0.010059537896490209,-0.008391652920681532,-0.0116776836397757,-0.00789762193186187,-0.0034350375445265703,-0.006101406589123599,-0.01108683401975697,0.034034828120795765,-0.006172544008162206,-0.012882725825369418,-0.013409845925465421,-0.007239879689099362,-0.010286262876972239,-0.0033379970319090697,-0.010223091298321897,-0.008093360711129424,-0.008252945965825691,0.012644842808426676,-0.014868192669701578,-0.0111778296261307,0.03249097552049235,-0.007370452567123589,-0.008387877801383892,-0.007489793367513803,-0.014760546286293693,-0.0059051671796347465,-0.003516259442239578,-0.008750829323657934,-0.02268404694299118,-0.007258781249406456,-0.01919647517693344,-0.0018892407332094378,-0.012679061776375877,-0.015948066597088986,-0.0050433948797173785,-0.008774469303096725,-0.009268863824403359,-0.022190609074100864,-0.005211482787819638,-0.01047963710057898
5,0.013056916250000205,0.17488750592246416,-0.011105003849980553,-0.029040853917472333,-0.010548929401820737,1.0,-0.013000067167828545,-0.02643620577041034,0.012840209565244249,-0.027644684425340293,-0.02534015061192535,-0.02826863808631333,-0.023871103005574712,-0.021960762479552358,-0.02672771939859225,-0.030175482312279903,-0.03331796970326051,0.13989803810989282,-0.039671133506469905,-0.033955412133679364,0.04319136123561505,-0.046604879000016,-0.040555847777278636,-0.01364405695890204,-0.012691738642164342,-0.018091010624090697,0.0030681401930079477,-0.005326910848712289,-0.012091368541657252,-0.03820983866523331,0.0905441291719003,-0.016008360742654458,-0.03559616805226082,0.0200714142541364,0.09680278937467757,-0.008526784352695983,-0.014968394847267768,0.11599838830450171,-0.005908340678542504,-0.020537701735698334,-0.02209756465901623,-0.017737070616279556,-0.06963817446599382,-0.04509750087343187,0.12281910883535405,-0.05634608287034385,-0.01374846725000862,-0.01567231464557936,-0.03429943227260802,-0.029012391208870655,-0.011502064572264693,-0.013791817529789797,-0.029683896559812094,-0.04117208195404681,-0.00018284289200558388,-0.0233537816598733,-0.007724617454944689,-0.027036473800141472,-0.0262919553538969,-0.012883051223798094,-0.02348844737999544,-0.038593659618563585,-0.040749104950263834,0.0891467059403608,-0.01303556123088995
6,-0.009375323261639415,-0.008464444909865693,-0.006905967366762378,-0.01187851761361882,-0.004227625251293218,-0.013000067167828545,1.0,-0.014362295947730835,-0.0066443340201237395,-0.017285439299353045,-0.014811337707866407,-0.005055484669302949,-0.018051115507010582,-0.012853141775513338,-0.018082399228827345,-0.021182775363585878,-0.022516386191478086,-0.018685180630775265,-0.011688743024798802,-0.019412273423106276,-0.013903617089436524,-0.014626238020064483,0.13834024543490742,-0.008928262366268678,-0.0064604656220107375,-0.012650572625760644,-0.003296160167888761,-0.013778013722497241,-0.008788003613619557,0.0026174387719873115,-0.01764134324186578,-0.013148771728482583,-0.013649752234008647,-0.007344690935129833,-0.006469649070944222,-0.01741751919406144,0.002453342035363551,-0.012719529922122207,-0.004033861664022971,-0.013515093503049014,-0.011766236081940756,-0.01135227347642382,0.01969789205846346,0.029103113679360547,-0.01189316042388415,-0.020626054228917008,-0.008845519698790867,-0.010170971432736934,-0.023550814725644405,-0.015893186871090495,-0.004573814815633452,0.011659705689063023,-0.004435283343833382,-0.027545137691985373,-0.011236633638238399,0.011144728195940609,0.004170394177502761,-0.015575638696670266,-0.0173267163632446,0.041638991474083016,-0.012407236189289128,0.00501485791623024,-0.023913324767661837,-0.006312363270371963,-0.012090917124918457
7,-0.013637179426427923,-0.018223240163068075,-0.014318283154436205,-0.016943081806674108,-0.011915870948220657,-0.02643620577041034,-0.014362295947730835,1.0,-0.013526278879710108,0.034448970222792925,0.04172197461031553,-0.0185182181340459,-0.03838965722138693,-0.02718779438546542,-0.032496859464482955,-0.001854175735291048,-0.03679624272155142,-0.022397025452999018,-0.05024062945629473,-0.01431269984217219,-0.028698100484879238,-0.06171574709498739,-0.04842715516829772,0.009334003107782157,-0.014289420494529857,-0.025790434359228336,0.01141792546926548,-0.032817077490446094,-0.019409456578140312,-0.048047776666234124,-0.02766838480537551,-0.026631746888125418,-0.0014000448478114164,-0.015010799578961042,-0.05311174479548473,-0.03439190075606807,-0.02002458842212137,-0.025661815201616645,-0.00820984039817055,-0.010276996756906501,-0.019802574986732636,-0.02369970856627221,0.03837047737865196,-0.05965413708429462,-0.02848234978858781,-0.04986976684710534,0.007800022503279956,-0.02024477585941096,0.10960520336891655,-0.03553250010157617,-0.013682872662148635,-0.01830200920077995,-0.0330707745542201,0.12884397066188474,0.029373069338194002,-0.028763235726313757,-0.005987600225036785,0.2631768416637817,-0.030278294346226597,0.0655599978186882,-0.023079109039052897,-0.05537670821428253,0.09088135952455276,-0.012854035884845585,-0.023621648907870593
8,-0.006857688903316023,0.0030954903464298,-0.004673239233291153,-0.014207027513307033,-0.00543778436427835,0.012840209565244249,-0.0066443340201237395,-0.013526278879710108,1.0,-0.014145054283608136,-0.01295045358741266,-0.014313701641881955,-0.013224869430346169,-0.010597996092973334,-0.004595975708517622,-0.017076564165336577,-0.0175913495332351,-0.008678167825068374,-0.019508251390382987,-0.016590218936535166,0.0938550756599896,-0.022662255492009724,-0.02102138884061562,-0.0071941530582940285,-0.006410510918143913,-0.00968673382697718,-0.006391991374295727,-0.00856014702021697,-0.005989002028311951,-0.018044300679491115,0.024902007664564546,-0.007997788602422451,-0.01761972176253576,-0.005483984079155877,-0.008781768399798705,-0.0118494363656165,-0.007805488498278182,-0.005699954221014058,-0.00309881334178321,-0.010462729875507736,-0.011196305940796035,-0.009247008763837647,-0.035635308317245235,-0.024529639824403475,0.00018857141136455853,-0.024228019518248177,-0.0070151623132018205,-0.0061901550238887635,-0.0143426631882448,0.0021664608447483033,-0.005386194957360452,-0.0070556672957734,0.0006100333758414199,-0.02178936616491503,-0.007256288900031287,-0.020099008514068924,-0.0038500691942830473,-0.013775378320263834,-0.014460281450149735,-0.006652251381591873,-0.011662288325726394,-0.02058431614480152,-0.0209056761903803,-0.0026322881678173746,-0.009469178558206975
9,-0.018183199699149673,-0.01928477104343816,-0.015370448073566403,-0.01983320996027531,-0.014799119279451883,-0.027644684425340293,-0.017285439299353045,0.034448970222792925,-0.014145054283608136,1.0,0.003852413995759022,-0.029574191064765568,-0.04019851566568659,-0.030341232601015435,-0.04694410581531562,-0.008744743156028549,0.10978648167747973,-0.03862026633208873,-0.0566917051677202,-0.03977343789787222,-0.03002093552184408,-0.06974336961396367,-0.055716051436418265,-0.015822338645228,-0.017620218475300643,-0.02701050435488406,0.06478188747488758,-0.029619947864061504,-0.020256967858420214,-0.05430601712585448,-0.03643020076410892,-0.013825594069315807,-0.045415400188382804,-0.015885123944665444,-0.05651514708676039,-0.03916813640548652,-0.02109431013920852,-0.027062542671191077,-0.00691091641920686,0.061294934896343155,-0.030462316595736248,-0.02593805950074323,-0.06298866746792432,-0.06528288986419321,-0.02854262632261562,-0.0769621477076684,-0.009824519661974144,-0.022230645649879303,-0.03323783511708389,-0.039887069767132605,-0.015733074375312392,-0.019531160828610377,-0.04347153756030685,0.06543584590427864,-0.03136203626631377,-0.048456181872356965,-0.010771136075022364,0.08821285431909723,-0.03168853993520713,-0.01725739323319629,-0.03205262049020738,-0.05796371450129885,0.67206438831,-0.013474955199133418,-0.02073840491775325
10,-0.01720430580902719,-0.01751063305169649,-0.012721155621059042,0.0002049564000403672,-0.005341761081246036,-0.02534015061192535,-0.014811337707866407,0.04172197461031553,-0.01295045358741266,0.003852413995759022,1.0,0.01082638945943163,-0.037088721623705787,-0.02160714460392967,-0.014455473322168656,-0.019127246249343803,-0.013158325365614846,-0.02842020460072018,-0.047006783634142894,-0.007954758454426081,-0.027582636665192464,-0.03643646206437035,-0.045245951156386424,0.055484723614010134,-0.009490696630896616,-0.02504175641822528,-0.011903329499038431,-0.02311714164132824,-0.01835271805887008,-0.042015923452061774,-0.008718815114431434,-0.0230851944286433,0.009718803420484732,-0.013745820035690227,-0.050123732518489936,-0.034316478398591595,-0.018422041501704137,-0.024518265416056312,-0.007860434025437634,0.019193968901741236,0.00398808571043385,-0.022584995989990527,0.09009537140438176,-0.05276960959892555,-0.024797449932961638,-0.004411307201239733,-0.007975314293801005,-0.018391127810404737,0.043694327120484766,-0.031409142814181244,-0.013353551822975126,-0.017840159690477003,-0.003358779854602529,0.12334639494866233,0.005015793615973912,-0.033968129768434635,-0.008346886753727176,0.02482044743842817,-0.02293675770638641,-0.014973238323560366,-0.011152915621917864,-0.05184596494360687,-0.017156632895120358,-0.01237849475583366,-0.016374295605758045
11,-0.019937980430074442,-0.019070392108210786,-0.0023543854987372434,0.6882947396879063,0.0535295002610737,-0.02826863808631333,-0.005055484669302949,-0.0185182181340459,-0.014313701641881955,-0.029574191064765568,0.01082638945943163,1.0,-0.03511628847709246,-0.006918876055780399,0.03601433483785988,-0.03301734824178203,-0.0463865750726323,-0.02186124075370672,-0.013746560922522457,0.06960388392470222,-0.03016761425011643,-0.04767821735077607,-0.017462832454013703,-0.016617072698633426,0.024092022371498035,-0.028023024103071812,-0.017231669580809954,-0.0339309590243745,-0.020183299407789707,0.003296685470587672,-0.020616024187735463,-0.025150068867150634,0.07994635742073666,-0.01649147150934981,-0.04808149005431918,-0.03842381129877791,-0.006603226799220013,-0.028261212941804024,-0.008918764912655969,-0.028374440313168055,0.04888817467866983,-0.024012116502771637,0.10921662606677177,-0.034010837252629794,-0.02936670527280061,0.0731403987645752,-0.017386670317645982,-0.015228490783505556,-0.015654442890629033,-0.033114364292778364,-0.013691647993209918,-0.017741778342727742,-0.020629588973750987,-0.057669243744401036,-0.014795882217537071,-0.043785454080498325,-0.0058440562937930336,-0.017228236391587878,-0.03880463191185793,-0.013337626871969578,0.03421040615792417,-0.04561675730336506,-0.040978654636273745,-0.013964768533600843,-0.0274868671737912
12,-0.019041391601218757,-0.0071105019596737476,-0.015713209936853934,-0.030790860265355546,-0.01174095457369161,-0.023871103005574712,-0.018051115507010582,-0.03838965722138693,-0.013224869430346169,-0.04019851566568659,-0.037088721623705787,-0.03511628847709246,1.0,-0.0319688330449308,0.07503236034808107,-0.04888308820872782,-0.05028494721801305,-0.028008578076668917,-0.02025557804020667,-0.048988904833739695,-0.02473953874449688,0.07869870396810393,-0.035660653133712736,-0.02053232495085781,-0.016628965688418547,-0.014722408554090138,-0.022357072466622795,-0.034150856546821984,-0.020078286484711546,-0.039585277540007215,-0.02194031987225198,-0.028217502820192617,-0.029864253441782236,-0.01569237892762243,0.3450827872660913,0.020640391424458032,-0.010589499360752843,-0.012548891750766128,-0.00873127401239469,-0.02989207027171649,-0.03171758117221947,0.08945061533274154,-0.04303125193478345,-0.0379124586436281,-0.01990423710546793,-0.052460140838909604,-0.020005598586377932,-0.022723434151094193,-0.04608383046662052,0.018921794857058416,0.06553880341753136,-0.007228359750829692,-0.02402882585926447,-0.062209648277988895,0.06436005844699001,-0.044427179782926714,-0.010411186196070179,-0.03791221840217168,-0.03950801664050528,-0.013887623738980035,-0.03252920646493061,0.09114882321594592,-0.06008997507195776,-0.013393675227309651,-0.02811298065740314
13,-0.015137707641510944,-0.015495469969420701,0.06141752411391051,-0.0032884527813159614,-0.011563873995231786,-0.021960762479552358,-0.012853141775513338,-0.02718779438546542,-0.010597996092973334,-0.030341232601015435,-0.02160714460392967,-0.006918876055780399,-0.0319688330449308,1.0,-0.009938236470377237,-0.02972059366377121,-0.03817490067820332,-0.03326156787043395,0.1215916452749167,0.03953602408105611,-0.02377164910525734,0.006815166855155433,-0.03631908359124462,-0.013877813867606427,-0.00550254808038637,-0.021558785752471638,-0.01734806847674278,-0.027820703436980565,-0.01618038266887962,0.17193157538237958,-0.028053114221545494,-0.02303123430073563,0.023338807001717782,-0.012670683258070076,-0.04527108407183579,-0.030943646407843264,-0.01668430396702273,-0.02184956422379384,-0.006848825395971223,-0.022693570595522194,0.0269015343658101,-0.020627677246791366,-0.030692749808652442,-0.054925850624214984,-0.023191258701126774,0.11918405975743683,-0.014440439336883147,0.12011664984470324,-0.0344758514915306,0.0001975962261309336,-0.01189576096665564,-0.014010781726821952,0.03967067446025288,-0.04576433924856857,-0.02079072838181946,-0.04335903322790054,-0.0010839920793137094,-0.028622993592281865,-0.027944605306082664,-0.014342855192306074,0.15797028103468314,-0.02667770195394205,-0.04505770010803156,-0.01077498290243915,-0.020506667528622242
14,-0.01933131335075612,-0.009337928595735408,0.007988875747613523,0.051477928532281704,-0.0006387515770860247,-0.02672771939859225,-0.018082399228827345,-0.032496859464482955,-0.004595975708517622,-0.04694410581531562,-0.014455473322168656,0.03601433483785988,0.07503236034808107,-0.009938236470377237,1.0,-0.03878598894489049,-0.05934069643491129,-0.028310277259484855,-0.013965428022281793,0.09077953656811517,-0.03244610155024759,-0.02850975788930841,-0.03273463720707796,-0.018634501046660264,0.1365328184775794,-0.03322789767626377,-0.016218485812731297,-0.019988958799228747,-0.02273029256943252,-0.0048551714121073735,-0.019434022836340964,-0.035708175560737195,0.0011967598949122436,-0.019658007846141096,0.020088890777497502,-0.029445865477182864,-0.023109009606296534,-0.012716636088253958,-0.010497396418619714,-0.02977124869312754,0.05966387544210956,-0.013573130944562363,0.01577422394812702,-0.037095857649604894,-0.03144272970135879,0.13526783080911647,-0.022399640188051996,-0.007564185989640125,-0.005139696171211837,0.031569599631673405,-0.010688769186381732,-0.01944636597816619,-0.010116307078922452,-0.06880764058491334,0.05107450376807682,-0.051833729744103094,-0.0056149189955874415,-0.023460541163693317,-0.017474540808996134,-0.018743467502122454,-0.0021541669021784143,-0.030119175499515018,-0.0701849323553424,-0.0165805013494559,-0.032402809624846006
15,-0.01052945935483931,-0.014371167884508478,-0.017877862823684976,-0.03736142386590068,-0.01753308747524177,-0.030175482312279903,-0.021182775363585878,-0.001854175735291048,-0.017076564165336577,-0.008744743156028549,-0.019127246249343803,-0.03301734824178203,-0.04888308820872782,-0.02972059366377121,-0.03878598894489049,1.0,-0.04638905829240876,-0.03836336829577776,-0.0676011148123246,0.03308399194560164,-0.02977380100337837,-0.08213157517553049,-0.06944342313917305,0.019039232358306155,-0.02020908146152678,-0.033001196524326135,0.0034769984675985036,-0.0013666258405892284,0.0016079953711746796,-0.06457304632960918,0.001046403199178412,-0.0311030852518809,-0.047015518561156364,-0.019284417319566448,-0.06938877869252645,-0.022496787055213577,-0.025750246938304182,-0.03317751184222115,-0.009879666035957087,-0.028257353086462815,-0.0212878985303252,-0.031632617323411626,-0.08168665675209537,-0.07853786039155962,-0.03531941953290374,-0.02363563121598141,0.2640630565733529,-0.02577674325621262,0.1272817448215213,-0.04358331621973638,-0.019383506340771087,-0.023743931368109445,-0.009815034148632922,0.059203404063387866,-0.026374222811755194,-0.06502048735857455,-0.012997260996718878,-0.011728250143688022,0.15487246488974585,-0.021800468318600243,-0.022052674358770376,-0.07078021730690065,-0.01934934529594974,-0.016110234734913825,-0.03000348305013778
16,-0.023357724672173723,-0.02353321786757746,-0.01911343195864248,-0.04875685907083633,-0.018690657652120315,-0.03331796970326051,-0.022516386191478086,-0.03679624272155142,-0.0175913495332351,0.10978648167747973,-0.013158325365614846,-0.0463865750726323,-0.05028494721801305,-0.03817490067820332,-0.05934069643491129,-0.04638905829240876,1.0,-0.050858339185017115,-0.07037037102298958,-0.058642890302983225,-0.03682820545006597,-0.08673940109905239,-0.06924010935753805,-0.02366579480789515,-0.02183060788596001,-0.033826491373370675,-0.026873043360170733,-0.04243180842870396,-0.02497489549903771,-0.0674067153371965,-0.039902798758881156,-0.0357899649614529,-0.061994319534266706,-0.019778686786158496,-0.07153731856518278,-0.050598445189055465,-0.02634168832319261,-0.03175359805178891,0.03656019874789127,0.09301534693126437,-0.03808042414350292,-0.03217800814411961,-0.10495742899299612,-0.08308123645928908,-0.035502459015881886,-0.09709425706990174,-0.022816005210720247,-0.027036413650614988,-0.06721630395542387,-0.04873837676918845,-0.019735568187773223,-0.024517007242141016,-0.061759485832767885,0.2663418888075484,-0.036842900627615534,-0.0668890418052553,-0.013340238706235531,-0.032373840857680754,-0.04851748843194488,-0.022591355346787353,-0.04023739618621841,-0.07270253444337474,0.18161895984350868,-0.016668036011399108,-0.03338079785012196
17,-0.003067723911039253,0.10681840734916159,-0.016685038465713235,-0.03370514145910322,-0.01448173127650262,0.13989803810989282,-0.018685180630775265,-0.022397025452999018,-0.008678167825068374,-0.03862026633208873,-0.02842020460072018,-0.02186124075370672,-0.028008578076668917,-0.03326156787043395,-0.028310277259484855,-0.03836336829577776,-0.050858339185017115,1.0,-0.04767347894151041,-0.04480273421140554,0.07698099786432387,-0.05509975007048153,-0.0565951385957716,-0.012075156732919413,-0.019094834104298124,0.1559644478796286,-0.011540889729178466,0.06375561902419448,-0.003569231614082815,-0.047949338654407356,0.05300522976024018,0.049905609554187796,-0.03233337171594282,-0.0087473657309084,0.015342182213159614,0.07527827453968988,-0.016911069592183622,0.02160172470672228,-0.0088079816592325,-0.029362328313130934,-0.033089531079118474,-0.019646615120924072,-0.046279487908856096,-0.04032276192983482,0.021542932574822284,-0.05271857078688032,-0.01929827865492784,-0.024121363534760236,-0.0002820194940916106,0.02610739659198911,-0.010947995091730554,-0.020954565053046437,-0.028309251883117018,-0.058735071204716216,-0.009297836554729003,0.04543793423849243,-0.011015180084437146,-0.0129857332341764,-0.005354954239275364,-0.018338074711454638,-0.03301929875599228,-0.030992171279908574,-0.04489134733287177,-0.01113542416216989,0.0030628688402011507
18,-0.021323141542003453,-0.023780986277016233,-0.0067312891442479995,-0.005219239886931359,-0.0006612118274314672,-0.039671133506469905,-0.011688743024798802,-0.05024062945629473,-0.019508251390382987,-0.0566917051677202,-0.047006783634142894,-0.013746560922522457,-0.02025557804020667,0.1215916452749167,-0.013965428022281793,-0.0676011148123246,-0.07037037102298958,-0.04767347894151041,1.0,-0.03352872267302945,-0.04117253854244998,0.2537248813554731,0.07305525425925376,-0.0287745475395996,0.054040142048406375,-0.039272896544588334,-0.03206842217148728,-0.042086929574550916,-0.025802192487936387,0.1274607986865643,-0.03460026027616667,-0.04035446304033409,-0.016043386189976246,-0.021238445745935024,0.04316431352979117,-0.030908319110778987,-0.013657112312539486,-0.039221957267079784,-0.011828766433542772,-0.04126550358806213,0.010743639828596253,0.019596396870006458,-0.022936545431465696,0.014566805531869703,-0.040662453294286235,0.05034930279257531,-0.02813515778309473,0.04531406199978383,-0.06817105169110962,0.02700822463594488,-0.00588539903956435,0.014385658814342572,0.16991509357999832,-0.08693129607056349,-0.0221634884799469,-0.0515153764757664,0.11061874081582151,-0.052594054981175906,-0.057661187099704844,0.011603488644949863,0.079479264278603,0.16786515117943757,-0.08440200002815598,-0.01970715248088413,-0.03898648538297946
19,-0.019336959268031792,-0.023159387238359804,0.01104323043983987,0.06450028004986859,-0.014209973322656286,-0.033955412133679364,-0.019412273423106276,-0.01431269984217219,-0.016590218936535166,-0.03977343789787222,-0.007954758454426081,0.06960388392470222,-0.048988904833739695,0.03953602408105611,0.09077953656811517,0.03308399194560164,-0.058642890302983225,-0.04480273421140554,-0.03352872267302945,1.0,-0.036672499588867404,-0.07331485910355298,-0.06113907502246433,-0.00011057798951908228,-0.002467144575470808,-0.033249692857867025,-0.02482282213425524,-0.040701966049107835,-0.023296063628758197,0.02870058507770553,-0.03425749459699337,-0.03545047732905768,-0.011143193154698677,-0.019166602806919657,-0.06910449444427502,-0.04473315009281349,-0.025297560984594285,-0.03368814343211044,-0.010440584138097406,-0.03434432684806598,0.02043110091554552,-0.03119324461886647,-0.0612158999877446,-0.07726945884189147,-0.03624387323068465,0.30242060497489526,-0.013149878987779745,0.0023412209190931538,0.026509732218264814,0.00928701007912827,-0.01895898010523917,-0.023723719529984668,-0.01974731131214913,-0.06584029705488344,0.048365190966419516,-0.056671227117516945,-0.008795936566144663,0.00616490179763329,0.017163145590902283,-0.011875890625453946,0.05145580149502442,-0.06893190088298329,-0.0646485428667072,-0.01652253154859345,-0.031610132288377356
20,-0.013377167053455324,0.00020881497222285331,-0.011989107337073101,-0.03038156515325792,-0.01159982829853553,0.04319136123561505,-0.013903617089436524,-0.028698100484879238,0.0938550756599896,-0.03002093552184408,-0.027582636665192464,-0.03016761425011643,-0.02473953874449688,-0.02377164910525734,-0.03244610155024759,-0.02977380100337837,-0.03682820545006597,0.07698099786432387,-0.04117253854244998,-0.036672499588867404,1.0,-0.0486874633558643,-0.04432542555053203,-0.015331577417456936,-0.013676234341959626,-0.006766810813355776,-0.01377431269723062,0.011149615921796103,0.021046700797439165,-0.03946370005912214,0.028688953777637978,-0.012112989164486044,-0.03912623582555923,-0.011412467371551934,-0.02611446199166901,-0.004884363657036414,-0.016010304501959297,0.07032138327329418,-0.006471099692086869,-0.02219726628355728,-0.023776892803749033,-0.0183336843761137,-0.07066445346215036,-0.04890445668468608,0.168692833022219,-0.05125744652639865,-0.014857532690079396,-0.017243301200416988,-0.03284322551154238,-0.02456913111603462,-0.00954637191128072,-0.014898358036389385,-0.015762417242667262,-0.04641253982530463,-0.014447949849732864,-0.04079290205272893,-0.008365871746707595,-0.029019660066349835,-0.02810678440518268,-0.013117739907123414,-0.025035936070769746,-0.04261909889208934,-0.04472872340121464,0.004687161809169064,-0.019100262213926897
21,-0.02563747022784863,-0.021810285653232238,-0.0037971323470203447,-0.05460184286442356,-0.01437013940853405,-0.046604879000016,-0.014626238020064483,-0.06171574709498739,-0.022662255492009724,-0.06974336961396367,-0.03643646206437035,-0.04767821735077607,0.07869870396810393,0.006815166855155433,-0.02850975788930841,-0.08213157517553049,-0.08673940109905239,-0.05509975007048153,0.2537248813554731,-0.07331485910355298,-0.0486874633558643,1.0,0.10592958318005688,-0.03489006684358563,-0.026610361267411505,-0.04576577321659796,-0.039382817068189024,-0.05578405795684159,-0.03175296540729879,0.18422685738587993,0.005408123795317771,-0.05041999738906792,-0.017150398083308108,-0.024568773976438488,0.11820982011862355,0.014351885379051337,-0.02386039444912871,-0.045373896147973006,-0.014961671296295172,-0.05133338431992027,-0.03771651873777258,0.022793984242848984,-0.0697971417002671,0.07214328754524241,-0.043088026595751075,-0.005501364678275709,-0.034573616908154844,0.011307283006749179,-0.07909847250744587,0.0410601703085031,0.05142817245844556,0.09430853718415655,0.1353779332873858,-0.10561433304624915,-0.003616141482471672,-0.06165952361366091,0.004331666652506051,-0.06389723117884913,-0.06900142221895644,-0.009247606341526741,0.018888085605441605,0.3692844007120355,-0.10259724190478414,-0.023982799188088648,-0.04622874643844424
22,-0.02589006162022956,-0.028121997518319328,-0.018330826082641177,-0.00985822739404551,0.01339312736228996,-0.040555847777278636,0.13834024543490742,-0.04842715516829772,-0.02102138884061562,-0.055716051436418265,-0.045245951156386424,-0.017462832454013703,-0.035660653133712736,-0.03631908359124462,-0.03273463720707796,-0.06944342313917305,-0.06924010935753805,-0.0565951385957716,0.07305525425925376,-0.06113907502246433,-0.04432542555053203,0.10592958318005688,1.0,-0.02934199629288838,0.02390047986168537,-0.04004848651756301,-0.032484398239860005,-0.049942112067455705,-0.02993498007797174,0.0474744246300926,-0.05681675175373536,-0.04157988851109386,-0.040021182290328805,-0.022326504890383826,0.007258307857289902,-0.03018273080709815,-0.0013089107558419046,-0.0402870458452482,-0.012714024988730074,-0.042368914368694624,-0.02036420614313566,0.031231161114979557,-0.04198316651647661,0.05527013023599529,-0.04028524855372519,-0.026750004354656243,-0.028568032872722464,-0.027014750430992197,-0.07544248835315963,-0.024573909509833968,-0.0026955617020698814,0.050290267970209704,0.005578934981441084,-0.08867965464885105,-0.03705408202217593,-0.03409425403095384,0.0029621753978017733,-0.051503545802964276,-0.05752093117732497,0.02196376802304094,-0.026125383680723438,0.17054136100179607,-0.08235887615301823,-0.02018681290598472,-0.033977340469498504
23,0.005115100519411108,-0.008288925396660624,-0.007384493916773308,-0.017773718203073642,-0.007026893086617827,-0.01364405695890204,-0.008928262366268678,0.009334003107782157,-0.0071941530582940285,-0.015822338645228,0.055484723614010134,-0.016617072698633426,-0.02053232495085781,-0.013877813867606427,-0.018634501046660264,0.019039232358306155,-0.02366579480789515,-0.012075156732919413,-0.0287745475395996,-0.00011057798951908228,-0.015331577417456936,-0.03489006684358563,-0.02934199629288838,1.0,-0.005142325025554935,-0.013869561001750913,-0.01048075832576606,-0.015319144854145234,-0.005061080251397825,-0.027232033772922278,-0.006893314464659653,-0.014638730667190038,0.0033701312394385967,-0.007336541163891572,-0.029197011581953022,-0.01599856907702609,-0.010847437202995976,-0.013907951706777819,-0.004400607895162747,-0.007408535145627437,-0.013533250957127391,-0.012726654454599896,0.01042875449446511,-0.03158915456387907,-0.015168612498975973,-0.01911946689956988,0.012837414947906179,-0.010009227405888345,0.03351078391046666,-0.01721548909792955,-0.007720123181676868,-0.010001473880438637,-0.01967349439674026,0.0072042598374554,-0.0073639087154754035,-0.02685016130710971,-0.0027915167753791758,0.007794778412113049,0.1615035730129386,-0.009042091825117385,-0.00905102995705562,-0.029983640050089883,-0.017917503511879915,-0.0068990563209454575,-0.011765511309238554
24,-0.008571682625508757,-0.008825083156437152,-0.006014043452215911,0.017466479196997436,0.03594114657998124,-0.012691738642164342,-0.0064604656220107375,-0.014289420494529857,-0.006410510918143913,-0.017620218475300643,-0.009490696630896616,0.024092022371498035,-0.016628965688418547,-0.00550254808038637,0.1365328184775794,-0.02020908146152678,-0.02183060788596001,-0.019094834104298124,0.054040142048406375,-0.002467144575470808,-0.013676234341959626,-0.026610361267411505,0.02390047986168537,-0.005142325025554935,1.0,-0.012356958563267819,-0.009969316592595596,-0.016002353558392114,-0.009326676903819154,0.035150747369992366,-0.014600909085290999,-0.013214342239120566,0.006854554429024768,-0.007142078114580461,-0.013659843221747563,-0.018235666707660435,-0.00891971658601817,-0.012501313651082271,-0.00393183021974036,-0.012604014871612074,0.01036456782171586,-0.011093781162416804,-0.008462303642208277,-0.009059464271458324,-0.013471401992145807,0.0869900771464665,-0.008735119266720482,-0.009689972822993848,0.0024794021421323505,-0.018773408990966453,-0.0072798986113916464,-0.00716271616475885,-0.014131491335318856,-0.02653635661330262,-0.013976789376413012,-0.02531994196929569,-0.0033004665707238737,-0.01718309629292525,-0.016339241554567455,-0.008162248002759612,-0.010970745913985067,-0.003394379598707708,-0.02622257702222732,-0.0061480569870426575,-0.012537227360077431
25,-0.010730602248932731,-0.00999000972220146,-0.010846610980229432,-0.028820561148677835,-0.010059537896490209,-0.018091010624090697,-0.012650572625760644,-0.025790434359228336,-0.00968673382697718,-0.02701050435488406,-0.02504175641822528,-0.028023024103071812,-0.014722408554090138,-0.021558785752471638,-0.03322789767626377,-0.033001196524326135,-0.033826491373370675,0.1559644478796286,-0.039272896544588334,-0.033249692857867025,-0.006766810813355776,-0.04576577321659796,-0.04004848651756301,-0.013869561001750913,-0.012356958563267819,1.0,-0.01524070129914971,-0.023474620737010704,-0.01469338164572779,-0.03777229467521884,-0.024029163090286923,0.009553030771798159,-0.03125768720590505,-0.009543696460848336,0.014184957410770629,0.02532785419425232,-0.003814565521183971,0.013057717150523826,-0.00604297603310575,-0.02003650392551732,-0.021542413356472875,0.033744687377602875,-0.05384300031662992,-0.03888576858175331,-0.010648631587531118,-0.05745687649934888,-0.013453623053074282,-0.015569137625912586,-0.03650159949862393,-0.029360039611661087,-0.011047312334744656,-0.013491302611684282,-0.03565527584177481,-0.041868327885411435,0.002918607605775087,0.15999335563021908,-0.007616446279555149,-0.02247533934353643,-0.029095138617325527,-0.012072620177126667,-0.022863004019866465,-0.040429670724279304,-0.040230073084997514,-0.009157581968811494,-0.01864284410088641
26,-0.010095001757236141,-0.00515580185616357,-0.008680363709331469,-0.006569021143734503,-0.008391652920681532,0.0030681401930079477,-0.003296160167888761,0.01141792546926548,-0.006391991374295727,0.06478188747488758,-0.011903329499038431,-0.017231669580809954,-0.022357072466622795,-0.01734806847674278,-0.016218485812731297,0.0034769984675985036,-0.026873043360170733,-0.011540889729178466,-0.03206842217148728,-0.02482282213425524,-0.01377431269723062,-0.039382817068189024,-0.032484398239860005,-0.01048075832576606,-0.009969316592595596,-0.01524070129914971,1.0,0.02089000710317484,-0.001285142664380766,-0.030745477244040274,-0.0047506602594064905,-0.007943632972148994,-0.02151625832737905,-0.008338461959083674,-0.025154410593699904,-0.0179148053507509,-0.011951212617232022,0.008699175354474058,-0.004822058477684297,-0.014667126034886825,-0.017197419033755476,-0.014498991534976403,-0.020306345167449915,-0.03336011905852855,-0.011951628067408689,-0.04216304958709405,-0.010284429309396107,-0.012573576360331443,0.25606165063906566,-0.02122051761027112,-0.008392000152147085,-0.011050838208032019,-0.009812577776318337,-0.03100165478493136,-0.01680373565227907,-0.014942328076661368,-0.006138679907452939,0.008138053404141487,-0.017775215054679046,-0.00915522398774605,-0.018342774665968502,-0.03300535490649789,0.2510020419076038,-0.006176758092526473,-0.012634788124347842
27,-0.004340987629593109,0.057180206940956324,-0.013856812441297453,-0.034654987913227214,-0.0116776836397757,-0.005326910848712289,-0.013778013722497241,-0.032817077490446094,-0.00856014702021697,-0.029619947864061504,-0.02311714164132824,-0.0339309590243745,-0.034150856546821984,-0.027820703436980565,-0.019988958799228747,-0.0013666258405892284,-0.04243180842870396,0.06375561902419448,-0.042086929574550916,-0.040701966049107835,0.011149615921796103,-0.05578405795684159,-0.049942112067455705,-0.015319144854145234,-0.016002353558392114,-0.023474620737010704,0.02089000710317484,1.0,0.20267348315642802,-0.04453346894697889,0.05084089998079461,0.006172710164779768,-0.03733994787087458,-0.011616611736164996,-0.042275409134804307,0.00017464173397574554,-0.017859745817273086,-0.01623802071900305,-0.0024527944311628627,-0.02604570901529979,-0.02750290943751522,-0.022782317763841195,-0.05502975706887493,-0.013863198945318981,0.052997069544559454,-0.013010330382289628,-0.017133885945748335,-0.019965080138402647,0.06081929574072125,-0.010141935708692202,-0.012153057886039653,-0.017186166634476415,-0.021855598754561185,-0.05259656192825535,-0.0057869218215093774,0.020446051528619072,-0.009802884468906327,-0.027555979846079597,0.00522940710157652,-0.015032248085883982,-0.02928065022124441,-0.04674117126772104,-0.030146222376521967,-0.00809771200325858,0.014663784872347128
