,0,1,2,3,4,5,6,7,8,9,10,11,12,13,14,15,16,17,18,19,20,21,22,23,24,25,26,27,28,29,30,31,32,33,34,35,36,37,38,39,40,41,42,43,44,45,46,47,48,49,50,51,52,53,54,55,56,57,58,59,60,61,62,63,64,65
0,1.0,0.003888245170378359,-0.00822483558371635,-0.020970782147430932,-0.036834799517010894,0.012949261248906233,-0.00944268346078702,-0.01377996084655344,-0.006876726101719575,-0.018323642673368418,-0.017288747704143893,-0.020181837234537862,-0.01912279101894134,-0.01356246770623402,-0.019347715260644188,-0.010690225790342737,-0.023516313833701098,-0.003139911007370012,-0.02148854862517328,-0.019275758928571866,-0.01342744147891136,-0.025829138262144023,-0.02603493628214957,0.005596441948244444,-0.008410663140502287,-0.010830246507433482,-0.010117110581053544,0.02312202716635989,-0.007214397902123918,-0.028424502818190082,-0.008891130979135183,0.0747452627154938,-0.013746018792980748,0.047535243199034335,-0.002457474732180334,0.01891923575744314,-0.00958747452167633,-0.007211893736266123,-0.0037199569097267973,-0.0101709075504016,-0.016308995825389448,-0.012426836477200106,-0.015174177990337469,-0.007663571867590554,-0.008585839002951812,-0.03659054299851376,-0.01848318622530345,-0.011395488910050301,-0.01883554659960525,-0.01975012530776555,-0.008057801463670047,-0.010059715735019145,-0.02503272500342181,-0.0154869645769214,-0.015268025317526386,-0.006948765062521736,-0.005379398323313652,-0.017815380368483198,0.05393584280195005,-0.00934015852565638,-0.017467063005228073,-0.030408057441649393,-0.01846162374658033,-0.006385573767241663,0.035238300324682004,-0.0040239687532929135
1,0.003888245170378359,1.0,-0.007699140828899422,-0.019417536287098344,-0.03505626772739656,0.17488975848005306,-0.00849546031900531,-0.018224820352895604,0.0030977295152526813,-0.019293381023094233,-0.017459690545931338,-0.019165232140999574,-0.007103166468248561,-0.010695884700548008,-0.009332692916823659,-0.014358017136051827,-0.02352863357473993,0.10681615833199756,-0.023809706778791424,-0.023156579506687355,0.00021101667148374064,-0.02181348032855742,-0.028110957643474516,-0.00828438527035391,-0.008675591574116962,-0.00998656131320394,-0.009218042695189155,-0.0020061416589240186,-0.006052860282194825,-0.02403909720078546,0.07430774425833284,-0.007106504255127673,-0.020113507686046445,-0.00039489088092849525,0.0540114054175514,-0.0009510669636252503,-0.009869673890315222,0.005557710295965204,-0.002897409152494495,-0.005154176098370185,-0.015389305541233564,-0.011407659328108222,-0.015491621836251478,-0.025388127204063565,0.08585500703822431,-0.016674891645697326,-0.025965786475173155,-0.01119124994665777,-0.013242975420349669,-0.008756847199802352,-0.006469323458502506,-0.009586519383079157,-0.012644839101953263,-0.014438359210859043,-4.4544242450116935e-05,-0.020729195796146533,-0.005365956144945982,-0.017435593159379932,-0.013787630943621256,-0.00868048359335507,-0.016124175774626742,-0.021800247544068993,-0.027081764660895697,0.013689286374590683,-0.006888127311332301,0.05717976656496516
2,-0.00822483558371635,-0.007699140828899422,1.0,-0.004870091224235905,-0.03837662328329581,-0.010989082340836162,-0.006853609982716976,-0.014164639099962465,-0.004659555729245875,-0.015211339862646186,-0.012511633095866032,-0.0022122695381694133,-0.015560337389976512,-0.009698616362309025,0.007655059212087608,-0.017629906359940523,-0.0189252444225321,-0.016509053487475892,-0.008184335871097834,0.011942105074242346,-0.011860211886868347,-0.005793064476468969,-0.018268623909186932,-0.007309340432229857,-0.005389868740897762,-0.010732692851176494,-0.007083553530697397,-0.007985009013484956,-0.005014965726929213,0.10665074258797624,0.00849969887130604,-0.011436705092127157,0.0006764430340315073,-0.006346166781085629,-0.02258290093816031,-0.014177293855888272,-0.008396726216240899,-0.0108682398706497,-0.003387193153211092,-0.008588788098353652,-0.009099094680097756,-0.010266058165521588,0.06417066724037518,-0.027141995693651493,-0.011871463034007223,0.029453034534845317,-0.02296733939709835,0.5497512167492893,-0.017407946883900745,0.03635000846328479,-0.004616902431924547,-0.007372184377667668,-0.0006299738935815922,-0.011265437907450918,-0.007893709228193524,-0.021799541697191508,0.001850416031309652,-0.014489854709107127,-0.015162332901566874,-0.007200918232277732,0.14487756719025754,-0.019919130690941905,-0.022438424836832366,-0.005379367254144474,-0.010770827162075317,-0.013709189222010814
3,-0.020970782147430932,-0.019417536287098344,-0.004870091224235905,1.0,0.03933610398109998,-0.0288934484232172,-0.011743548211329311,-0.016812341680223563,-0.014121712578869969,-0.019574336487785733,-0.00020572683256608014,0.686199304726461,-0.030446163665967533,-0.0025137063579064407,0.05147307141547135,-0.03726533122956452,-0.04854877335009734,-0.03378366054049654,-0.0048749740056030924,0.06405348974169542,-0.030213721298597732,-0.054225801774961946,-0.009637017284813717,-0.01769607107291405,0.0173531140849311,-0.028678354020809316,-0.017834501364745476,-0.02120154992910313,-0.001991229802697531,-0.0130627461476773,-0.021688318534822015,-0.029593107513377105,0.03737974799623283,-0.01688189618706958,-0.04811000568210716,-0.04024734618454515,-0.0009939770125953346,-0.028924107123123852,-0.009128545214544979,-0.00628917313223636,0.05514097103000706,-0.02450733035115433,-0.0032530041712131117,-0.0410040091541779,-0.030148963676270214,0.06329894969781891,-0.055016744608047424,-0.01777050246960957,-0.005549410587142905,-0.035140663852159304,-0.015317946000978678,-0.018634943268120117,-0.016680924646138188,-0.027060003070783267,-0.015410786572829741,-0.014833396906493065,-0.00671790391011491,-0.021959302343810154,-0.03993091472518306,-0.014389300955913877,0.032714126246564626,-0.050732633547240995,-0.015487271034342144,-0.014339919682985921,-0.027995525925097,-0.03446616803875061
4,-0.036834799517010894,-0.03505626772739656,-0.03837662328329581,0.03933610398109998,1.0,-0.06974876278747247,0.018910495806080663,0.04362910911476455,-0.03560834236247755,-0.061451856334357347,0.09274012127860087,0.11106445514528952,-0.04677023861461952,0.03454331999400238,0.012704862979552256,-0.08018673237596025,-0.10442128588546375,-0.04428416245679995,-0.03091880352808849,-0.0586985521091439,-0.07057669419221699,-0.07540640403539664,-0.04696679803608478,0.013316603047062028,-0.016013177780962017,-0.0538505430014746,-0.031209497197950044,-0.044983924830385526,0.010983601225851528,0.015587418521946658,-0.060479969333425934,-0.0240700816378911,0.2121838239322309,-0.03436594720947206,-0.03209337551727112,-0.03602989823988628,-0.027559659697061135,-0.05650561350299012,-0.022723639674431625,-0.01924088711268036,-0.024027745477357587,-0.03109175022173836,-0.029005811910092594,-0.004604036052343816,-0.0632985435612411,0.025946833624432,-0.10743700935056709,-0.011565897437952425,-0.012625502288269046,0.00019227855853840015,-0.001885143640824339,-0.04154356905479238,-0.013817779283715689,-0.07176144187752534,0.03729788066697019,0.020186902160450194,-0.00994455303573304,0.03675491916390656,-0.06934576304074082,0.04201411353721443,-0.036215046317164185,-0.06321193937691001,-0.060744006639801076,-0.03338870231054934,-0.046626230851486775,-0.05365825845561158
5,0.012949261248906233,0.17488975848005306,-0.010989082340836162,-0.0288934484232172,-0.06974876278747247,1.0,-0.013028681571818447,-0.02643498816356974,0.012840508954666941,-0.027659948637626105,-0.025264616632838504,-0.028385705867142605,-0.023876618006926774,-0.017061876368433086,-0.026730215663639475,-0.0301631236844253,-0.03331467990381062,0.13990030416166452,-0.03972493437346383,-0.03395091154214555,0.04319195378163325,-0.04663673420765487,-0.040530035638244116,-0.013638571640401031,-0.012470421565985108,-0.0180900431939354,-0.013748363416537021,-0.012087443525091477,-0.009495643425172869,-0.038233441487861695,0.09054364234019639,-0.016001680225119864,-0.03551402203782022,0.02007444379659218,0.0967979703835257,-0.008516425360064188,-0.014966510509220318,0.1159998842529487,-0.005907952312607102,0.0030713694520951296,-0.022086822928833103,-0.01773938865183005,-0.021957332689563028,-0.04510741195309823,0.12281961822082292,-0.056300958033063134,-0.04116826707573667,-0.01564338471895572,-0.03428762619921228,-0.02886229542032205,-0.011481868402094584,-0.013775516772639093,-0.029693728371364275,-0.02053857032463801,-0.00012712701307937427,-0.023259183194222766,-0.007721475615114387,-0.02684519902052193,-0.02627187612353561,-0.012877862253764163,-0.023459451567262965,-0.03861423609366852,-0.040561829371840497,0.08914604394980029,-0.013021074050065386,-0.005322658136998869
6,-0.00944268346078702,-0.00849546031900531,-0.006853609982716976,-0.011743548211329311,0.018910495806080663,-0.013028681571818447,1.0,-0.014430608223543438,-0.006660145819652097,-0.017349839039222003,-0.014878661016001243,-0.005017738831356018,-0.01776051200795163,0.006760350679956157,-0.017967243729998333,-0.021267351322533098,-0.022572603940755664,-0.018775258901381205,-0.011511287521016574,-0.019499235240196762,-0.013940266615778775,-0.014353435609287566,0.1383991415950477,-0.00898034621898812,-0.0064837544121087755,-0.012672652228349273,-0.008869907132054738,-0.008849150781353692,-0.004713017373680416,0.002855896399350329,-0.017707799298847804,-0.013196830551404677,-0.013787961729359574,-0.007361908611826754,-0.006191100479574597,-0.01745069123681922,0.0024051483485186763,-0.012762097520219456,-0.004042538951143342,-0.003360645106621303,-0.011785040192822692,-0.011342851448879403,-0.012893540547260607,0.028698064275805964,-0.011951141973025966,-0.020296693564683027,-0.027628031769536418,-0.010194197940989453,-0.023658653458807806,-0.015934569055061017,-0.004594093702526814,0.011653538092207184,-0.004293711460048647,-0.01354477256654946,-0.011321041087853725,0.010857291514550591,0.004200560327447521,-0.015642256389323643,-0.01743021715197013,0.041549423550176254,-0.012416518899655919,0.005303327246423461,-0.023928647514448093,-0.006325384610902556,-0.012188693529146461,-0.01389231914351988
7,-0.01377996084655344,-0.018224820352895604,-0.014164639099962465,-0.016812341680223563,0.04362910911476455,-0.02643498816356974,-0.014430608223543438,1.0,-0.013525430190941797,0.03454498157595761,0.041849352532740615,-0.018598200562414027,-0.03837350023315331,-0.02338449234563999,-0.03249022985201189,-0.00185655500448578,-0.03679212740194539,-0.022410307192459265,-0.05025919746262633,-0.01431442400899086,-0.028699006516694676,-0.0617246960931691,-0.048374893786564045,0.00933790295538864,-0.013937177442966488,-0.02578934714710882,0.007792446071482538,-0.01942787442591419,-0.010268548691319986,-0.04807949157901216,-0.027667071218846467,-0.026644016259297687,-0.0019736832475025796,-0.015009001809590847,-0.053102625757653274,-0.03441158581991928,-0.02002339090587979,-0.025664463193762938,-0.008210355819156833,0.011413488602587282,-0.01980019411213208,-0.023693852241493514,-0.02719140074154507,-0.059380326840572754,-0.028483997972734224,-0.04982932859005227,0.1288838504567159,-0.020217234928727623,0.10957697073261932,-0.03565036120065433,-0.013700601669256622,-0.01825343939863437,-0.03309841716489679,-0.010250786261638112,0.029304526306880435,-0.02879898407371588,-0.005978505574462207,0.2631044588884093,-0.030227014116812206,0.06552796574664993,-0.023072125898151427,-0.055363135482582045,0.09021629563832861,-0.012856332002384433,-0.02362851349925791,-0.03282641278507435
8,-0.006876726101719575,0.0030977295152526813,-0.004659555729245875,-0.014121712578869969,-0.03560834236247755,0.012840508954666941,-0.006660145819652097,-0.013525430190941797,1.0,-0.014153553951985358,-0.012914546444535829,-0.014370382965321364,-0.01322737473445903,-0.009197638472161956,-0.004597954646800714,-0.017071868210182563,-0.01759018139798173,-0.008674228868946619,-0.019510535833328596,-0.01659048797043533,0.09385681013594926,-0.022649679730936314,-0.02100976761246488,-0.007191924153950628,-0.006295672359515012,-0.009686862778312098,-0.007015497837342583,-0.005987729379284448,-0.0048708168193442895,-0.01805187107210899,0.02490258449511542,-0.007994484792682855,-0.017582964545305602,-0.005483892941395131,-0.008778232437083476,-0.011845451666378863,-0.0078045177559223034,-0.005699551137488484,-0.00309874936950129,-0.00639261847811152,-0.0111919631104532,-0.009247006193297908,-0.010601288223029765,-0.024526191882914813,0.00018989665977633963,-0.024204550766488454,-0.021788817677201387,-0.0061701410538955925,-0.014338574890237925,0.002236505309306555,-0.005379071773582052,-0.007048024742660067,0.00061214648631106,-0.010463513570217225,-0.007235699732264398,-0.02007811095006225,-0.0038493932352420862,-0.013680695568051616,-0.014442274974232854,-0.006650143333917903,-0.011649633334828872,-0.02058416663201305,-0.020806372410189664,-0.002631795028427649,-0.009462456463194654,-0.008557047199735504
9,-0.018323642673368418,-0.019293381023094233,-0.015211339862646186,-0.019574336487785733,-0.061451856334357347,-0.027659948637626105,-0.017349839039222003,0.03454498157595761,-0.014153553951985358,1.0,0.003846771764103765,-0.029506734255284054,-0.040227353269190434,-0.026009826891795478,-0.046985908723489456,-0.008681042152977408,0.10986492934721653,-0.038657961712832464,-0.0567826922945279,-0.03979051594155669,-0.030039832642701395,-0.06980409869822739,-0.05566379784952862,-0.015832240398870434,-0.017309375558505386,-0.027028170919305542,-0.009809205404593492,-0.020268877597177073,-0.013194382837031313,-0.05438748670888002,-0.03644523890910163,-0.013833144035100664,-0.04541933053788602,-0.015893970930856385,-0.05653096130771381,-0.03920162172795519,-0.021105297516165984,-0.02708065515920624,-0.006919668033264888,0.06474643463337823,-0.03047314159787517,-0.02595118735995597,-0.030359112715250686,-0.06527332052521947,-0.028563664908841487,-0.07694760831660866,0.06594022167431982,-0.022212723213713568,-0.033229304024834344,-0.03976037923028257,-0.01571903010446431,-0.019511215471806835,-0.04351857729180818,0.06136349111126002,-0.03135048949759671,-0.04845257480925632,-0.010771783004452634,0.08830533966620524,-0.03160181687976479,-0.017270270815930813,-0.03203633851193446,-0.0579972436755575,0.6725785450728623,-0.013484032932306489,-0.020764557922889545,-0.029640615278935266
10,-0.017288747704143893,-0.017459690545931338,-0.012511633095866032,-0.00020572683256608014,0.09274012127860087,-0.025264616632838504,-0.014878661016001243,0.041849352532740615,-0.012914546444535829,0.003846771764103765,1.0,0.010282012572636862,-0.03694194282175537,-0.001528925627928275,-0.014448941526266594,-0.019090564724975362,-0.013088479145353686,-0.02835925657466591,-0.04692589469810658,-0.007942412390385723,-0.02751039619124361,-0.036279529600126634,-0.0451467783928866,0.05542162351803534,-0.009427923980297286,-0.024967233955294186,-0.00794827903603769,-0.018324825977943673,-0.005888125385846316,-0.04187638587650536,-0.008646392133716558,-0.023057743486723452,0.009410905562152379,-0.013702624417831127,-0.049951995325649465,-0.034299252043725664,-0.01836251375527627,-0.02444220154442258,-0.007836854657292247,-0.011937851095669475,0.003937533714251269,-0.022513754067876948,-0.02153379071220971,-0.052291171144711816,-0.024733332794826778,-0.004474820898559282,0.12346603827880986,-0.0183098304903306,0.04361966179854784,-0.031427442260233085,-0.013308722604911088,-0.017810990412382183,-0.0028803729568427517,0.019283098971933005,0.004802559414431944,-0.03388125600957872,-0.008326640488093614,0.024506920878102918,-0.02281593648387898,-0.01494199354812366,-0.01115996287195245,-0.051713107044432195,-0.017617599542067045,-0.01233977336827989,-0.016358466935285032,-0.023094777117176765
11,-0.020181837234537862,-0.019165232140999574,-0.0022122695381694133,0.686199304726461,0.11106445514528952,-0.028385705867142605,-0.005017738831356018,-0.018598200562414027,-0.014370382965321364,-0.029506734255284054,0.010282012572636862,1.0,-0.03518753684676549,-0.004436237169836872,0.03662668279228748,-0.03320524034552929,-0.04659695664415013,-0.022197687826472894,-0.013658014702991187,0.06972804315434407,-0.030291337543683704,-0.048142423271843676,-0.017324670096271998,-0.01672769142033073,0.024330363063568308,-0.02813996854507566,-0.017459449652865226,-0.020327333123147242,0.05514681168172279,0.0029748182063884104,-0.020796817496024307,-0.025387527294051422,0.0795196863237971,-0.016564500874596846,-0.04833140102033098,-0.03865314648690614,-0.006508635339437987,-0.02838719393652282,-0.008957625825658755,-0.017153814338658722,0.04923595841236709,-0.024127610442086445,-0.00683458244219209,-0.03458706140838147,-0.029512628651520476,0.07332408854334714,-0.05786769909162771,-0.015419779465674525,-0.015522555173969565,-0.03369215130183747,-0.013887712444221944,-0.01777116459244791,-0.02064042707077764,-0.02845379683326079,-0.014968830211832969,-0.04371846881127224,-0.00589326727231929,-0.01761995730411351,-0.039021659502661885,-0.013466697551487633,0.03443595122444983,-0.04594557842597287,-0.04053544985537191,-0.014028273811586733,-0.027642926564610495,-0.03411414481270913
12,-0.01912279101894134,-0.007103166468248561,-0.015560337389976512,-0.030446163665967533,-0.04677023861461952,-0.023876618006926774,-0.01776051200795163,-0.03837350023315331,-0.01322737473445903,-0.040227353269190434,-0.03694194282175537,-0.03518753684676549,1.0,0.004289309832903629,0.07500063959037677,-0.04887730561834993,-0.05028709272331566,-0.027993878273256244,-0.020521804702889196,-0.048986592794506414,-0.024740314439283033,0.07860798926562967,-0.03565695046812128,-0.020525817418053347,-0.016834469298644184,-0.01471734090324265,-0.020007360681116186,-0.020076866172602237,-0.011796180813505369,-0.039597279920076625,-0.021938377404231595,-0.02820928646823232,-0.029541573785169167,-0.015692405889674965,0.34511107025899296,0.02067253122229721,-0.010588631343237101,-0.012540624663137365,-0.008731925273523218,-0.022355398802523036,-0.03170859006358619,0.0894253424542436,-0.031967994280100054,-0.03801563733388827,-0.0199049236999604,-0.052464825546057865,-0.06221271889763837,-0.02269157048820454,-0.04602895346591031,0.019015068478386396,0.06559089382019886,-0.007223153260095635,-0.02400526146694159,-0.029896146463180253,0.06443886075103242,-0.04433976769223444,-0.01041103879720731,-0.037717380172946256,-0.03948000079988522,-0.01386298960591401,-0.032509117903006084,0.09116598114050678,-0.05981318003715461,-0.01339240427769042,-0.028102738872738554,-0.034135678811144154
13,-0.01356246770623402,-0.010695884700548008,-0.009698616362309025,-0.0025137063579064407,0.03454331999400238,-0.017061876368433086,0.006760350679956157,-0.02338449234563999,-0.009197638472161956,-0.026009826891795478,-0.001528925627928275,-0.004436237169836872,0.004289309832903629,1.0,0.03404917013472959,-0.03181631546847038,-0.03196944348208844,-0.026887115825008034,0.08952724030844872,-0.03127971215405215,-0.019650306738844645,0.05716185842971805,0.06003073307506805,-0.013327836532251117,0.07656862777971629,-0.017825969874287004,-0.012876353552026045,-0.013760458623014421,0.10897450632058261,-0.008135038158942414,-0.019614641575481026,-0.01901917961984788,0.016431209071657522,-0.01033969117004681,0.019318415359851154,-0.011545196945017785,-0.006849066614668068,-0.01766073006114332,-0.005801224906548492,-0.014701088952086525,-0.01819570870675563,-0.00016916304943061298,-0.01993709118355425,0.02754518749199183,-0.017154577215086987,0.0108532829368759,-0.04020455826232139,-0.014804494203912822,-0.03276154554492932,-0.02346148148201675,-0.008176591575021163,0.01727527000205536,-0.008544164072301571,-0.01906743805817977,-0.019310892915354157,-0.03317284634814513,0.004039705434502291,-0.023683840976000625,-0.02766715454194376,-0.011153952638864954,-0.016730209897990282,0.05103025219617874,-0.038552943423529246,-0.008906823490966512,-0.018318001250045405,-0.023099188204875012
14,-0.019347715260644188,-0.009332692916823659,0.007655059212087608,0.05147307141547135,0.012704862979552256,-0.026730215663639475,-0.017967243729998333,-0.03249022985201189,-0.004597954646800714,-0.046985908723489456,-0.014448941526266594,0.03662668279228748,0.07500063959037677,0.03404917013472959,1.0,-0.038779225851071075,-0.05934446813962722,-0.028305794487923107,-0.01404264745783328,0.09088416986568455,-0.03244839018502886,-0.028608749416295036,-0.03282834975458493,-0.018622837809158067,0.13628506029781032,-0.033226923082493136,-0.02239689111461953,-0.02272010617926934,-0.0021478538495000744,-0.004771949578484397,-0.01943755653789284,-0.035702293749285324,0.0012327934800705912,-0.019659945780911528,0.020066836703606997,-0.02946710413701608,-0.02311619920691623,-0.012712105757888099,-0.0104972871434357,-0.0162207076115058,0.059833892707893424,-0.013580399075093045,-0.00990615925016949,-0.037201916626939065,-0.031445253801278106,0.13533834927626512,-0.06881119823914869,-0.007416812922810812,-0.0051179524152173556,0.03164270017297134,-0.010685470659578816,-0.019533945862989312,-0.010248572090553104,-0.029774558637642314,0.0511450042800345,-0.051895612323677606,-0.005566468076005702,-0.023366026820857314,-0.01743321474363255,-0.018728553718826875,-0.0021364983127983303,-0.030203999918630854,-0.0698744915928488,-0.016578225754463747,-0.032404838528431706,-0.019980462197072665
15,-0.010690225790342737,-0.014358017136051827,-0.017629906359940523,-0.03726533122956452,-0.08018673237596025,-0.0301631236844253,-0.021267351322533098,-0.00185655500448578,-0.017071868210182563,-0.008681042152977408,-0.019090564724975362,-0.03320524034552929,-0.04887730561834993,-0.03181631546847038,-0.038779225851071075,1.0,-0.04637506550737991,-0.038363270445342074,-0.06764395013878717,0.03307926847937159,-0.029762059222188705,-0.08213457508610286,-0.06939193278194794,0.019032166966962537,-0.01977925508813943,-0.03299327685914754,0.26411757252492074,0.0016130963828500993,-0.015537869514608924,-0.06460975037425729,0.0010541021731099835,-0.031097487896416594,-0.046927010077121384,-0.01927461607953537,-0.06936464094419388,-0.022482566546421685,-0.02574305042460294,-0.03317029777756754,-0.009876699691608051,0.0034669629834328326,-0.02128130106412827,-0.0316203487624317,-0.029725175857668984,-0.07848656992902331,-0.03531001672949198,-0.023808325175008298,0.05920867495049552,-0.025745719235823777,0.12730430888545954,-0.04339385883510232,-0.019355877195888962,-0.02368670643112619,-0.00978143981989302,-0.028247768299056654,-0.026339814591714285,-0.06497708018358245,-0.012989673266653385,-0.011596793385338157,0.1557295185409914,-0.02179688124502773,-0.022016336028675247,-0.07077124311036527,-0.019744358494330552,-0.016105382500196323,-0.029988294716357992,-0.0013471868982656262
16,-0.023516313833701098,-0.02352863357473993,-0.0189252444225321,-0.04854877335009734,-0.10442128588546375,-0.03331467990381062,-0.022572603940755664,-0.03679212740194539,-0.01759018139798173,0.10986492934721653,-0.013088479145353686,-0.04659695664415013,-0.05028709272331566,-0.03196944348208844,-0.05934446813962722,-0.04637506550737991,1.0,-0.050855759930814814,-0.07045048205704155,-0.05864261845001706,-0.03682639956665697,-0.08676512050173774,-0.06919476533222925,-0.02365992082387397,-0.021430642061253613,-0.03382590989596691,-0.02281657244251496,-0.02497657552199175,-0.01675968116804135,-0.06745261860985534,-0.03990208653802918,-0.0357854981053641,-0.061888650928898586,-0.0197755390202728,-0.07152190195381136,-0.050581103410155315,-0.026339104671978718,-0.03175277795089618,0.03656035105117237,-0.02687130911818278,-0.03806618555855558,-0.03217236219014556,-0.03817238834171447,-0.08302180496515521,-0.035501577291173245,-0.0970042940058998,0.2664169313630067,-0.026988081899924795,-0.06720104563104534,-0.048560275695319566,-0.01970730921448507,-0.024484722098017768,-0.061799649322505784,0.09303310802962052,-0.036789377352859885,-0.06683383524593801,-0.0133363908882281,-0.03217463880340571,-0.048422571990890506,-0.022589872046566713,-0.04019288123360237,-0.07270663798050289,0.18034369803935565,-0.016667512895377146,-0.03337203107333314,-0.04242700270935898
17,-0.003139911007370012,0.10681615833199756,-0.016509053487475892,-0.03378366054049654,-0.04428416245679995,0.13990030416166452,-0.018775258901381205,-0.022410307192459265,-0.008674228868946619,-0.038657961712832464,-0.02835925657466591,-0.022197687826472894,-0.027993878273256244,-0.026887115825008034,-0.028305794487923107,-0.038363270445342074,-0.050855759930814814,1.0,-0.04769865026992043,-0.04480262971311479,0.07698379927174837,-0.055095031040551364,-0.05654186607043653,-0.012078656692994346,-0.018720111264153544,0.1559693937207297,-0.019298757727218358,-0.0035682269437752627,-0.012520739198119675,-0.04798360076656085,0.053008299642103046,0.04990785494879134,-0.03229153643568306,-0.008746764954919821,0.015362527051411109,0.07525864750708139,-0.01690905957833719,0.02160114781166398,-0.00880746621375671,-0.01154029904070657,-0.033083795933663444,-0.019643483225465268,-0.033259217934137775,-0.040147256968356235,0.021544263520607607,-0.0527353171071228,-0.05873598724689815,-0.02408021757941757,-0.00027431470258722224,0.02613426927200691,-0.01094369833529191,-0.020901058352516166,-0.028349422392616064,-0.029363695188632518,-0.009277737623498834,0.04546420558353175,-0.01100870729163644,-0.01293439622014337,-0.005345264185319467,-0.01833898692902169,-0.03299915488868591,-0.030975476713705576,-0.044636246280085855,-0.01113398258272805,0.0030644742112699106,0.06375796391841793
18,-0.02148854862517328,-0.023809706778791424,-0.008184335871097834,-0.0048749740056030924,-0.03091880352808849,-0.03972493437346383,-0.011511287521016574,-0.05025919746262633,-0.019510535833328596,-0.0567826922945279,-0.04692589469810658,-0.013658014702991187,-0.020521804702889196,0.08952724030844872,-0.01404264745783328,-0.06764395013878717,-0.07045048205704155,-0.04769865026992043,1.0,-0.033435223884124975,-0.041207968408466626,0.25374614831254017,0.07238162091570483,-0.028808444232405375,0.05201434530762469,-0.03931623394737458,-0.02815894244725809,-0.02580792106814598,-0.009338451055628052,0.12940395238312796,-0.03453236825768018,-0.040394296863795275,-0.015853232278856356,-0.021253188434258965,0.04268798948009146,-0.030995184680115483,-0.013704316816157712,-0.039256886173916025,-0.011832029502720444,-0.0320927934925294,0.011042741892395855,0.019472119319977707,0.12276006958777697,0.013370130995476365,-0.04072474950524165,0.051417431127297755,-0.08700778968626141,0.04699971059126801,-0.06797011797116245,0.02805504797327995,-0.005729639052403308,0.014065745037832634,0.17356912389218643,-0.04130258355303723,-0.02214321839974883,-0.051423477141469595,0.11358515589422025,-0.05254114947047393,-0.057668652661044206,0.011644974633025816,0.0800756793311495,0.1665960128432109,-0.0841019268302747,-0.01972737568124082,-0.03899340464266196,-0.042096674365383585
19,-0.019275758928571866,-0.023156579506687355,0.011942105074242346,0.06405348974169542,-0.0586985521091439,-0.03395091154214555,-0.019499235240196762,-0.01431442400899086,-0.01659048797043533,-0.03979051594155669,-0.007942412390385723,0.06972804315434407,-0.048986592794506414,-0.03127971215405215,0.09088416986568455,0.03307926847937159,-0.05864261845001706,-0.04480262971311479,-0.033435223884124975,1.0,-0.036670888493555265,-0.073264653985947,-0.06107886002110388,-0.00010817540251653861,-0.0019184680110446639,-0.033249789405456275,-0.013148643416960579,-0.023278581022839327,-0.01186821180223709,0.028643048104461128,-0.03425493287805645,-0.035449154651479825,-0.011093325562846888,-0.019164898081669192,-0.06909024708471778,-0.04473280798344685,-0.025295296452811287,-0.033687582299283786,-0.0104404178932767,-0.02481963084836921,0.02043504996050901,-0.031188879414739898,0.03950905893302025,-0.07717399355546349,-0.03624323458279703,0.30237957545519806,-0.06584326960998985,0.001652500454181506,0.026513250375954686,0.009369949296974116,-0.018940878177185115,-0.02367114576711281,-0.019834954583552757,-0.034344824564326165,0.04841237687163824,-0.05662788743264537,-0.008798687420009383,0.006269221678453372,0.017238412385615718,-0.011873887789915692,0.05145891575350472,-0.06892495092012652,-0.06436659431034332,-0.016521936137067896,-0.03159918479863741,-0.040696539771505974
20,-0.01342744147891136,0.00021101667148374064,-0.011860211886868347,-0.030213721298597732,-0.07057669419221699,0.04319195378163325,-0.013940266615778775,-0.028699006516694676,0.09385681013594926,-0.030039832642701395,-0.02751039619124361,-0.030291337543683704,-0.024740314439283033,-0.019650306738844645,-0.03244839018502886,-0.029762059222188705,-0.03682639956665697,0.07698379927174837,-0.041207968408466626,-0.036670888493555265,1.0,-0.048695282120463826,-0.04429813361151572,-0.015326688256927196,-0.013429707009840797,-0.0067661468939367655,-0.014857333713396611,0.021050671375716944,-0.010369222114909416,-0.03948971181386117,0.028690653630827755,-0.012108475627064894,-0.039049481989736026,-0.011410107931248647,-0.02610627017138671,-0.004873862544872832,-0.016009266525437615,0.07032178982200855,-0.006470754576161789,-0.0137705732649979,-0.02376801356898616,-0.018331779333145955,-0.023768295172263757,-0.04887697380977769,0.16869387065986335,-0.05120189058903227,-0.046410994461403204,-0.017215558547883196,-0.03282897191076596,-0.02446027298505389,-0.009528264100522994,-0.014878133566415713,-0.01576326077776498,-0.02219833481631648,-0.014406804280513517,-0.040760807492803586,-0.008362431479590504,-0.02884098126138863,-0.028075959439702983,-0.013113114172819545,-0.025007425466399818,-0.04261875693947652,-0.04451881119380263,0.004688117782746604,-0.019091098235675164,0.011154532421473264
21,-0.025829138262144023,-0.02181348032855742,-0.005793064476468969,-0.054225801774961946,-0.07540640403539664,-0.04663673420765487,-0.014353435609287566,-0.0617246960931691,-0.022649679730936314,-0.06980409869822739,-0.036279529600126634,-0.048142423271843676,0.07860798926562967,0.05716185842971805,-0.028608749416295036,-0.08213457508610286,-0.08676512050173774,-0.055095031040551364,0.25374614831254017,-0.073264653985947,-0.048695282120463826,1.0,0.10579008604163909,-0.03488881931144046,-0.027689287648090095,-0.04578112108896783,-0.0345840954575094,-0.03175805210047921,-0.019609167893430923,0.18503566363447027,0.005434680357267064,-0.05042355705991694,-0.016929003975752963,-0.02457275232708939,0.11802616162865542,0.014384315405956428,-0.023875287476623135,-0.04538817210907695,-0.014946484067071608,-0.039384060493744114,-0.037668240177274784,0.022738110136534914,0.0070682579087593235,0.07153369333830017,-0.04310690431653576,-0.00512225378536563,-0.10564470920051529,0.01273860000423095,-0.07899498164904925,0.041272111358348226,0.05148461791330075,0.09428204280383337,0.1364999338190258,-0.051352539168692576,-0.0035821482648553827,-0.06161023663817956,0.004321313689240738,-0.06364649326364795,-0.06893424299448714,-0.009200659805728031,0.01906315130424755,0.36914385662506877,-0.10214745783955538,-0.02398960421748044,-0.046222352733192584,-0.05578061283473703
22,-0.02603493628214957,-0.028110957643474516,-0.018268623909186932,-0.009637017284813717,-0.04696679803608478,-0.040530035638244116,0.1383991415950477,-0.048374893786564045,-0.02100976761246488,-0.05566379784952862,-0.0451467783928866,-0.017324670096271998,-0.03565695046812128,0.06003073307506805,-0.03282834975458493,-0.06939193278194794,-0.06919476533222925,-0.05654186607043653,0.07238162091570483,-0.06107886002110388,-0.04429813361151572,0.10579008604163909,1.0,-0.02931587968433056,0.02332265915255405,-0.040024494405947554,-0.028552895237095387,-0.029916251322810145,0.009803334659577915,0.04744987294918828,-0.05679123604216768,-0.04154038323606872,-0.03997105296791495,-0.02230704154975316,0.007169250938539009,-0.030133156255496882,-0.0013019700101047794,-0.04026397102324898,-0.012706101458382822,-0.03245085338251471,-0.020282281458740958,0.03124347854280077,-0.03624695483309714,0.054619597577447145,-0.04025975873254517,-0.02667232601767957,-0.08862514098930713,-0.026843088895006417,-0.07537528010785868,-0.024350734111828053,-0.002632010117058943,0.050216328365178586,0.005500082060652703,-0.042349894125714604,-0.036977652258553456,-0.033877498937657166,0.002924690546722933,-0.051175826958428046,-0.05734954059283588,0.022024786955398775,-0.02604296925106796,0.17097284698815693,-0.08190284757928429,-0.02017644491204812,-0.033912276049254446,-0.049894617203100664
23,0.005596441948244444,-0.00828438527035391,-0.007309340432229857,-0.01769607107291405,0.013316603047062028,-0.013638571640401031,-0.00898034621898812,0.00933790295538864,-0.007191924153950628,-0.015832240398870434,0.05542162351803534,-0.01672769142033073,-0.020525817418053347,-0.013327836532251117,-0.018622837809158067,0.019032166966962537,-0.02365992082387397,-0.012078656692994346,-0.028808444232405375,-0.00010817540251653861,-0.015326688256927196,-0.03488881931144046,-0.02931587968433056,1.0,-0.004949679716802032,-0.01386628023437455,0.01284047013206914,-0.005019808763343233,-0.006100337965666841,-0.027245415174780026,-0.006879908333002414,-0.014639672866942337,0.003214223477373573,-0.0073367047334403825,-0.029191757064868668,-0.015997346217064633,-0.010843264376585717,-0.013904494577762794,-0.004399353665611835,-0.010481460204583976,-0.01353442437106153,-0.012720994177243991,-0.013868193671679751,-0.03149157361096337,-0.01516460525416608,-0.019130389298638577,0.00721746837159867,-0.009990038510831372,0.03349511023471255,-0.017258082197788495,-0.007719126914355454,-0.009963898119490382,-0.019668206894001363,-0.007403676531695019,-0.007378089692465494,-0.026836322638217544,-0.0027794733497606,0.007679849052842689,0.1614970914976523,-0.009044407640182512,-0.009055320768294964,-0.02997478002238668,-0.01802036649595887,-0.006897412274682861,-0.011759811538420527,-0.015307806381966459
24,-0.008410663140502287,-0.008675591574116962,-0.005389868740897762,0.0173531140849311,-0.016013177780962017,-0.012470421565985108,-0.0064837544121087755,-0.013937177442966488,-0.006295672359515012,-0.017309375558505386,-0.009427923980297286,0.024330363063568308,-0.016834469298644184,0.07656862777971629,0.13628506029781032,-0.01977925508813943,-0.021430642061253613,-0.018720111264153544,0.05201434530762469,-0.0019184680110446639,-0.013429707009840797,-0.027689287648090095,0.02332265915255405,-0.004949679716802032,1.0,-0.012123624077444562,-0.008573571432769031,-0.009116006867272155,0.02867236558083838,0.03589257936270356,-0.01424449725348436,-0.012969373918722871,0.006849318127516618,-0.006998518979008448,-0.014110863330045591,-0.018184398338719467,-0.008804200738082222,-0.012276076993717817,-0.003858297757865623,-0.009782719345651916,0.011093704092601629,-0.011172431025785329,-0.005084777640026677,-0.010684187355204376,-0.013265824423805798,0.08736997224537082,-0.02598720358982064,-0.009712222406027517,0.0032132032071894683,-0.0181237865376389,-0.007156264209868195,-0.007522355718704019,-0.013973499451920243,-0.012348844691298806,-0.013713958577943457,-0.024767206493201747,-0.00344316410956021,-0.016755280801101974,-0.015957578115743457,-0.007975972588323008,-0.010709250625913273,-0.004447481258754077,-0.025604146448333392,-0.006035243795897883,-0.012292292672675894,-0.015664171303550634
25,-0.010830246507433482,-0.00998656131320394,-0.010732692851176494,-0.028678354020809316,-0.0538505430014746,-0.0180900431939354,-0.012672652228349273,-0.02578934714710882,-0.009686862778312098,-0.027028170919305542,-0.024967233955294186,-0.02813996854507566,-0.01471734090324265,-0.017825969874287004,-0.033226923082493136,-0.03299327685914754,-0.03382590989596691,0.1559693937207297,-0.03931623394737458,-0.033249789405456275,-0.0067661468939367655,-0.04578112108896783,-0.040024494405947554,-0.01386628023437455,-0.012123624077444562,1.0,-0.013454064796243113,-0.014693194836810745,-0.008751155316654368,-0.03779781498841294,-0.02402918223200396,0.00955989427813614,-0.03118121367700366,-0.00954224486775969,0.014197698557837483,0.02537475512126709,-0.0038133387623493177,0.013057576997426067,-0.006042985724283064,-0.015239259735353823,-0.021535038538867908,0.03375333861375612,-0.0215560849665235,-0.03882850752416803,-0.010648402325843395,-0.057391116438904745,-0.04186869303607023,-0.015543533360374532,-0.03649410029502871,-0.029225240875528483,-0.011030096224883736,-0.013471505405935105,-0.0356760426833558,-0.020038270704132874,0.002976385862735615,0.16010402672947854,-0.007613436557829105,-0.022304958279154498,-0.029042253388210384,-0.01206756040135858,-0.022828386591751043,-0.040431993335681676,-0.04004471719220845,-0.009157423807609887,-0.018625962027246132,-0.02347063478094296
26,-0.010117110581053544,-0.009218042695189155,-0.007083553530697397,-0.017834501364745476,-0.031209497197950044,-0.013748363416537021,-0.008869907132054738,0.007792446071482538,-0.007015497837342583,-0.009809205404593492,-0.00794827903603769,-0.017459449652865226,-0.020007360681116186,-0.012876353552026045,-0.02239689111461953,0.26411757252492074,-0.02281657244251496,-0.019298757727218358,-0.02815894244725809,-0.013148643416960579,-0.014857333713396611,-0.0345840954575094,-0.028552895237095387,0.01284047013206914,-0.008573571432769031,-0.013454064796243113,1.0,-0.01030190097393382,-0.006587016520678021,-0.026842694590161385,-0.007718048543617018,-0.014231075064213686,-0.013823087130970298,-0.007874324943701504,-0.028339537791100593,-0.017534530616580758,-0.010425898824354962,-0.013639170326139479,-0.004286105358185332,-0.010285859918001735,-0.007922845036302441,-0.012805869289458796,-0.01443948338360198,-0.03374943557351672,-0.01478075148742292,-0.026800181426692063,0.02426747928299368,-0.01088413469539119,0.03217770464860342,-0.019871801835292677,-0.007829331820990037,-0.009706303595741955,-0.012656085862229481,-0.009205147507585311,-0.013088130117766477,-0.02657563360081963,-0.00536090500636102,0.05619888558022514,-0.015533772273796173,-0.008590525041236759,-0.01119575724946294,-0.029015740476077172,0.0010709612613466557,-0.006734439264089305,-0.013214509841361721,-0.017128937306387378
27,0.02312202716635989,-0.0020061416589240186,-0.007985009013484956,-0.02120154992910313,-0.044983924830385526,-0.012087443525091477,-0.008849150781353692,-0.01942787442591419,-0.005987729379284448,-0.020268877597177073,-0.018324825977943673,-0.020327333123147242,-0.020076866172602237,-0.013760458623014421,-0.02272010617926934,0.0016130963828500993,-0.02497657552199175,-0.0035682269437752627,-0.02580792106814598,-0.023278581022839327,0.021050671375716944,-0.03175805210047921,-0.029916251322810145,-0.005019808763343233,-0.009116006867272155,-0.014693194836810745,-0.01030190097393382,1.0,-0.007074964364939405,-0.02461756100640939,0.035469637217123595,-0.005643461861686905,-0.02277567660917177,-0.004936994383850464,-0.028732712070436015,-0.009169958847694256,-0.011297993097646977,-0.013737140306780145,0.01326649840983738,-0.0012803845824845166,-0.016567697538126626,-0.013897082533795674,-0.016174196696287224,-0.015065410501213123,-0.002226081586247307,4.298992544660195e-05,-0.021590736860808007,-0.011642388884442575,0.0043142190574624205,-0.0040180905841513985,-0.00546283124003289,-0.01041161780530608,-0.014984136720885555,-0.015284781129193799,-0.010238640864007005,-0.02746285200086298,-0.005659271940625728,-0.019221642296787765,0.08596597134380865,-0.009321599241114198,-0.017305401387587696,-0.027164016942677734,-0.027699388716068134,-0.005566585811883902,-0.01234927810563952,0.202678801550563
