,0,1,2,3,4,5,6,7,8,9,10,11,12,13,14,15,16,17,18,19,20,21,22,23,24,25,26,27,28,29,30,31,32,33,34,35,36,37,38,39,40,41,42,43,44,45,46,47,48,49,50,51,52,53,54,55,56,57,58,59,60,61,62,63,64,65,66,67
0,1.0,0.009376403246792108,-0.007645445239977672,-0.020876720239873164,-0.002882423913639346,-0.008300692364014945,-0.009373902216107812,-0.013626211071282444,-0.006807171178199439,-0.01816803836227587,-0.017134775804252912,-0.02018269854995601,-0.01904221758823908,-0.02093178531682486,-0.01946540340588703,-0.010490218239652911,-0.023327371661422687,0.0033495693011818366,-0.021297331102246384,-0.01926103604140371,-0.013349435504500845,-0.02557100218281961,-0.025790287157009567,0.005345046151977983,-0.00821373615680639,-0.01069361341936077,-0.010035710193438685,0.022358497683672745,-0.007064574074140931,-0.02812214509328164,-0.009014655648702906,0.07484578250034886,-0.013769444221617844,0.04762273334260262,-0.002518512879408209,-0.017536641627813238,-0.009501667259019459,-0.007024387994585433,-0.0036920764285651286,-0.010090625467751578,-0.016216279003515927,-0.012324537697150872,-0.01506235661703163,-0.006241851061586971,0.010885568292211692,-0.036496574947072646,-0.018385427473314224,-0.011272965311406806,-0.018907254897199455,-0.01961450850476857,-0.008026928377459872,-0.009937251887294447,-0.024924904554158932,-0.015368958175789283,-0.01521152587587307,-0.006975424949851794,-0.00528852723376712,-0.03419273550382087,0.05279678492759082,-0.009321767975949002,-0.01736040881175542,-0.011635313625391556,-0.01827843672334556,-0.00672730146451842,0.035358661903080055,-0.0044756775802983345,-0.030244150271004005,0.018855748035628894
1,0.009376403246792108,1.0,-0.010765349497454621,-0.030434793300048647,0.17788727923368494,0.13118929388019845,-0.01369874996783935,-0.027558168009829197,0.022134430826164155,-0.029077717617393264,-0.025947881053576895,-0.030199194968377908,-0.02615704463563142,-0.0319050011097882,-0.03285930014849924,-0.03383105922799036,-0.03499607188382768,0.11605990441898627,-0.04207709236942242,-0.03536617613537723,0.08145184457380097,-0.05062064722249536,-0.04334660135104132,-0.014582119923295635,-0.012954504212279231,-0.018918620427771676,-0.014512152096892064,-0.013557813749506355,-0.009803127337703714,-0.040570836152139717,0.09208686261789342,-0.017315831745125663,-0.03601494697875278,-0.007611678596291185,0.07511387804749753,-0.027505766662955594,-0.01577185034273577,0.16106786329704406,-0.0060865201212327805,0.000581242002748567,-0.02314896871725394,-0.018752399402589805,-0.02319042098987337,-0.04809187005826051,0.40092570070126954,-0.05967459225195035,-0.04402359670265742,-0.016441886631992773,-0.03517431241837405,-0.029290900808428146,-0.01197376128988769,-0.014490622896943696,-0.029980497542258268,-0.021547294094895652,-0.014423330737965936,-0.029569574325324404,-0.008016572026666823,-0.0706084577809816,-0.028453747672781936,-0.013674965948126746,-0.024712977035403278,-0.016112756535822906,-0.04249717266849369,0.09570482363393981,-0.014893369421127884,-0.01073831597188382,-0.041203691674689985,-0.005571711129912754
2,-0.007645445239977672,-0.010765349497454621,1.0,-0.0020543935225009135,-0.015238679641148077,-0.011077903708826654,-0.006320949089340005,-0.012928589120400626,-0.004479431779468197,-0.01417066871727668,-0.011284967218136726,5.932919830217058e-05,-0.014300464420896903,-0.016147380897364286,0.008706313324014909,-0.016237518530874982,-0.017658938819951037,-0.00676306493630503,-0.010346003195536017,0.01082704726316954,-0.01098645540733429,-0.0044915464862334735,-0.016551067384811383,-0.006623912498907979,-0.005681783010355293,-0.009977781911545375,-0.0063911537598621004,-0.007383683372692074,-0.004629824704184942,0.09645509880253911,0.010249143025162145,-0.010630668415998256,-0.013224783187365733,-0.0058875692554085715,-0.020865959252301884,-0.01315010985898248,-0.007786390040300886,-0.010103216581551947,-0.003149342257395184,-0.008034294717423816,-0.007014589244864429,-0.009536714574270553,0.05431350097849423,-0.024517927069461445,-0.008258657879142536,0.04161776919498169,-0.021305607097919666,0.526399786053997,-0.017452379496009553,0.027408082940135605,-0.0042999876866730135,-0.0066468913123844744,-0.0009432156352580413,-0.010504540695762968,-0.005615877630053351,-0.019982593161698287,0.0011917680459508184,-0.03610667096281406,-0.014179540811386586,-0.006737423269146475,0.14346443782286988,-0.007184526881596303,-0.02084739796848881,-0.005050943624076087,-0.009994065645233943,-0.012653532835255214,-0.017446712092617465,-0.013074174569403251
3,-0.020876720239873164,-0.030434793300048647,-0.0020543935225009135,1.0,-0.03357662257581716,-0.030099198040091257,-0.012145014471308651,-0.01669877639342924,-0.013715380025141288,-0.019529625143821096,-6.700921931952764e-05,0.6916812347981277,-0.0309699670877593,0.04571213351849787,0.05150543009060738,-0.03715494367499551,-0.04851750555535227,-0.01831760825846677,-0.0055450622775804845,0.06422365488021345,-0.030010592493448243,-0.05455358968627591,-0.00982436807543487,-0.01764695268294151,0.016946283931740507,-0.028664045802792363,-0.017809485188441044,-0.02103845970836474,-0.002350492708463358,-0.013625626536679923,-0.021673892472669168,-0.029562813552252792,0.03739173833438997,-0.01678849548907181,-0.04851304133948469,-0.021569914197541565,-0.0009630579804875625,-0.02881856072521257,-0.009115684209414122,-0.006232066525455529,0.05541023957410191,-0.024505400641004656,-0.0031361699862297206,-0.04662877334715017,-0.02257645691130975,0.06292458249746614,-0.05497661233725864,-0.017417395714487974,-0.0054717939426047885,-0.034320342921801195,-0.015309952871764643,-0.018784026674250828,-0.01678789168799717,-0.027037476006387322,-0.015187926802059385,-0.014713915723302206,-0.006955482851344331,0.031038539322933593,-0.03970269956019721,-0.014247032012480738,0.032926304154079086,-0.010184952690405575,-0.01543788194654485,-0.01440909050683614,-0.027946073566837593,-0.03434810688940713,-0.05093053422425929,-0.040208370946062444
4,-0.002882423913639346,0.17788727923368494,-0.015238679641148077,-0.03357662257581716,1.0,0.020135849648825963,-0.018568535484070108,-0.022268679621917524,-0.010739049294516138,-0.03858027998118371,-0.028064536267182714,-0.022236819603834626,-0.027759882813648405,-0.04215755254436221,-0.028045508424475795,-0.03820318507931539,-0.0507957049623922,0.11243368114002991,-0.04754477203741902,-0.0447116088048769,0.07602077874221752,-0.054909640248254635,-0.05637566071406039,-0.011972996044322105,-0.018496536991417886,0.1573808952259419,-0.019264287085630195,-0.0034619630475848087,-0.012454294701689208,-0.04760821618376655,0.05222993014342957,0.050348843131577684,-0.032076117997573206,-0.008313647010454405,0.01498674832923968,-0.012541695446081889,-0.016824273844519004,0.01946376027698235,-0.008797643020407017,-0.011637888119496875,-0.03302683625620491,-0.019476824263711327,-0.03322236046523922,-0.03630421239885711,0.031108049408472026,-0.05235228394372392,-0.058618197456394745,-0.023938791323517002,1.7428760584019915e-05,0.026438792700697294,-0.010899607592561264,-0.02086774618685294,-0.028467136842577515,-0.029330617096346944,-0.008963322121827313,0.046774499351392454,-0.010872429977210493,-0.03852703429247475,-0.004969494474562481,-0.018277279708367532,-0.03298839680616993,-0.022205212584541074,-0.04448911842841108,-0.0074485987647831785,0.0034545004656267348,0.06385679068705521,-0.03084754112582337,0.07570259831125054
5,-0.008300692364014945,0.13118929388019845,-0.011077903708826654,-0.030099198040091257,0.020135849648825963,1.0,-0.011899532068104495,-0.028452476896465132,-0.0011825097484133708,-0.02851636801524664,-0.024522582983450725,-0.02956420482691026,-0.019788822831047763,-0.03182110735788251,-0.03141778358082351,-0.035289700463218665,-0.035480135238457854,0.08277385959910552,-0.040656560193400595,-0.036207138537385365,0.16727164439890524,-0.043039172920802414,-0.04015084114782848,-0.015144066511369934,-0.013099611815557471,-0.010625263628425655,-0.014765863782594538,-0.002498120624993369,-0.010025365759325977,-0.03880079959637986,-0.0003451690805312351,-0.014551609623338856,-0.031997267532924124,-0.00046041770670246594,-0.011867885563609808,-0.025623732671388892,-0.011827749929633799,0.10593732791411486,-0.006181859207685422,-0.012082337651608533,-0.02330644130675926,-0.017381542212197055,-0.023171602995298225,-0.004120951836562475,0.09837945817943662,-0.05841066176813965,-0.04586661005986824,-0.016849607156958876,-0.03823631308670228,-0.027993997624721673,-0.0063994157745604,-0.010648408066744067,-0.03347460632882253,-0.02209176355077693,-0.013745400501692775,0.007707205617785803,-0.007881367032228638,-0.06029725125200709,-0.026898732841902907,-0.012056384159403738,-0.02397153542335564,-0.014460185391520781,-0.03974636958615861,-0.0019658196872453845,0.021555071988587117,0.05270262159852385,-0.03379014149232592,-0.00012972164641564688
6,-0.009373902216107812,-0.01369874996783935,-0.006320949089340005,-0.012145014471308651,-0.018568535484070108,-0.011899532068104495,1.0,-0.014159519887139961,-0.006493860569868495,-0.017203966041878793,-0.014548645190130891,-0.005386727833376018,-0.01815763540213533,0.019520755892156707,-0.018127811164111652,-0.021108553195680918,-0.02256219585739513,-0.00794760403430251,-0.012032346093025378,-0.019399086549715776,-0.013858327337074027,-0.014756877454175518,0.1380950517975289,-0.008867541506976799,-0.006540563064751295,-0.012660353318853255,-0.00883042713084561,-0.008822880729482497,-0.0049819693845101955,0.002331053995103702,-0.017645928994393937,-0.01305686987956998,-0.013083425071810564,-0.007323872581387144,-0.006643162276174272,-0.015239272056292585,0.0023901137449999837,-0.012672837543907255,-0.0040474141229667766,-0.003199319169451708,-0.011800370919001199,-0.011338628729876014,-0.0128652111211887,0.026506067934566963,-0.010388909630050208,-0.02110471850746877,-0.02750588898409992,-0.010092960077840833,-0.023441062122152218,-0.015542694127703913,-0.004559016658393221,0.011596402876601089,-0.004658630232580596,-0.01354729456573434,-0.010941773931332655,0.011291239481198968,0.004048365450980878,0.012975151302325575,-0.017394797806916225,0.041838948668961914,-0.012325351064414394,0.0040784919129920015,-0.023661388944070084,-0.006357411169222782,-0.012111924631758975,-0.013811536487404972,0.004980009276893957,-0.01730964943610752
7,-0.013626211071282444,-0.027558168009829197,-0.012928589120400626,-0.01669877639342924,-0.022268679621917524,-0.028452476896465132,-0.014159519887139961,1.0,-0.013195245528099236,0.03454664966033318,0.041593956671759434,-0.01868717944090617,-0.03820931313787125,-0.03453014023321218,-0.032490432073398266,-0.001857978294275902,-0.036788883029329936,-0.017213875847453104,-0.050266126377224024,-0.014317311338071377,-0.02852919002750172,-0.061718361582699714,-0.04831737793831631,0.009330255398681125,-0.013804396747346856,-0.02577902384403615,0.007751301508292898,-0.01942496381467094,-0.010328067921827172,-0.04789113299806294,-0.027669024996929366,-0.026662271674346535,-0.004489738552178565,-0.014928882765881219,-0.0530552987738448,0.2628088228326933,-0.020007565947966842,-0.02557477646432383,-0.008209819049161791,0.011440015734657177,-0.019802968552026484,-0.0235499898496363,-0.027201882137941582,-0.05701379496593086,-0.021264826068023525,-0.04973407877844596,0.1288966743983478,-0.02024203014454962,0.10937582882548812,-0.03583951178330031,-0.01373224948460602,-0.018243145549829,-0.033062205192260434,-0.010243682320135322,0.029199039846366293,-0.028804649549217458,-0.005874982987676582,0.057683317363186735,-0.030269403878127907,0.0654882102115394,-0.02313228569697917,-0.01979417439568266,0.09019629658283843,-0.012880343616163878,-0.023639813774888958,-0.03276684072807691,-0.055343799325154416,-0.03440665949667425
8,-0.006807171178199439,0.022134430826164155,-0.004479431779468197,-0.013715380025141288,-0.010739049294516138,-0.0011825097484133708,-0.006493860569868495,-0.013195245528099236,1.0,-0.013799150875005411,-0.012504518310493273,-0.014004056278892212,-0.012831364001935915,-0.016069940100354545,-0.004118645331142445,-0.016623929080480424,-0.01718680651047809,0.002823574419191822,-0.018981051709821707,-0.016175101403382,0.09257403381073288,-0.021944102700783764,-0.020465456178587096,-0.007006909441201041,-0.006067723623290677,-0.009356414579588274,-0.00684190004206215,-0.0058542480974091695,-0.004700169280080364,-0.017463213038323343,0.023618916321184076,-0.007775408740916379,-0.017095141838891433,-0.005431656827141758,-0.009451804711144735,-0.01306401452123097,-0.007605498660455925,-0.007549552510657797,-0.00303044828169524,-0.006347866315708233,-0.010903839462755714,-0.008994905205128438,-0.010322829306925884,-0.02314662012117171,-0.00642264259332815,-0.023436879103676957,-0.021257809222535673,-0.005898736678673114,-0.014003562875063623,0.0028186572265163556,-0.005196024798163751,-0.006864034839401395,0.0009252874376376391,-0.010209390858724575,-0.0069529254232865165,-0.01964720409876852,-0.0037162273399521687,-0.033766594270109355,-0.01404733146046074,-0.006493827111803265,-0.01135835313418309,-0.007636404970857626,-0.02030106497509767,-0.004548836199785206,-0.009241710478473969,-0.008434145922887801,-0.02003888290476605,-0.011679221085590158
9,-0.01816803836227587,-0.029077717617393264,-0.01417066871727668,-0.019529625143821096,-0.03858027998118371,-0.02851636801524664,-0.017203966041878793,0.03454664966033318,-0.013799150875005411,1.0,0.0035720604475195433,-0.02944523829088782,-0.04014352005489666,-0.04567422854324684,-0.04697514532288286,-0.008638234942492553,0.10981168489810003,-0.01829525538438157,-0.05676972897235298,-0.039731034583625674,-0.029841632735273155,-0.06975501729477984,-0.05558116710154942,-0.01586007816465006,-0.017104025321546368,-0.027009282831402956,-0.009841565719110101,-0.02022347925095397,-0.013085178981097689,-0.054125173456503195,-0.03643995861364652,-0.013795961649600324,-0.04552190477750352,-0.01581426697756973,-0.0564581993868312,0.08863621325927959,-0.021069479854797894,-0.026972879154254142,-0.006916083405490409,0.06481867233513348,-0.030442761732737533,-0.025896314841641677,-0.030351366103666195,-0.0630110322603551,-0.02185904147827837,-0.0768993484710977,0.06589712987604472,-0.022061989346503184,-0.033219720973760386,-0.039435587848839965,-0.01565007386596365,-0.019474490670430437,-0.04350841078786488,0.06133406573006389,-0.031208577437681895,-0.048214486649284294,-0.01067362175157887,-0.05351332049514722,-0.031558383586373785,-0.017290809896684613,-0.03206782788814526,-0.02215675643913307,0.6727786849632832,-0.01353874468633775,-0.020770426470877207,-0.029509158282521285,-0.05794658777710469,-0.039186383333226535
10,-0.017134775804252912,-0.025947881053576895,-0.011284967218136726,-6.700921931952764e-05,-0.028064536267182714,-0.024522582983450725,-0.014548645190130891,0.041593956671759434,-0.012504518310493273,0.0035720604475195433,1.0,0.009020423911766495,-0.03649397292293652,-0.027530140967217946,-0.01435729692360134,-0.019037239336762202,-0.01291264188866343,-0.01635992180808926,-0.04635642883692562,-0.007894815782491914,-0.027128741222085136,-0.035707532911951056,-0.044608338503238906,0.05523922945760339,-0.008907125029698705,-0.024738767707018737,-0.007905545573958235,-0.018249665035412525,-0.0053876658525830855,-0.04123396120569138,-0.008420726159714197,-0.02299452672246654,0.008455239977569438,-0.013503443916760383,-0.04932404537579879,0.02276562108072858,-0.018196973349333467,-0.024129999595802944,-0.007765013989713955,-0.012060931763887426,0.003790526067247864,-0.02221758520564432,-0.02140778722506947,-0.049455320675678836,-0.020003569450575017,-0.003970503219790275,0.12377451544120238,-0.01821970677893353,0.04340920232305496,-0.03076208776222239,-0.013120310693058336,-0.017617850532232606,-0.001546698813318591,0.019494060952569763,0.004269985969619345,-0.03366880659195812,-0.008222337990317857,0.1053701388223878,-0.022678429924287764,-0.014913664857562143,-0.01097107367185195,0.002733614266933665,-0.01792673232941879,-0.01225668248880267,-0.016351555398763058,-0.022983381507007367,-0.05123154548261178,-0.03418893474646341
11,-0.02018269854995601,-0.030199194968377908,5.932919830217058e-05,0.6916812347981277,-0.022236819603834626,-0.02956420482691026,-0.005386727833376018,-0.01868717944090617,-0.014004056278892212,-0.02944523829088782,0.009020423911766495,1.0,-0.03532114941874552,0.03645005806609824,0.0368725199704473,-0.03327572798554443,-0.04668355983077168,-0.018181843332407743,-0.013709677249284381,0.06984597649195831,-0.030154432035074757,-0.04827754697905752,-0.01729812681853966,-0.01682561497757799,0.024118570897713017,-0.02818498749118239,-0.017493175034796336,-0.020294671015765472,0.05463421976535899,0.002718313348615807,-0.020820152353155083,-0.025502759902068295,0.0786382252674446,-0.016523282540644866,-0.04835733163700788,-0.018327215000017757,-0.006447139072547594,-0.02833142090581449,-0.008968871689861265,-0.0170872108847994,0.0494018273986975,-0.024105532455179324,-0.006841378004610166,-0.03837613327965104,-0.02185919464010698,0.07358504090600781,-0.057976446240512874,-0.014856618023047734,-0.015578850491824751,-0.03409450790581943,-0.014077456629382992,-0.017811768392911712,-0.02069202148502649,-0.028476531838566795,-0.015109987157262063,-0.043740326770882104,-0.006246206467881953,0.10824128657553189,-0.03904591015119936,-0.013554903390284444,0.034636821916279904,-0.009301318246721353,-0.040457445421327565,-0.014134542840918946,-0.02772718541238186,-0.03411477935119786,-0.04609193558689735,-0.03874803991566127
12,-0.01904221758823908,-0.02615704463563142,-0.014300464420896903,-0.0309699670877593,-0.027759882813648405,-0.019788822831047763,-0.01815763540213533,-0.03820931313787125,-0.012831364001935915,-0.04014352005489666,-0.03649397292293652,-0.03532114941874552,1.0,0.05279670511843891,0.07450153631115403,-0.04876728935049461,-0.050206724505034946,-0.00626027573859878,-0.02109297559348959,-0.048882298824752694,-0.024492496857089287,0.07848878530345021,-0.035817341539650875,-0.020466032607533147,-0.017354323219285532,-0.01470985232354375,-0.019983434546491208,-0.019978719319714344,-0.01185925869417963,-0.039697325177226274,-0.02189789998760753,-0.028119790033642386,-0.02833381513606603,-0.015646507125025716,0.34653762946365974,-0.03685717348877773,-0.010553114619824345,-0.012197878410247344,-0.008718593423624589,-0.022300399144188132,-0.03168958661077209,0.08878301558569918,-0.031934634322253797,-0.038457785918912836,-0.016177978556785606,-0.05265208148845149,-0.06211080710464896,-0.022562235316986343,-0.04586876281205941,0.019522060519757543,0.06600959543400749,-0.0072737734777907955,-0.024000175278219522,-0.029856884466625867,0.06488747107728285,-0.0438841774251362,-0.01045180032082671,-0.05706648027649945,-0.039210174766469506,-0.013677209317949988,-0.03252179597501259,-0.00422456650590245,-0.05968143960922479,-0.01360825670742248,-0.028001562392055368,-0.03402944357304309,0.09097390527383475,0.020781591102452826
13,-0.02093178531682486,-0.0319050011097882,-0.016147380897364286,0.04571213351849787,-0.04215755254436221,-0.03182110735788251,0.019520755892156707,-0.03453014023321218,-0.016069940100354545,-0.04567422854324684,-0.027530140967217946,0.03645005806609824,0.05279670511843891,1.0,0.05585123107448274,-0.05441225570055732,-0.057136768392675896,-0.016112178286938214,0.11365862268862173,-0.04989249822719466,-0.03308637297229071,0.05147220245511405,0.05085262163000294,-0.02122137356951022,0.04808195040790259,-0.0210775076967719,-0.022367570957869058,-0.023351326835406118,0.02568415892393975,0.046489618314598836,-0.033343748205440726,-0.03027307684657303,-0.003240925803130539,-0.01341622165200305,0.06175104496283983,-0.04010813698560449,-0.0019464080004591433,-0.027136796201485257,-0.010109571288425693,-0.02540885186223881,-0.026024609168366665,0.018085017998324814,-0.03093891975949854,0.07932348088544156,-0.024334728172817156,0.04604039141940805,-0.06953285507364144,-0.02256477822415117,-0.04645757013092538,-0.03493242831835097,-0.014118269674833619,0.009477182475524995,0.001898726003754932,-0.03388762678770274,-0.028598706754356697,-0.030701285832552487,0.007614811416926599,0.06518382049988035,-0.04634084445485491,-0.012334527075937634,-0.02333125715804373,0.07669514406672463,-0.06739854513741124,-0.015294258749485649,-0.029860533843948246,-0.03448612895675393,0.03423689699276128,-0.028647928426116923
14,-0.01946540340588703,-0.03285930014849924,0.008706313324014909,0.05150543009060738,-0.028045508424475795,-0.03141778358082351,-0.018127811164111652,-0.032490432073398266,-0.004118645331142445,-0.04697514532288286,-0.01435729692360134,0.0368725199704473,0.07450153631115403,0.05585123107448274,1.0,-0.038705235631248516,-0.05934990080385285,-0.009305089580326206,-0.014268762928226687,0.09125509865608422,-0.03227187673558556,-0.028725526316793246,-0.03294315000268819,-0.018616305864469697,0.1359260141528423,-0.033230986018218195,-0.02239106912363943,-0.022655980374313704,-0.002633979612959041,-0.005161567733559108,-0.0194512012808897,-0.03569893378985642,0.001364861561589408,-0.01959520716933443,0.01995321225570159,-0.02355859012266797,-0.023140932039631135,-0.012520944961750265,-0.010491958986248745,-0.01620233265524775,0.06003503515435826,-0.013935570753790264,-0.009835096475677624,-0.04027190464482794,-0.012912367964827854,0.135466133842476,-0.06881223588219104,-0.005885622962380881,-0.005054530361898645,0.03204447375878348,-0.010625281500566092,-0.019582022305311152,-0.01036179019032892,-0.029779017072850293,0.05142283868847287,-0.05203780281554969,-0.005028605035129571,0.006978129028237265,-0.017253983803225216,-0.01874824462519636,-0.0021442200995116165,0.02485210562741847,-0.06988715921252757,-0.01707705679450927,-0.032388471146770716,-0.019907936753721836,-0.030314702591049125,-0.029502608111910057
15,-0.010490218239652911,-0.03383105922799036,-0.016237518530874982,-0.03715494367499551,-0.03820318507931539,-0.035289700463218665,-0.021108553195680918,-0.001857978294275902,-0.016623929080480424,-0.008638234942492553,-0.019037239336762202,-0.03327572798554443,-0.04876728935049461,-0.05441225570055732,-0.038705235631248516,1.0,-0.04632794915541696,-0.013761355807289821,-0.06760682145971542,0.033073612925402784,-0.02954985839927684,-0.08209561347964273,-0.06931859681285377,0.01906768536017951,-0.01953421286636433,-0.03295889436960646,0.2641627439231432,0.0016237346103632226,-0.015441654411228606,-0.06435971237833965,0.0010523181201855954,-0.03108555400049776,-0.04688073799199993,-0.019273221916711235,-0.06929824928403577,-0.011147520475333515,-0.025707808261789568,-0.03306184007308192,-0.009867620602917303,0.003451656834831905,-0.021268273533842395,-0.03154188765291515,-0.02974446468120683,-0.07579716035117483,-0.01964379517824346,-0.023486994788936753,0.05924865142648294,-0.025661904381526615,0.12727666690084102,-0.043133986951734725,-0.019289756010036112,-0.023659235189230614,-0.009906750206395275,-0.028235198741507848,-0.026229384500812806,-0.06485253576710492,-0.012862295565157129,-0.07307726241560185,0.15539534347101083,-0.021805094726425486,-0.022081464771796847,-0.02701542517669775,-0.01970815534664415,-0.016225403877547333,-0.02993130598274764,-0.001298304566262612,-0.07070574760779993,-0.02242667064420211
16,-0.023327371661422687,-0.03499607188382768,-0.017658938819951037,-0.04851750555535227,-0.0507957049623922,-0.035480135238457854,-0.02256219585739513,-0.036788883029329936,-0.01718680651047809,0.10981168489810003,-0.01291264188866343,-0.04668355983077168,-0.050206724505034946,-0.057136768392675896,-0.05934990080385285,-0.04632794915541696,1.0,-0.02235835255809121,-0.07046556207985516,-0.05864077836661606,-0.03660763003524168,-0.08677267660137662,-0.06914432137998447,-0.02364862519100111,-0.021166603292687578,-0.03382051224817911,-0.02281787678653642,-0.024911434335647544,-0.016597435335116296,-0.06720982080075258,-0.03990764707542746,-0.03577159166184444,-0.061753026127801744,-0.019693742674973057,-0.07146557607311388,-0.03158147218713596,-0.02631740430558291,-0.03165141026643299,0.036562109767019,-0.026828196722441154,-0.03803544001535412,-0.03211596536825908,-0.038182803721967966,-0.08039931131706596,-0.026235882583543514,-0.09705724234621045,0.26642725116488486,-0.026880631598915235,-0.06713918618788246,-0.048173302926500024,-0.019646345232932193,-0.024456354528508435,-0.06181985278800556,0.09302996478938436,-0.036632938116973546,-0.06663433739067626,-0.013218806641897316,-0.0992527896859619,-0.048270409195244494,-0.022623702035306448,-0.04025133669846901,-0.02733538646317937,0.18038518691742672,-0.016752161080315332,-0.03332451463366154,-0.04232762055131779,-0.0726951959740397,-0.050529544972171304
17,0.0033495693011818366,0.11605990441898627,-0.00676306493630503,-0.01831760825846677,0.11243368114002991,0.08277385959910552,-0.00794760403430251,-0.017213875847453104,0.002823574419191822,-0.01829525538438157,-0.01635992180808926,-0.018181843332407743,-0.00626027573859878,-0.016112178286938214,-0.009305089580326206,-0.013761355807289821,-0.02235835255809121,1.0,-0.022052714705672938,-0.021737056164967815,0.0038826286087593302,-0.01999540719888398,-0.02651501630170822,-0.007862832872856582,-0.008148570134596264,-0.009474718783220426,-0.008719104617390975,-0.0018611789950972158,-0.005656153403419321,-0.022225736712353367,0.0693261777449655,-0.006901829506507655,-0.01835630827532293,-0.0056411924009998945,0.04508429249947458,-0.016293143643166433,-0.009329596503466504,0.0002980590519133686,-0.0025933715398204476,-0.0060845246687091775,-0.014509082012805239,-0.01071535677606502,-0.014650519482189175,-0.02314766471849477,0.14302356647843764,-0.012832815203585327,-0.02474565085279308,-0.01053254551891054,-0.012129937208159303,-0.006568885643528965,-0.0059006497778016104,-0.009025608955168813,-0.011199909862119783,-0.013668217149543275,-0.002906366261428388,-0.020907465771079395,-0.0050204559170048575,-0.030874504993973397,-0.013317672069432998,-0.008105496202244808,-0.015201882908065869,-0.00907874216847731,-0.0256347785528256,-0.003967516440646902,-0.0072449357437116835,0.0569613038196817,-0.019803896524765933,-0.0004824962431263834
18,-0.021297331102246384,-0.04207709236942242,-0.010346003195536017,-0.0055450622775804845,-0.04754477203741902,-0.040656560193400595,-0.012032346093025378,-0.050266126377224024,-0.018981051709821707,-0.05676972897235298,-0.04635642883692562,-0.013709677249284381,-0.02109297559348959,0.11365862268862173,-0.014268762928226687,-0.06760682145971542,-0.07046556207985516,-0.022052714705672938,1.0,-0.03313860567555652,-0.0409788912234489,0.2539320511262806,0.07149571753498773,-0.02878236472229407,0.05137608437636791,-0.03935660504980901,-0.02818470350511487,-0.025640424069659735,-0.010061768874335698,0.12999601784107132,-0.03444622564097001,-0.04038547638988205,-0.015274662949292543,-0.02117454930721413,0.04195969432256039,-0.051749709377829946,-0.013830876225718849,-0.0391136951823175,-0.011829635422126537,-0.03205707120668326,0.011417760445674458,0.019078457873989887,0.12426099327326592,-0.00044926264168703486,-0.030899781381062287,0.05207287730984367,-0.0870418045844703,0.04191285510538846,-0.06776209279683804,0.029560304905392555,-0.003996844998858878,0.01419091304994189,0.17569863591549761,-0.04131402705740342,-0.021914331331569788,-0.05127826374833783,0.11603730147877556,-0.049114880305063585,-0.05750320693324003,0.011613479006894604,0.08113851264527094,0.08073290543000411,-0.08412024946123084,-0.019847371493888516,-0.03891843626701161,-0.041976024538685784,0.1667249061689456,-0.03099943805498953
19,-0.01926103604140371,-0.03536617613537723,0.01082704726316954,0.06422365488021345,-0.0447116088048769,-0.036207138537385365,-0.019399086549715776,-0.014317311338071377,-0.016175101403382,-0.039731034583625674,-0.007894815782491914,0.06984597649195831,-0.048882298824752694,-0.04989249822719466,0.09125509865608422,0.033073612925402784,-0.05864077836661606,-0.021737056164967815,-0.03313860567555652,1.0,-0.0364458846396003,-0.07326032241484373,-0.061024533786211116,-0.00010478189708382386,-0.0015978023074571424,-0.03324819913202694,-0.01314608628736888,-0.023196195761288247,-0.011606352163573285,0.028766320181538428,-0.03426446088847977,-0.03544006797652187,-0.011203262195022406,-0.019056512612407785,-0.06903025537335811,0.006591135171908839,-0.02528077685890911,-0.033579843568235845,-0.010439974531438639,-0.02476892351328904,0.020451813568561614,-0.031102759111700448,0.03947213230697889,-0.07433468945127031,-0.02725222764538674,0.30197050277445664,-0.06584277053420795,0.003973596609381571,0.026532454334879784,0.009578526318247389,-0.01891467324091302,-0.023641864472687693,-0.019910937518857072,-0.03433979559026078,0.04858533629355488,-0.056461688243722205,-0.008676221393237163,-0.05023171263276387,0.017320862638650424,-0.011899124278863978,0.05122959813328527,-0.026809316238773116,-0.0643576825967252,-0.016602059516541586,-0.03154525844779872,-0.040592747567039233,-0.06891698869194868,-0.04474068058807028
20,-0.013349435504500845,0.08145184457380097,-0.01098645540733429,-0.030010592493448243,0.07602077874221752,0.16727164439890524,-0.013858327337074027,-0.02852919002750172,0.09257403381073288,-0.029841632735273155,-0.027128741222085136,-0.030154432035074757,-0.024492496857089287,-0.03308637297229071,-0.03227187673558556,-0.02954985839927684,-0.03660763003524168,0.0038826286087593302,-0.0409788912234489,-0.0364458846396003,1.0,-0.048383706159508336,-0.04400764779608961,-0.015228581132552377,-0.013200106140885794,-0.006717700250686083,-0.014767569558726885,0.021131839519540313,-0.010205150367834176,-0.039095442384474585,0.028449475897042463,-0.01205238354036,-0.038698604112644044,-0.01154767266885297,-0.026346430703833135,-0.028146546832483167,-0.015900252622885747,0.06590119621430415,-0.006431378226497083,-0.01382502888701962,-0.023607194803913826,-0.018192846261845995,-0.023629121959928615,-0.04698057635787224,0.0009108548209377614,-0.05089818961694817,-0.04612785574692105,-0.01701665291681876,-0.03261845956446781,-0.024006518710809555,-0.009290062139408476,-0.014766847856976038,-0.01576003568305525,-0.022070069762704488,-0.014168386034926527,-0.04044705769588676,-0.008239725027789238,-0.0682924334504401,-0.027777477231217276,-0.01304844654489429,-0.024885301886807515,-0.016779261607668277,-0.044240380995254625,0.004022802819396768,-0.018985103661758408,0.011220719691662877,-0.042364174637243394,-0.005064328380644731
21,-0.02557100218281961,-0.05062064722249536,-0.0044915464862334735,-0.05455358968627591,-0.054909640248254635,-0.043039172920802414,-0.014756877454175518,-0.061718361582699714,-0.021944102700783764,-0.06975501729477984,-0.035707532911951056,-0.04827754697905752,0.07848878530345021,0.05147220245511405,-0.028725526316793246,-0.08209561347964273,-0.08677267660137662,-0.01999540719888398,0.2539320511262806,-0.07326032241484373,-0.048383706159508336,1.0,0.10569970536713325,-0.034866976736484125,-0.027971725799328977,-0.0457906199568927,-0.034593271596879,-0.031689281510481226,-0.019714719308405758,0.18486499258560657,0.005430006245777316,-0.050401586330510534,-0.016354864381014286,-0.02445298992390296,0.11803647376832285,-0.06260846687137116,-0.02390360388962557,-0.045190877483673786,-0.014940864747020714,-0.03929854338293687,-0.03760271229637535,0.02270101256094919,0.007049503574447499,0.06960709322214342,-0.034679406667368615,-0.005130502896311286,-0.10564837154085786,0.010111825725346083,-0.07890396918059023,0.04079387547987123,0.05154544518169781,0.09427703203036039,0.1369452279264327,-0.051354960663247226,-0.0035276240458794236,-0.06146240045703498,0.004144829806594022,-0.08719118250270416,-0.0687452073990992,-0.009217885792445342,0.019073619618132726,0.052773426407576755,-0.10211766962307883,-0.02421151192511855,-0.04614683441125815,-0.055700828894511265,0.36917099377887136,0.0143743206881532
22,-0.025790287157009567,-0.04334660135104132,-0.016551067384811383,-0.00982436807543487,-0.05637566071406039,-0.04015084114782848,0.1380950517975289,-0.04831737793831631,-0.020465456178587096,-0.05558116710154942,-0.044608338503238906,-0.01729812681853966,-0.035817341539650875,0.05085262163000294,-0.03294315000268819,-0.06931859681285377,-0.06914432137998447,-0.02651501630170822,0.07149571753498773,-0.061024533786211116,-0.04400764779608961,0.10569970536713325,1.0,-0.029274276529540115,0.023259359705857824,-0.040002975780005515,-0.028542649042215252,-0.029785301309862827,0.009628597277868581,0.04731620096861461,-0.056775023087212,-0.04147958043684098,-0.039482915212148154,-0.022180260463494188,0.006914141117692875,-0.0503150736300171,-0.0013100200537141766,-0.04010311585800723,-0.012695980977338766,-0.032374516004532713,-0.020190353136585175,0.03121524103452446,-0.03621001524211517,0.0524393028130783,-0.031199636306918535,-0.026750810631966535,-0.08856059283059033,-0.026693343015140595,-0.07524533644099715,-0.024040010768458072,-0.0025953328582197883,0.050115563057396964,0.0049058245933318485,-0.04232481903983944,-0.03674038681473829,-0.033721609596658514,0.0028180954338685475,-0.06088158764767984,-0.05715365294971207,0.022141078892682145,-0.02601286001480222,0.05664649431846968,-0.08183191018248656,-0.02028177639953516,-0.033827745070539414,-0.04975776456640971,0.1709335158776193,-0.03004546423700129
23,0.005345046151977983,-0.014582119923295635,-0.006623912498907979,-0.01764695268294151,-0.011972996044322105,-0.015144066511369934,-0.008867541506976799,0.009330255398681125,-0.007006909441201041,-0.01586007816465006,0.05523922945760339,-0.01682561497757799,-0.020466032607533147,-0.02122137356951022,-0.018616305864469697,0.01906768536017951,-0.02364862519100111,-0.007862832872856582,-0.02878236472229407,-0.00010478189708382386,-0.015228581132552377,-0.034866976736484125,-0.029274276529540115,1.0,-0.004835624258045143,-0.013854870421166607,0.012846115732026446,-0.004997893296589532,-0.0060785250980855045,-0.027148967209814814,-0.00687329395848356,-0.014636173160326515,0.002862369714205832,-0.007277959576111606,-0.029151836967989928,0.007376868107436388,-0.010829221045258802,-0.013847740928660071,-0.004397244776977916,-0.010461502818152599,-0.013539242971128159,-0.012671734513690623,-0.013865922811530918,-0.030078863891235947,-0.010355474035004326,-0.019114734218000484,0.00720727772401717,-0.010090391939569381,0.033438690298255795,-0.017371159683517087,-0.007716221905295216,-0.009942522920562094,-0.019567357800617375,-0.0073980274868034575,-0.007391930977442499,-0.02674930918844443,-0.002705359339772136,0.019002222272691778,0.16176612565337153,-0.009043097194359319,-0.009066742099744838,-0.011164880912079074,-0.017982248072311798,-0.006923679532768958,-0.011740012566574467,-0.015268507304132319,-0.02994625308793991,-0.01601940630093077
24,-0.00821373615680639,-0.012954504212279231,-0.005681783010355293,0.016946283931740507,-0.018496536991417886,-0.013099611815557471,-0.006540563064751295,-0.013804396747346856,-0.006067723623290677,-0.017104025321546368,-0.008907125029698705,0.024118570897713017,-0.017354323219285532,0.04808195040790259,0.1359260141528423,-0.01953421286636433,-0.021166603292687578,-0.008148570134596264,0.05137608437636791,-0.0015978023074571424,-0.013200106140885794,-0.027971725799328977,0.023259359705857824,-0.004835624258045143,1.0,-0.012002114159903782,-0.008473716863163502,-0.008899634474413222,0.028674416538882197,0.03552119623562978,-0.014127415703618917,-0.012814235416523087,0.00716958537113381,-0.00689101491574768,-0.014639552078703074,-0.016224316044980414,-0.008802658915919238,-0.012110218437236909,-0.003809204032175458,-0.009651654645447077,0.01150258212365691,-0.011251229635289578,-0.004802444100625988,-0.016443222177950686,-0.009874807749703087,0.08726977971501515,-0.025679671002531802,-0.008989279973889678,0.0035145056368930377,-0.017530216929869398,-0.006997509874488852,-0.007705890986738134,-0.014242978414370243,-0.012189584901339949,-0.013447012602668779,-0.024478169787185408,-0.0034976461303921234,-0.022796833347681195,-0.015578436883952782,-0.007904139592358254,-0.010467540850063638,0.07067991206018626,-0.02529421836643564,-0.006000693901005108,-0.012112669136250413,-0.015527292554406893,-0.004536887801802451,-0.017986504598620345
25,-0.01069361341936077,-0.018918620427771676,-0.009977781911545375,-0.028664045802792363,0.1573808952259419,-0.010625263628425655,-0.012660353318853255,-0.02577902384403615,-0.009356414579588274,-0.027009282831402956,-0.024738767707018737,-0.02818498749118239,-0.01470985232354375,-0.0210775076967719,-0.033230986018218195,-0.03295889436960646,-0.03382051224817911,-0.009474718783220426,-0.03935660504980901,-0.03324819913202694,-0.006717700250686083,-0.0457906199568927,-0.040002975780005515,-0.013854870421166607,-0.012002114159903782,1.0,-0.013455636495798071,-0.014629419213987856,-0.008716540556930852,-0.037680968643227536,-0.024028814801835698,0.009585557284532897,-0.030972958456242712,-0.00948776941181935,0.014243544116132632,-0.021711359455183862,-0.003786710279955763,0.013269584489551678,-0.006041877275577209,-0.015195603714524991,-0.021520459065354165,0.03376150702007663,-0.021559233341370065,-0.03830818975278846,-0.012801578713627887,-0.05742139507857929,-0.041861337466673754,-0.015460343471139792,-0.03643442442354522,-0.02887363959092206,-0.010990030167055142,-0.01346607977767283,-0.035685029264204575,-0.020031961015184833,0.0031317237174176794,0.16059383876845906,-0.007546217643472456,-0.054740006447212636,-0.028918187565136817,-0.012065219527669688,-0.022861213890648185,-0.015076320214274259,-0.040026393928798656,-0.009167575999171831,-0.018552318260238725,-0.023400148469668487,-0.04043203044571601,0.025584915511649847
26,-0.010035710193438685,-0.014512152096892064,-0.0063911537598621004,-0.017809485188441044,-0.019264287085630195,-0.014765863782594538,-0.00883042713084561,0.007751301508292898,-0.00684190004206215,-0.009841565719110101,-0.007905545573958235,-0.017493175034796336,-0.019983434546491208,-0.022367570957869058,-0.02239106912363943,0.2641627439231432,-0.02281787678653642,-0.008719104617390975,-0.02818470350511487,-0.01314608628736888,-0.014767569558726885,-0.034593271596879,-0.028542649042215252,0.012846115732026446,-0.008473716863163502,-0.013455636495798071,1.0,-0.010271523773140206,-0.006554591677488382,-0.026763364777368993,-0.007717126587485084,-0.014227853320787052,-0.013806546891192057,-0.007832699910401173,-0.028312271207049718,0.05661296991699472,-0.010417188932017523,-0.013596750833559932,-0.004286499133695534,-0.010275138770724133,-0.007898556499933831,-0.012779352375451618,-0.014446790786327938,-0.032720529091399816,-0.010935592792354183,-0.02677666791037952,0.02426643621665999,-0.010838890305004,0.03214058862459749,-0.01966342017782647,-0.007812675828475876,-0.009697891140503727,-0.012664593632536246,-0.009208381825150106,-0.012989607612932628,-0.026524573978095607,-0.005314694276827418,-0.028005326061121417,-0.015516568386923507,-0.008625189381813352,-0.01122991545171451,-0.0109632537416895,0.001059692063810601,-0.006767676190822483,-0.013195632833090663,-0.017076211254739546,-0.02901738460834627,-0.017515678084096785
