,0,1,2,3,4,5,6,7,8,9,10,11,12,13,14,15,16,17,18,19,20,21,22,23,24,25,26,27,28,29,30,31,32,33,34,35,36,37,38,39,40,41,42,43,44,45,46,47,48,49,50,51,52,53,54,55,56,57,58,59,60,61,62,63,64,65,66,67,68
0,1.0,-0.027531769508861284,-0.014381624059826837,-0.017319844352667545,-0.011523310797878427,-0.017127191940916872,-0.008158734959315014,0.04514513813244508,-0.013486782355855396,-0.0020012326982623545,-0.002067463740309726,-0.01314163845255838,-0.03523974709664988,-0.026717743719099102,-0.016600958375553518,-0.04100215887225782,-0.044520060333509914,-0.01504425611480548,-0.03740116060122277,-0.02142680811802619,-0.02797605487176093,-0.04821675315726698,-0.027111126271988462,-0.009146756976647543,-0.01672247297718877,-0.009114101934151679,-0.008911216400791632,-0.015859511669676838,0.05508735002109721,-0.04337158821545628,0.003038918399012113,-0.018660724893574374,-0.010541091323442227,-0.011385962219296374,-0.02598546665495862,-0.016138696644281397,0.024031560836867895,-0.02377504824558294,-0.00831998892533546,-0.005880401757795947,-0.022882380309037928,0.016040984995656295,-0.028923081852508005,0.20215030446301438,-0.0054330081128863995,-0.054277121502262604,-0.05625125551530272,-0.02161134618293483,-0.0075124208772748315,-0.019783641002687362,-0.004895252177209612,-0.0052173246232681495,-0.037102685805660576,-0.02827015265993614,0.004402442856836404,0.15132663450864556,-0.008410016760961385,0.15635000785202013,-0.02368240133866143,0.006621799697496419,-0.02056252872657321,-0.019234755293729727,-0.022020071885859936,-0.013413996069842232,0.016374002503603498,-0.011890393139926833,-0.030572330160611727,-0.025000681588565155,-0.02126523505607486
1,-0.027531769508861284,1.0,-0.0111798374680532,-0.030539776212530657,-0.009830513434562736,0.40156776706956604,-0.013746557238462307,-0.027496812457651065,0.022074210421409345,-0.029205898472669054,-0.026011619189490746,-0.03030939167786226,-0.02627809335071618,-0.03197422393427083,-0.03301294429926956,-0.03362092028104027,-0.035091440062217746,0.11596285571781742,-0.04217499994431005,-0.035486271428174745,0.08118469159899812,-0.05069154030904162,-0.04344826962849949,-0.014547643051673642,-0.012990675977621512,-0.018952013262427264,-0.014496704656639738,-0.01288755302024592,-0.07015115464841709,-0.04073349371576916,0.09203294960446955,-0.01662533867340863,-0.03611510604558639,-0.007216735544941161,0.07509460516341941,-0.005476997724750191,-0.01581231602413406,0.1611015048627648,-0.0060957978307583415,0.0005327004956419562,-0.023225304171993602,-0.018657884423566373,-0.023247334756509853,-0.04796845102125019,0.1313579702653855,-0.05988209463145999,-0.044064668274951584,-0.01652614572854532,-0.035366098357972074,-0.02943750949438733,-0.012015354224798533,-0.014550548691787816,-0.030023748154430454,-0.0216369470969712,-0.014512066980811332,-0.02889465953249167,-0.008040359419649482,-0.025807410727309715,-0.025368501630338255,-0.013714066091696743,-0.024781857842089937,-0.016159924371847694,-0.042546776944198283,0.09541591958376108,-0.014654210005991361,-0.011187054105909863,-0.04133390440634381,-0.0143936299481615,0.17776561808478455
2,-0.014381624059826837,-0.0111798374680532,1.0,-0.004034006993651178,-0.004816300001768787,-0.008576790680067963,-0.0065936866890128985,-0.013563289425328716,-0.004459578202866978,-0.014703047793008668,-0.01187744237576694,-0.0015114570177739962,-0.014969739616389859,-0.016942180211384904,0.007577482369033977,-0.01689990884470347,-0.018284702976324455,-0.007100515463423732,-0.009066217493538097,0.01163369527867179,-0.011377859834076434,-0.006284185044794615,-0.01750856890285154,-0.006985849644904613,-0.005187994841493638,-0.010365938576163459,-0.006765243334617942,-0.007207377977159635,-0.03632973972299066,0.10468457111114299,0.009221162687571546,-0.011114498703494537,-0.008344801080903881,-0.006052383247902743,-0.021764765672775632,-0.013622122852926515,-0.00809538555135858,-0.010465135700756849,-0.0032685911507458823,-0.008309941782115447,-0.008454654321785625,-0.009835756500925705,0.06181067347087158,-0.025270764551483284,-0.011463275516064107,0.03160407779233074,-0.02214421384171473,0.5284127824392276,-0.017052069979099544,0.032912838357107815,-0.004466468990277682,-0.0070622085444657715,-0.0010680111940768312,-0.010897288611759976,-0.007117527871624061,-0.020672545437471213,0.0014802447935826767,-0.012816455520692011,-0.0127826762126806,-0.006966875475285306,0.1442014769461927,-0.007770237674850342,-0.021629177988678368,-0.005221201601382278,-0.010348051467242667,-0.013144824715101321,-0.01915300690506821,-0.014898857473576384,-0.015904095290734305
3,-0.017319844352667545,-0.030539776212530657,-0.004034006993651178,1.0,-0.0022021022979115267,-0.022649082537276592,-0.012142992465545042,-0.016705664197637065,-0.013694194077344502,-0.0195028977665008,-9.129519492001494e-05,0.6917126567785175,-0.03095836038853715,0.04616122357247464,0.05153876036815079,-0.03697183725082093,-0.04850507197406511,-0.018558190717063598,-0.0055285197232460845,0.06423169878940338,-0.029989839237928563,-0.05452750873104549,-0.00980394241439369,-0.017607718675339654,0.01696133125454599,-0.028668694596525518,-0.017737741783777895,-0.01992103566396966,0.03143297362993095,-0.013472539787448291,-0.021691413663208203,-0.029758258377697164,0.037373400647351326,-0.01665347180568222,-0.04849279742739085,-0.04011578705663278,-0.0009412679251415458,-0.028808988455016258,-0.00911221724954866,-0.006225373743624873,0.055491736627691045,-0.024480218843593242,-0.0031125227774356345,-0.04540827816619947,-0.030090977600611055,0.06311279882581136,-0.05497416643135518,-0.01759207907991316,-0.005290421037585015,-0.03426309302338616,-0.015307979845461719,-0.01877669866416417,-0.016720294024847693,-0.02708322288764892,-0.015186953635308805,-0.014157958937661435,-0.006932237104447829,-0.02060376746419467,-0.03515047853790566,-0.01424245693107102,0.032874759664068304,-0.010132510468166232,-0.0154554613492042,-0.014396871606074923,-0.027902344211218205,-0.03429236151680094,-0.0509260448074894,-0.03617540571711836,-0.033574863978127686
4,-0.011523310797878427,-0.009830513434562736,-0.004816300001768787,-0.0022021022979115267,1.0,-0.007664540628763264,-0.004978293063831898,-0.010320460718622745,-0.004692393139735582,-0.01310258393383526,-0.005396554747400714,0.05463504254326185,-0.01186467769975468,0.025856438068118593,-0.0026272928548860767,-0.015385287265702556,-0.01659274951900129,-0.005728451503865273,-0.01006283989937609,-0.011599024501167064,-0.010197400446739845,-0.019709439772445568,0.009624022230018903,-0.006065179252312298,0.028674604643341435,-0.00872055850426239,-0.006522164182814049,-0.006597216263726634,0.0017275051479719032,-0.0010314917268803461,-0.004713454483608793,-0.00988144973586522,0.03217837728274774,-0.005350849635246212,-0.015547088132617758,-0.012666553901996771,-0.0067054566052401916,-0.009065192057826308,-0.002950332513153871,-0.007405527496057889,-0.006373882589604184,-0.008230449905080772,-0.009227707050127034,-0.01901981731931578,-0.010017709990487652,0.03262877131607451,-0.019990486976163232,-0.006384132039448914,-0.004385856227655062,-0.011970979302044158,-0.005183367188440861,-0.005900531538996123,-0.007311811980131241,-0.008949295068949585,-0.005695904621303292,-0.015889527362481524,-0.0024578615255017797,-0.010186377585532418,-0.0123670329675027,-0.0038090767869742004,-0.007056692162881668,0.10793287267468385,-0.01951886090832612,-0.004644700577093033,-0.009120151967851741,-0.01013285797849161,-0.014231938630634558,-0.013350246382273615,-0.012451482331202038
5,-0.017127191940916872,0.40156776706956604,-0.008576790680067963,-0.022649082537276592,-0.007664540628763264,1.0,-0.010417261264453163,-0.02128512255866176,-0.00640736631819281,-0.02191326633506005,-0.020067611277357233,-0.02196202545535562,-0.016233668486234976,-0.02441005478117142,-0.01297104797361772,-0.019694029396198222,-0.026249617447101657,0.14341017218276636,-0.030964631563471925,-0.027320611193717082,0.0008702743171430821,-0.03471043051487638,-0.03126138876689842,-0.010406579783245693,-0.009908304985688794,-0.012816044829221813,-0.010920402988105454,0.0009481931247643863,-0.05215645514357202,-0.03001535016057623,0.060990743862244144,-0.007353764250489165,-0.029274984269280685,0.062275292256021374,0.08959342582117938,-0.004433215846156266,-0.01143429873898483,0.07561958009313036,-0.004860209906863171,0.006463945260702524,-0.017821590859722777,-0.013486359263892873,-0.01752226052600335,-0.02866972054049786,0.09836520395534971,-0.04429627321855566,-0.03164344543605041,-0.012624534236315738,-0.0192832801191,-0.023151643654454546,-0.009179151142035352,-0.01102687796554685,-0.024339283706252223,-0.016664855710879535,0.01744798428790876,-0.007539987598851843,-0.0061441297997078615,-0.019826993670889886,-0.014471768829851683,-0.010108357560775431,-0.018822713242022913,-0.009579332880561054,-0.032070735178557616,0.13089612123085215,-0.005824066674546998,0.014461621404390173,-0.030010117899410802,-0.012861287051892281,0.031198302537243733
6,-0.008158734959315014,-0.013746557238462307,-0.0065936866890128985,-0.012142992465545042,-0.004978293063831898,-0.010417261264453163,1.0,-0.014238751985939371,-0.006481023301721116,-0.017379559448910873,-0.014548212640862066,-0.005410944354345922,-0.01817969777060432,0.019430166989843664,-0.018045062597157144,-0.021136244584500058,-0.022565109876524596,-0.008018225757545988,-0.012061058995239371,-0.019339767524236547,-0.013835349010210145,-0.014900916162399549,0.13803366109620394,-0.008911600317867346,-0.00653265587721811,-0.012647213972706522,-0.008794186140572941,-0.008411807821597693,0.013505896601587124,0.0022802294785976202,-0.017606636478558233,-0.013143907426543866,-0.013141970460309176,-0.007285075804920339,-0.006664388977628765,-0.017276015833439705,0.002433109236183763,-0.012683443518782613,-0.004040268776659762,-0.003258090055703347,-0.011765990814267163,-0.01121503253807165,-0.012848272000971949,0.029291229199734356,-0.011878279326830095,-0.021148759907799256,-0.02753936766693399,-0.010106035209372337,-0.0234194590730712,-0.015519023769838736,-0.004543791202991948,0.011536214879361986,-0.0045742995133457275,-0.013556915540934408,-0.010867349499771,0.012243791241152411,0.004027736728421757,-0.01441064145895676,-0.0154585818807649,0.04184951717471399,-0.012280015961539853,0.0040368710669560935,-0.023763425953557914,-0.006351402133417963,-0.012087068204222078,-0.0137652425573902,0.004910451348867579,-0.014941166686929396,-0.018596230331804013
7,0.04514513813244508,-0.027496812457651065,-0.013563289425328716,-0.016705664197637065,-0.010320460718622745,-0.02128512255866176,-0.014238751985939371,1.0,-0.013173320681969171,0.0351195471412243,0.04143627806186215,-0.018667457952537596,-0.03817933882111074,-0.03460412345631185,-0.03244910358818211,-0.0017663357307339872,-0.03680006480982187,-0.017304521519918164,-0.05022529849632271,-0.01429810794609828,-0.028490058318527096,-0.06165840527143536,-0.04828465676397769,0.009296191374753092,-0.013788673777034539,-0.025759949532007602,0.006960455615930506,-0.01810938365224831,0.0578065687651106,-0.04791606827917476,-0.02769148018377212,-0.02676759358549119,-0.004727176007042444,-0.014747005179280407,-0.05301884444177151,-0.034317038097249834,-0.019981875152897368,-0.025546297370998117,-0.008199604049762275,0.011565538101178656,-0.019828406817350958,-0.023861381769513343,-0.027173474612916373,-0.05811407555538249,-0.028425324673410166,-0.049793899323823373,0.1286226826247444,-0.02022481167170683,0.10815060985191868,-0.035847660692338384,-0.01372375610036667,-0.01823532023836112,-0.03302455776584481,-0.010133844934960931,0.02909503132727451,-0.029197788685438663,-0.005865571413152364,0.256097137142521,-0.023709210826251454,0.06551910510358945,-0.023156813006665007,-0.01977373692845326,0.09008778853348778,-0.012864596330697801,-0.023593077068796035,-0.03271922710954069,-0.05529493051028385,-0.03465277342874499,-0.022207470339783535
8,-0.013486782355855396,0.022074210421409345,-0.004459578202866978,-0.013694194077344502,-0.004692393139735582,-0.00640736631819281,-0.006481023301721116,-0.013173320681969171,1.0,-0.01380577557174359,-0.012492565232354659,-0.013988140674901128,-0.012815162271117796,-0.01605623972508561,-0.004120063499025403,-0.01654618946700392,-0.017169416937276024,0.0027560463263413904,-0.018968833453217572,-0.016160702000429406,0.09257367333463612,-0.02190327403048946,-0.020440473350159485,-0.007022294264693083,-0.006073239352877717,-0.009347251066855154,-0.006806811304122649,-0.005477574222989053,-0.03350224891111777,-0.017463440328878352,0.023655877591598443,-0.00787215868845586,-0.01712577293830726,-0.005421677473679304,-0.009474994247187651,-0.0116210444447876,-0.007595568843276737,-0.007525385115294686,-0.0030227658848683654,-0.006335950229421507,-0.010892011757481647,-0.008927902916756703,-0.010314785001591283,-0.022978810121801016,-0.0011439702420096263,-0.02342946419848517,-0.02126225356201649,-0.00593104268712649,-0.013960434270435735,0.0028338666488289567,-0.005191185366814456,-0.0068521217347204105,0.0009706930652651378,-0.010209828750688788,-0.006938592879740251,-0.0194060847413159,-0.0037109497279727744,-0.012204491011869352,-0.013030106709704527,-0.006483841174108726,-0.011346275647379632,-0.007619257112900679,-0.02027422319596833,-0.004536793745657815,-0.009221967179511147,-0.008454179523044442,-0.0200065832008449,-0.012030051245572174,-0.010714704734806985
9,-0.0020012326982623545,-0.029205898472669054,-0.014703047793008668,-0.0195028977665008,-0.01310258393383526,-0.02191326633506005,-0.017379559448910873,0.0351195471412243,-0.01380577557174359,1.0,0.0036743588896244067,-0.029423225655249456,-0.0402105296298505,-0.04580213521347888,-0.04676960250529138,-0.008474727030153038,0.10894467542668768,-0.018510067053199124,-0.056894416317930685,-0.039316096081220046,-0.02986840007640843,-0.06990296420188606,-0.055697916270681394,-0.0159480603278271,-0.01712993128777479,-0.027058432775950148,-0.010203233662363979,-0.019111782248615327,-0.05122696388726233,-0.054302167995014354,-0.03653241163316631,-0.014024503025371941,-0.04553891820062404,-0.015697567853782388,-0.05656241015495775,-0.039228275246464696,-0.021114802079085455,-0.02702218548045441,-0.006934833837004642,0.06495785593056139,-0.030503502580712154,-0.02579942246997989,-0.03039504355821793,-0.06195930092257794,-0.028564543331793552,-0.07710546265701276,0.0648102830776629,-0.022182558621050827,-0.03317916819888848,-0.039670735754065094,-0.015699594206681596,-0.019548222445845538,-0.04359274232017044,0.06144267074781075,-0.03135725575051731,-0.047879523314824576,-0.010692124257030188,0.08461609852723763,-0.026116369287298248,-0.0171007669111756,-0.032140111711351144,-0.022194028707397555,0.6716725485520445,-0.013553736075422108,-0.020774295705449086,-0.029609241468635725,-0.05806818298174793,-0.03592679193726959,-0.03858414727165906
10,-0.002067463740309726,-0.026011619189490746,-0.01187744237576694,-9.129519492001494e-05,-0.005396554747400714,-0.020067611277357233,-0.014548212640862066,0.04143627806186215,-0.012492565232354659,0.0036743588896244067,1.0,0.00901501884836131,-0.036491351769289554,-0.0273834198293129,-0.014291719156560103,-0.018999588566463336,-0.012916138726909188,-0.01654363474265745,-0.04636220769671326,-0.007876686564434469,-0.027116407859406534,-0.03569008350480107,-0.044627333938137045,0.05520204923413128,-0.008898699813949808,-0.024744038162378437,-0.008023062116942373,-0.017103173024571906,0.10529076785311134,-0.04129053869759465,-0.008420244197201374,-0.02315608874940374,0.008464701173564123,-0.013403689891395764,-0.04933024697986432,-0.03408845880628404,-0.018209378042397008,-0.024123336000367826,-0.007763448469758218,-0.012063136624721046,0.003826195844888243,-0.022299219138461862,-0.021394007300886836,-0.04960902460298817,-0.024532620644492784,-0.003935945020243654,0.12376385688105676,-0.018192974449034748,0.04352915754259953,-0.03077761162371819,-0.013130375584388884,-0.017618884602256565,-0.0016726975061574574,0.019551080184633647,0.004274842170529644,-0.033965156926074644,-0.008219301117049497,0.025420306648401187,-0.017736405698153112,-0.014898753294046442,-0.011038636773538179,0.0027220680945862254,-0.018034787462583208,-0.012244010252467293,-0.016334312432578345,-0.022964299275239065,-0.05123940921400372,-0.026765544629219377,-0.02803238829197045
11,-0.01314163845255838,-0.03030939167786226,-0.0015114570177739962,0.6917126567785175,0.05463504254326185,-0.02196202545535562,-0.005410944354345922,-0.018667457952537596,-0.013988140674901128,-0.029423225655249456,0.00901501884836131,1.0,-0.0353105111921938,0.03671252664011585,0.03688949206541635,-0.03309894544347664,-0.046689917595995986,-0.018404104531781353,-0.013721348277380955,0.06984686045889024,-0.03014365234877489,-0.04827049641588213,-0.01731460890057686,-0.016779076981010305,0.024115372345816434,-0.02819574643816896,-0.0174699304159713,-0.019399143414808563,0.10860320280777061,0.0027895072305683024,-0.020820767486400635,-0.025701910563527688,0.07860301884462874,-0.016434707097007145,-0.048346853061543335,-0.038696107695813886,-0.006439374325151159,-0.02833018225546582,-0.008968507877208886,-0.01708422011870065,0.04939020900448742,-0.024152868134905796,-0.0068433462356714565,-0.03773756069483095,-0.029559300077092322,0.07376122267693651,-0.058004747718009675,-0.015296457927641163,-0.015418787311810315,-0.03392923737947553,-0.014041882256619165,-0.017813661040312363,-0.020672645880623716,-0.02853371627984196,-0.01505800858783207,-0.04318470897019645,-0.006235611023147192,-0.017632315555095535,-0.03540015693378078,-0.013553831750869771,0.03460085020754515,-0.009296376117277617,-0.0404524452613187,-0.014123972505987327,-0.027697235149659813,-0.034060900565301505,-0.04607298222380461,-0.03159632675650077,-0.02223581638836846
12,-0.03523974709664988,-0.02627809335071618,-0.014969739616389859,-0.03095836038853715,-0.01186467769975468,-0.016233668486234976,-0.01817969777060432,-0.03817933882111074,-0.012815162271117796,-0.0402105296298505,-0.036491351769289554,-0.0353105111921938,1.0,0.05362425533572486,0.07453041223451021,-0.04861395344356492,-0.050200633014012105,-0.006528042762527728,-0.021066667098149288,-0.048889678501479863,-0.02447717526792964,0.07854241830267877,-0.03580202843141344,-0.02049780674342024,-0.017349559044268076,-0.014708495026672083,-0.01990817515537071,-0.01919806398723759,-0.056138929725706166,-0.03974390748360812,-0.021870984655431906,-0.0283232800446329,-0.028374656937362616,-0.015528301872979822,0.34655613877853125,0.02087969444654964,-0.010544783164737021,-0.012197717609052864,-0.00871509888229003,-0.02229996017002138,-0.03168835714372756,0.08977943106270354,-0.03192260427839059,-0.03647453138598757,-0.01976780211202974,-0.0526083338110368,-0.06213793667386944,-0.02260126864431424,-0.0457766089182433,0.019541852521291595,0.06601699134945832,-0.007262878120081061,-0.023947086958760563,-0.029895109026947295,0.06490203421597154,-0.04294660463228261,-0.010443072696710472,-0.03436705825860423,-0.03768737474394738,-0.01368425513985988,-0.03248942873873467,-0.004212395000137601,-0.05964451764838816,-0.013599528643326883,-0.02795532553011079,-0.033947209703705836,0.09102149179922064,-0.02707888576822407,-0.0277600731352646
13,-0.026717743719099102,-0.03197422393427083,-0.016942180211384904,0.04616122357247464,0.025856438068118593,-0.02441005478117142,0.019430166989843664,-0.03460412345631185,-0.01605623972508561,-0.04580213521347888,-0.0273834198293129,0.03671252664011585,0.05362425533572486,1.0,0.056606147419309215,-0.05423579176505619,-0.057129821678267995,-0.016311571722292875,0.11300091446852917,-0.04968277462369865,-0.033040397452072955,0.051087263342894124,0.05055247353116871,-0.021174564750981027,0.04804220977284568,-0.020654531096728625,-0.022224149453523044,-0.021931370422850836,0.06743516368351873,0.04652375619443963,-0.03321776980472964,-0.030474484135671373,-0.003286310200157923,-0.013437759623546482,0.06174295483856669,-0.02837567619059819,-0.0020973933163594078,-0.02703451235064882,-0.01011123440164623,-0.02541142226378186,-0.025931947186015977,0.01898071218927442,-0.030861798649237757,0.08978327742445441,-0.031733736350864246,0.046497206045962525,-0.06949222423976797,-0.02253338868572986,-0.0462221303339314,-0.034999576392195315,-0.01415090936067405,0.009330748367661658,0.001585166806815419,-0.03393260298413865,-0.02856434305155658,-0.030015210821416415,0.007049614399800251,-0.03711771948133016,-0.041274343158563404,-0.012332697962614516,-0.02313281925643374,0.07641663035837035,-0.06741646793244324,-0.01526304594757346,-0.029790710922342204,-0.034338616926178726,0.034244518451091166,-0.03916324106048291,-0.04224510829728391
14,-0.016600958375553518,-0.03301294429926956,0.007577482369033977,0.05153876036815079,-0.0026272928548860767,-0.01297104797361772,-0.018045062597157144,-0.03244910358818211,-0.004120063499025403,-0.04676960250529138,-0.014291719156560103,0.03688949206541635,0.07453041223451021,0.056606147419309215,1.0,-0.03867081447119778,-0.059329996543893176,-0.009633898602615406,-0.014231034981035645,0.09129340098825756,-0.03225706948771174,-0.028670327740769462,-0.03290894544954503,-0.01859531064440225,0.1359902303825599,-0.03323151175268425,-0.022286812438759067,-0.022551251268784555,0.005838507802509769,-0.004987242781876048,-0.019449493926815522,-0.035931438557414166,0.0014673533793578908,-0.019558763510692793,0.01996879469748926,-0.029374633367417982,-0.023123139704460283,-0.012505429251555858,-0.010494174732436789,-0.016186113403954726,0.060122897178284535,-0.013711167018361713,-0.009818802738626838,-0.03909075446452189,-0.03139698217067723,0.1356039869111939,-0.06882809908786099,-0.006700554122157709,-0.00489329161524186,0.03214878163051413,-0.01060621637425872,-0.01957524127753956,-0.010340087880134057,-0.02981634400978395,0.051445808020411765,-0.05178445635316112,-0.005025709459359297,-0.023812143552883226,-0.017287000497485477,-0.018716400225902007,-0.0020955433857809316,0.02488814965229401,-0.0698807141558469,-0.017059387682413586,-0.0323473746561391,-0.01986781587842044,-0.030287051083901177,-0.011473317290957291,-0.028042945728289706
15,-0.04100215887225782,-0.03362092028104027,-0.01689990884470347,-0.03697183725082093,-0.015385287265702556,-0.019694029396198222,-0.021136244584500058,-0.0017663357307339872,-0.01654618946700392,-0.008474727030153038,-0.018999588566463336,-0.03309894544347664,-0.04861395344356492,-0.05423579176505619,-0.03867081447119778,1.0,-0.04614265793893248,-0.013658080024120136,-0.06738676711234746,0.03299998126634508,-0.029352657845149826,-0.08185606460224787,-0.06913272496012822,0.017857229946226245,-0.01945244915747526,-0.03285879688580935,0.26527292095470534,0.005336221032987914,-0.07082253086201251,-0.0642151562273249,0.0005840355325853535,-0.031135352544877357,-0.04659824586369817,-0.019028568097599636,-0.06908814016683293,-0.02259985290662008,-0.025636309753245667,-0.032955303513202736,-0.009789148305273644,0.0035841852089211765,-0.021061894579733353,-0.031231286783124614,-0.029557784238505337,-0.07377061637549755,-0.03517262107116413,-0.02434477571532366,0.05894005163538171,-0.02565652037835437,0.1272486343851082,-0.0432337273919606,-0.019247136333694074,-0.02360609753704267,-0.00967587933157179,-0.02813218423489547,-0.02635536729940636,-0.06386795794448377,-0.012817405038217692,-0.004115492494986807,0.19867814162833486,-0.021766684680405244,-0.02186058886074024,-0.026939256180058428,-0.01950157350255835,-0.016165359230248456,-0.029737150675969146,-0.0005220910534638279,-0.07048691591482809,-0.021927269579590375,-0.03823036202866646
16,-0.044520060333509914,-0.035091440062217746,-0.018284702976324455,-0.04850507197406511,-0.01659274951900129,-0.026249617447101657,-0.022565109876524596,-0.03680006480982187,-0.017169416937276024,0.10894467542668768,-0.012916138726909188,-0.046689917595995986,-0.050200633014012105,-0.057129821678267995,-0.059329996543893176,-0.04614265793893248,1.0,-0.022566885677667493,-0.0704642308649793,-0.05863770037213212,-0.03658978922160745,-0.08676520582931346,-0.06914252725645449,-0.023597492828720902,-0.02116649830558205,-0.03382439246991643,-0.022782914003443212,-0.02347526598232231,-0.09794294091955741,-0.06729068478075968,-0.03988362190494953,-0.035985511594002914,-0.06176371817543159,-0.01951788320184277,-0.07146434031232789,-0.05044940714605145,-0.02630581240450642,-0.03164769641085448,0.03656571241039982,-0.02683159750713989,-0.03804236355539467,-0.03192500550064392,-0.03817504122989522,-0.07971633248676949,-0.03546190269913151,-0.09698023197989356,0.2664576761082249,-0.026946090917111906,-0.06707778593160366,-0.04818758797474338,-0.019654538202902777,-0.02445126456408634,-0.06174349993273512,0.09317414032584546,-0.03664943028179987,-0.06588556043409083,-0.01321572556130323,-0.02820805127583085,-0.0420955626964528,-0.02262260547787103,-0.04024134014878707,-0.027324902559959938,0.1804537466978995,-0.01674829391217912,-0.03322646433472221,-0.042246085942769865,-0.07269016972062191,-0.047979883255669084,-0.05079716752440614
17,-0.01504425611480548,0.11596285571781742,-0.007100515463423732,-0.018558190717063598,-0.005728451503865273,0.14341017218276636,-0.008018225757545988,-0.017304521519918164,0.0027560463263413904,-0.018510067053199124,-0.01654363474265745,-0.018404104531781353,-0.006528042762527728,-0.016311571722292875,-0.009633898602615406,-0.013658080024120136,-0.022566885677667493,1.0,-0.022163269418911356,-0.02202479107113653,0.003703062467015709,-0.020123925091506213,-0.02672358534800697,-0.007923228773673751,-0.00822987064013339,-0.009566494497895593,-0.00876765715437808,-0.0014575117720760965,-0.03123281351480372,-0.022541057409977288,0.06932179186541312,-0.0060669551555612745,-0.01854236164911275,-0.0047481349240959545,0.044987676123331544,-0.0005388317987714501,-0.009426595635458137,0.0002925574334602639,-0.0026356498256342857,-0.006190145250511648,-0.014666042293288412,-0.010812954638948848,-0.014793681597611312,-0.023313843363187283,0.08261414398653155,-0.013308107652254875,-0.02488967886156737,-0.010671813672084689,-0.012461558061136734,-0.006868637063646767,-0.005986613658726005,-0.009115091850457543,-0.011419334802371213,-0.013820047608743523,-0.0032254534936352734,-0.020840050666044455,-0.005069007362322947,-0.015281228043308061,-0.011057056596577377,-0.008195600970597301,-0.015368569029224054,-0.00919534375173909,-0.025774536857979924,-0.004002954973906486,-0.00676496694564721,0.05673154668032713,-0.020105651446969755,-0.0037059142443895982,0.11227827291976843
18,-0.03740116060122277,-0.04217499994431005,-0.009066217493538097,-0.0055285197232460845,-0.01006283989937609,-0.030964631563471925,-0.012061058995239371,-0.05022529849632271,-0.018968833453217572,-0.056894416317930685,-0.04636220769671326,-0.013721348277380955,-0.021066667098149288,0.11300091446852917,-0.014231034981035645,-0.06738676711234746,-0.0704642308649793,-0.022163269418911356,1.0,-0.03313252400580693,-0.04095666854432765,0.2539362078309214,0.07148982150973136,-0.028732380506431336,0.0513805234689894,-0.039361722701594215,-0.028083201706806712,-0.02419160731771538,-0.04792615730371044,0.13000858132954668,-0.03441091944144902,-0.04060277548320184,-0.015246815982762018,-0.02100201766103641,0.04198424590039106,-0.030804552201245415,-0.013846138310629148,-0.03910764769085594,-0.011828093012355146,-0.03206738218245134,0.011427703167624932,0.0195056562633506,0.12425985647525667,0.004672400020461021,-0.04064424753639029,0.052084708189694184,-0.08706328717090729,0.045918893031563365,-0.06761233285454016,0.029561598917003898,-0.004008935914955719,0.014186702844916738,0.1755747666129468,-0.04136845195037823,-0.02191767782752041,-0.05042091327681119,0.11612125393382276,-0.0487749540720904,-0.05275377031921355,0.011612160475048393,0.08101132918100365,0.08073759787614723,-0.08407471044349328,-0.019841853277629808,-0.03882697365271734,-0.0418832715194917,0.16675119126845062,-0.0437620257059801,-0.047535022749160834
19,-0.02142680811802619,-0.035486271428174745,0.01163369527867179,0.06423169878940338,-0.011599024501167064,-0.027320611193717082,-0.019339767524236547,-0.01429810794609828,-0.016160702000429406,-0.039316096081220046,-0.007876686564434469,0.06984686045889024,-0.048889678501479863,-0.04968277462369865,0.09129340098825756,0.03299998126634508,-0.05863770037213212,-0.02202479107113653,-0.03313252400580693,1.0,-0.0364318198475587,-0.07324404859994615,-0.06102320032539761,-8.761058294533925e-05,-0.0015937309112465602,-0.03325438466595107,-0.013204932506654119,-0.0236176363308569,-0.05008605980832981,0.028819194498933484,-0.03427170606342924,-0.03568317247035574,-0.01120128832148373,-0.019179452748713924,-0.06902774991485111,-0.044809902140335825,-0.025264869600774023,-0.03358236994025721,-0.010437050510470483,-0.02473134772591968,0.020450451726413958,-0.031062422317660796,0.039486503385817315,-0.07540608250647302,-0.036193398708525115,0.3023949123133045,-0.06586102257119045,0.002310538644924535,0.026453182187700753,0.009678172954621905,-0.018921976419447213,-0.023638469644555404,-0.019780008364260006,-0.03437426055820391,0.04858778592515205,-0.0561521107659636,-0.008671107370661128,0.008289133704077047,0.018695518015699127,-0.011880900696169762,0.051391597422049295,-0.02679667746154442,-0.06437738815993216,-0.016591657751242217,-0.03145904685687284,-0.040637453620771445,-0.06890901957945442,-0.006894724678034229,-0.04473852726898776
20,-0.02797605487176093,0.08118469159899812,-0.011377859834076434,-0.029989839237928563,-0.010197400446739845,0.0008702743171430821,-0.013835349010210145,-0.028490058318527096,0.09257367333463612,-0.02986840007640843,-0.027116407859406534,-0.03014365234877489,-0.02447717526792964,-0.033040397452072955,-0.03225706948771174,-0.029352657845149826,-0.03658978922160745,0.003703062467015709,-0.04095666854432765,-0.0364318198475587,1.0,-0.048354325319131246,-0.04398795007261764,-0.015220366958982054,-0.01319121112764083,-0.006726368849307798,-0.014702952702740583,0.02198187234565386,-0.067641394200124,-0.03912273749626129,0.02846944084017555,-0.012342704298655697,-0.03868628944587166,-0.011505869745319704,-0.0263531931935728,-0.00509505066843056,-0.01588516709341651,0.06539468671114562,-0.006427944459862852,-0.013827043297402803,-0.023600817118640444,-0.018046598197480872,-0.023612466196532844,-0.04638642154642396,0.16729458855378787,-0.050843321264183575,-0.04612101370896669,-0.017065147229502108,-0.0324969119783531,-0.023978562076426874,-0.00927600341259121,-0.014755524480716882,-0.01569009950148062,-0.022089480842415514,-0.014162691669703546,-0.03989673156859558,-0.008233946954738704,-0.02623660244097102,-0.02545922058622277,-0.013037087091126182,-0.024869178065451317,-0.01676139376835276,-0.04419217343650535,0.0039986100011706795,-0.018983949611903663,0.011271684614040909,-0.04233678656947989,-0.01851178404851927,0.07599637922678495
21,-0.04821675315726698,-0.05069154030904162,-0.006284185044794615,-0.05452750873104549,-0.019709439772445568,-0.03471043051487638,-0.014900916162399549,-0.06165840527143536,-0.02190327403048946,-0.06990296420188606,-0.03569008350480107,-0.04827049641588213,0.07854241830267877,0.051087263342894124,-0.028670327740769462,-0.08185606460224787,-0.08676520582931346,-0.020123925091506213,0.2539362078309214,-0.07324404859994615,-0.048354325319131246,1.0,0.10567983169551967,-0.03480446528881018,-0.02796613424605325,-0.04579419030435073,-0.03447252690540585,-0.029769978717913453,-0.08588656804027926,0.18499472401139289,0.005509109680261144,-0.050653198350266236,-0.01630472394005643,-0.024202319482731008,0.11809207515935433,0.014799392419019931,-0.02393366997778671,-0.0451808058314778,-0.01493483680730719,-0.039301160482759716,-0.03759383029347564,0.023362410128818463,0.007085222577094988,0.0792854702419427,-0.04303856511449455,-0.00509178474880378,-0.10566507202927347,0.012323507266568912,-0.07867431056373517,0.04076478295412799,0.051544623131688665,0.09423996882141383,0.13692127565031886,-0.051423873667162875,-0.003513798290907929,-0.06012983555109534,0.0041543177691780835,-0.0587824809076862,-0.06255569505780081,-0.009231918926570416,0.019203724315275894,0.05274000209307739,-0.10205595805474144,-0.02419792404562792,-0.04596833370195742,-0.05555833996342368,0.36923164676629566,-0.05473833333668251,-0.05488791404204269
22,-0.027111126271988462,-0.04344826962849949,-0.01750856890285154,-0.00980394241439369,0.009624022230018903,-0.03126138876689842,0.13803366109620394,-0.04828465676397769,-0.020440473350159485,-0.055697916270681394,-0.044627333938137045,-0.01731460890057686,-0.03580202843141344,0.05055247353116871,-0.03290894544954503,-0.06913272496012822,-0.06914252725645449,-0.02672358534800697,0.07148982150973136,-0.06102320032539761,-0.04398795007261764,0.10567983169551967,1.0,-0.02921462352741877,0.023262357569120398,-0.04000790461304204,-0.028428691158626243,-0.02794395552860201,-0.059454111355372194,0.04723367368360172,-0.05675298492648338,-0.041728530783650096,-0.039487416472003364,-0.021965283602103973,0.00694035611301657,-0.029807224250153197,-0.001312698820526861,-0.0400947024278908,-0.012691111719796283,-0.03238910097115537,-0.020167377368507797,0.03141904168625709,-0.03619479985745176,0.062244083019401,-0.04015095829895387,-0.026666175484617798,-0.08857867786134249,-0.026781007987969535,-0.07510125606670928,-0.024055937561874435,-0.0026038834094774636,0.05009231342980988,0.005017153811439062,-0.04238542181344157,-0.03674279644401425,-0.03283245915722247,0.0027817192660905413,-0.04827046002446288,-0.05049577488500745,0.022133260736207236,-0.025921691305176246,0.05660566848559807,-0.08179017248132706,-0.020269049769535787,-0.03371277756509476,-0.04966428720466033,0.17091956697527236,-0.05140319924893116,-0.056375836062457885
23,-0.009146756976647543,-0.014547643051673642,-0.006985849644904613,-0.017607718675339654,-0.006065179252312298,-0.010406579783245693,-0.008911600317867346,0.009296191374753092,-0.007022294264693083,-0.0159480603278271,0.05520204923413128,-0.016779076981010305,-0.02049780674342024,-0.021174564750981027,-0.01859531064440225,0.017857229946226245,-0.023597492828720902,-0.007923228773673751,-0.028732380506431336,-8.761058294533925e-05,-0.015220366958982054,-0.03480446528881018,-0.02921462352741877,1.0,-0.004843605157131435,-0.013826584593584972,0.012842833707876674,-0.009351262190910658,0.020051676156131463,-0.027125636811474695,-0.006863354306013892,-0.014711252365542727,0.0031906184065589233,-0.008053255748424354,-0.02920503019415218,-0.01668778794840407,-0.01080312728887185,-0.013844693678660053,-0.004391860240847528,-0.010449672709109027,-0.013503199482385077,-0.012699074767287884,-0.01386511167512417,-0.031664496823175174,-0.01510204159216783,-0.019082593416575748,0.007289851961049597,-0.01000852314091714,0.03344853574251047,-0.017410180952613485,-0.007706155352881448,-0.009937491252646709,-0.019524455980935003,-0.007389070841613078,-0.0073453100051793264,-0.026545871449549834,-0.00270775262509363,0.012463851105900873,0.1456484101167019,-0.009054400071683413,-0.009064992516153104,-0.011151320637626808,-0.017937803797707097,-0.006898225353503926,-0.011656413304242639,-0.015336237463571987,-0.029880478733215143,0.07645036795537329,-0.011893140809347683
24,-0.01672247297718877,-0.012990675977621512,-0.005187994841493638,0.01696133125454599,0.028674604643341435,-0.009908304985688794,-0.00653265587721811,-0.013788673777034539,-0.006073239352877717,-0.01712993128777479,-0.008898699813949808,0.024115372345816434,-0.017349559044268076,0.04804220977284568,0.1359902303825599,-0.01945244915747526,-0.02116649830558205,-0.00822987064013339,0.0513805234689894,-0.0015937309112465602,-0.01319121112764083,-0.02796613424605325,0.023262357569120398,-0.004843605157131435,1.0,-0.012002753009682933,-0.008437875809147575,-0.008636516746944649,-0.02223647885736403,0.03543338674587761,-0.014114556378789531,-0.01290028976368042,0.007166130737149495,-0.006889579023904966,-0.014634141865887768,-0.017944813137927805,-0.008804521199353581,-0.012109790066459358,-0.0038087473018456183,-0.00965432282730368,0.011538541710128601,-0.011171515334409264,-0.004799859811509296,-0.014688423299564228,-0.013091207148310323,0.08716583286864271,-0.025696886836619554,-0.009425873478282701,0.003605221758598837,-0.017543731000754147,-0.007000620034904711,-0.007715653715405,-0.01427479544444712,-0.012214651107995453,-0.013446319245901318,-0.02416493295459906,-0.003489927118298774,-0.015039299110371624,-0.015571045798643726,-0.007901903318018004,-0.010503229786507182,0.07066953615347962,-0.025277802591612,-0.0059963856960135575,-0.012084546139075107,-0.015493735303967322,-0.004537521210801096,-0.011405325376779234,-0.01849608929433646
25,-0.009114101934151679,-0.018952013262427264,-0.010365938576163459,-0.028668694596525518,-0.00872055850426239,-0.012816044829221813,-0.012647213972706522,-0.025759949532007602,-0.009347251066855154,-0.027058432775950148,-0.024744038162378437,-0.02819574643816896,-0.014708495026672083,-0.020654531096728625,-0.03323151175268425,-0.03285879688580935,-0.03382439246991643,-0.009566494497895593,-0.039361722701594215,-0.03325438466595107,-0.006726368849307798,-0.04579419030435073,-0.04000790461304204,-0.013826584593584972,-0.012002753009682933,1.0,-0.01339666078460712,-0.013849723271033301,-0.0546825891206285,-0.03773417776663806,-0.024016572417530555,0.00941820135750872,-0.030934629365714006,-0.009368015843205294,0.014248026559836313,0.02571172309720184,-0.003782938248498505,0.013268137974785368,-0.006040423838370352,-0.015217235925560978,-0.02153203112521535,0.03396286445667472,-0.021558086948371944,-0.03905625628125943,-0.010618988061187527,-0.05737890786766073,-0.04187697996932463,-0.015506975389667407,-0.036360006172055905,-0.028862659049945324,-0.010994920019142181,-0.013470569994932593,-0.035644313201703595,-0.020064121361884214,0.0031203183857278975,0.16274513551920222,-0.007546127565319906,-0.021844007428824055,-0.02579780832736995,-0.012066415754302263,-0.022846943553445204,-0.015092339451687968,-0.04000919310399426,-0.009158658728017717,-0.018447012487547078,-0.023353705685101478,-0.0404379403055337,-0.025898176614448556,0.15740207655085958
26,-0.008911216400791632,-0.014496704656639738,-0.006765243334617942,-0.017737741783777895,-0.006522164182814049,-0.010920402988105454,-0.008794186140572941,0.006960455615930506,-0.006806811304122649,-0.010203233662363979,-0.008023062116942373,-0.0174699304159713,-0.01990817515537071,-0.022224149453523044,-0.022286812438759067,0.26527292095470534,-0.022782914003443212,-0.00876765715437808,-0.028083201706806712,-0.013204932506654119,-0.014702952702740583,-0.03447252690540585,-0.028428691158626243,0.012842833707876674,-0.008437875809147575,-0.01339666078460712,1.0,-0.009629955128141425,-0.027743518700175482,-0.02670554087260225,-0.007512963652054142,-0.014277964127860126,-0.01387915536036104,-0.007739774091593196,-0.02819987304954198,-0.01741772519854387,-0.010361322340219862,-0.013547906510328485,-0.004270100896722406,-0.010258930665132986,-0.00793273828782304,-0.012742227007528438,-0.014400430935583042,-0.03254461678374916,-0.014707114576677222,-0.026772759419796316,0.024239443153026917,-0.01083610907904513,0.031246866917168527,-0.019621260596900024,-0.007808318499470708,-0.009664220269607046,-0.01255633736549794,-0.009087095650003887,-0.013117543213113106,-0.02626160239042282,-0.005295436753595419,0.0654426824189515,-0.011360986898055312,-0.008795886867351096,-0.01125066715075951,-0.010936341069248528,0.0006348622988817986,-0.006740034410942831,-0.013114014956453167,-0.016973902129702713,-0.028905757497340374,-0.01951059189450765,-0.01926986993074502
