,0,1,2,3,4,5
0,1.0,-0.10892990892191115,0.001527015345321162,-0.1045027029465754,-0.04087949777286485,-0.0608545090881277
1,-0.10892990892191115,1.0,-0.10007507050892553,-0.21912104287168785,-0.07113539800218921,-0.10611215511526971
2,0.001527015345321162,-0.10007507050892553,1.0,-0.02178432839558374,-0.0330177116306212,-0.047727275910649104
3,-0.1045027029465754,-0.21912104287168785,-0.02178432839558374,1.0,-0.06527607806681218,-0.09632867945303587
4,-0.04087949777286485,-0.07113539800218921,-0.0330177116306212,-0.06527607806681218,1.0,-0.00945669063461905
5,-0.0608545090881277,-0.10611215511526971,-0.047727275910649104,-0.09632867945303587,-0.00945669063461905,1.0
