,0,1,2,3,4,5,6,7,8,9,10,11,12,13,14,15,16,17,18,19,20,21,22,23,24,25,26,27,28,29,30,31,32,33,34,35,36,37,38,39,40,41,42,43,44,45,46,47,48,49,50,51,52,53,54,55,56,57,58,59,60,61,62,63,64,65,66,67,68,69,70
0,1.0,-0.027715718565765865,-0.02206844479310131,-0.016529933698221397,-0.011762284228789334,-0.017325909696191022,-0.008319535436550155,0.04525406929700339,-0.013447323101284409,-0.011454706312373913,-0.013666691978594533,-0.011386384109754136,-0.03534687253843497,-0.008554329248276744,-0.015896994798993817,-0.042157533388436,-0.017820415646368295,-0.014911609204317621,-0.037302386101000576,-0.021743405384930033,-0.02814722208470573,-0.047184294022309566,-0.02718280246477419,-0.009222158280972458,-0.017136335779714656,-0.010037539329865544,-0.0061966563570030895,-0.015516636304229397,0.04118181177465553,-0.044016462684594936,0.0030529590880800685,0.0060677369329229635,-0.008092988981778267,-0.011477065951991394,-0.02614197867260625,-0.01598093876443095,0.025148810679649677,-0.02433789468649283,-0.008361789509248607,-0.028378636525884342,-0.02256056007065302,0.01679890534552769,-0.029078035930783026,0.19326215478234848,-0.005462824461225481,-0.05328651249080832,-0.009056483567257412,-0.019247379487809822,-0.006519836303072772,-0.016654448599457566,-0.0036530221390034734,-0.004940494815586522,-0.036469039471548455,-0.05708468328474636,0.006419296507431905,0.16512694692770163,0.05062722656872781,0.1422526279286931,-0.02419264314841696,0.006614144597679535,-0.020426069348548487,-0.022067959684109108,-0.021949212443848818,-0.013519503377873505,0.016460953251311507,-0.010704046360019717,-0.029624545947455568,-0.022951404820267723,-0.020716079583683798,-0.008327991852321033,-0.04480195754138708
1,-0.027715718565765865,1.0,-0.016755062108959325,-0.03041195937508495,-0.009817744202024716,0.401824884005727,-0.013729091049014788,-0.02733906455278971,0.02198705671849851,-0.02776298876641712,0.0039692624541795875,-0.030249412062606694,-0.026226832520432508,-0.008073470513239204,-0.03296883280551076,-0.033252787705874615,-0.016247218065289497,0.11604689306775542,-0.042062194924554444,-0.0354526400342928,0.08101091592848242,-0.05055417176680401,-0.043352909636218864,-0.014532978449713978,-0.013090921885991398,-0.01870329037118553,0.0010881576249548817,-0.01301103244282117,-0.06895366440068973,-0.04081221847501181,0.09199548062975986,-0.015155436749714514,-0.03628492166304628,-0.007201323778322632,0.07512675105349205,-0.00557349432463237,-0.015763431660354616,0.16087359007085886,-0.006083797970144498,-0.021462454682181206,-0.02318397530818593,-0.018485992508097036,-0.023162541523816284,-0.049040840579381004,0.1315957357335873,-0.05992219779833208,-0.014467034098021012,-0.014563436697118837,-0.03575086978796506,-0.029906686893991327,-0.012046498653056775,-0.014521028134556687,-0.029897272401352003,-0.04400688299423,-0.014685424204899114,-0.028569724467757435,-0.03860206586510187,-0.02469980584395142,-0.025427366048607885,-0.013701153057331788,-0.024800665747277077,-0.01829256879449479,-0.042640642825438356,0.09537173976327812,-0.014537178846784075,-0.01193908252893443,-0.04122692581887799,-0.014642413932447994,0.17787857624095949,-0.024848712424463362,-0.03502573723443189
2,-0.02206844479310131,-0.016755062108959325,1.0,-0.013921571136401509,-0.007159451666045315,-0.012947416014868266,-0.010130350565570233,-0.02077958725118014,-0.00554640658340479,-0.02122489538661667,-0.0077985368978070475,-0.009291178468620303,-0.023025366922627404,0.010561387046518149,0.013782415203236541,-0.024854727649499628,-0.01670535753882481,-0.010712186526857934,0.017536364817434827,0.025105219646043404,-0.01713457724115435,0.00833938566690774,-0.026624409479007162,-0.00968347879577314,-0.008634405495252564,-0.015674154475299868,-0.012317687426685252,-0.010999820191525922,-0.03330770500950056,0.1532600522252355,-0.0005119187411999973,-0.013508466219183122,0.08171628235064335,-0.009143624054586305,-0.033106257701895944,-0.021754542145596592,-0.012241015786000346,-0.015810575838241157,-0.004689266582350971,-0.016369042767934043,-0.011692014095602735,-0.014803447868735269,0.11847911345177806,-0.03945182081256238,-0.017278232009621582,0.03333706280497471,-0.010583638343813272,0.7919585158645861,-0.020339449152880742,0.05770211533415501,-0.005611802573894013,-0.01102331825764314,0.02360534916207025,-0.03372022700006892,-0.013647578509850699,-0.03173510952693051,-0.02927479026832959,-0.016980002617675048,-0.0173717417903679,-0.010477839460637416,0.1979976421570904,-0.014253560862712237,-0.032793383189949406,-0.007873416589757742,-0.015677941249205844,-0.019631539120607607,-0.029585405690015533,-0.0173644306459822,-0.024185082293345497,-0.017225613369975093,-0.027346922242999634
3,-0.016529933698221397,-0.03041195937508495,-0.013921571136401509,1.0,-0.0022973642068866624,-0.02258095940340471,-0.012002148439075813,-0.01671589535263073,-0.013565944023182648,-0.015643712845283368,-0.017373300811347303,0.6874970551910602,-0.03037848136296241,-0.0067146037631656596,0.05152947517511182,-0.036481433052741534,-0.029503068621115538,-0.018487306509869617,-0.004778904630775623,0.06401724736454059,-0.02992209723376675,-0.054136248097086934,-0.009573154958100433,-0.017623795017399385,0.017247689515538824,-0.028576173251283636,-0.005789410951410451,-0.01989905285240804,0.05056379111500267,-0.013271753179779279,-0.02158722691271993,-0.02302681071946429,0.03627335206546027,-0.016613088040028878,-0.047997555172399425,-0.040046718662860525,-0.0008595924320197734,-0.028748169969590558,-0.00909285502852087,-0.026739880056158728,0.055601395187479946,-0.024184449735749826,-0.0031608948862371557,-0.03954261629223559,-0.030037019266099994,0.06349164612443686,-0.01772208407353811,-0.013434258305251726,-0.004716436271200195,-0.034806291353318565,-0.015303029266989277,-0.018622122595230578,-0.016629097236519952,-0.05468877887114005,-0.015378419062231145,-0.013370898702262341,-0.038491804150591065,-0.019453772618724455,-0.035151494306794415,-0.014391096174956194,0.03262706479782855,-0.0035293493655047673,-0.01537503597093284,-0.014361359464308419,-0.027840721093287127,-0.03348767842403755,-0.05068702023441169,-0.035225962561770865,-0.033651363174848264,0.006451911999115108,-0.048392414242239
4,-0.011762284228789334,-0.009817744202024716,-0.007159451666045315,-0.0022973642068866624,1.0,-0.007680017774522151,-0.004842998197461395,-0.010168214353822452,-0.004675868325303761,-0.01245380201882217,-0.00652406300789217,0.05479815753820895,-0.011745245856596472,-0.0024176461061302047,-0.0021162533252456275,-0.015185773832208243,-0.009814709790342935,-0.005664076810262911,-0.00940174505123012,-0.011812453329750745,-0.01024645821164763,-0.01957858177981872,0.00979392793377826,-0.006068186255627281,0.02868732398119867,-0.008635276546293058,-0.0073068266388605614,-0.006617762356751657,0.015490711961753436,-0.001037777769352275,-0.004479167152695307,-0.007465507330404613,0.03163783987145505,-0.005362087605152138,-0.015117232215162658,-0.012908678390679896,-0.006676156416084316,-0.009083359622367525,-0.002957603425563008,-0.008936339365598586,-0.006661802457611404,-0.008149793285431441,-0.009816862130688532,-0.015626994638369075,-0.010083580933963457,0.03274251059776044,-0.00652499993374705,-0.006037885550911252,-0.004324254406004233,-0.013141904857062436,-0.005398459634837132,-0.005532346971980531,-0.0076836133666893895,-0.020070909482577382,-0.0058127623874898145,-0.016259403993147167,-0.01700235832034922,-0.009719208217547862,-0.012433347840875315,-0.003979120348749145,-0.0073360995352004955,0.10902174341377842,-0.019629364059568874,-0.004653156408115628,-0.009184699668562038,-0.009621299064532534,-0.014136301532523116,-0.013250133720731055,-0.012466432461531967,-0.0030814573875833193,-0.016661125874633004
5,-0.017325909696191022,0.401824884005727,-0.012947416014868266,-0.02258095940340471,-0.007680017774522151,1.0,-0.0104190119469252,-0.02115043746288869,-0.006159598919497211,-0.021164014641719936,-0.008820149479738654,-0.021958370337798426,-0.016225861881617076,-0.0061799214614852,-0.012893165145050784,-0.01941532975275431,-0.007182981116540558,0.14349533504776385,-0.030898868155916796,-0.027289830451379615,0.0008939430908095217,-0.03466969449266665,-0.031237452748531715,-0.010405979344493069,-0.010009695208705795,-0.012641263269511226,0.006634868755004684,0.0008175712706908638,-0.05231158464047006,-0.030149744209401485,0.06106468206402382,-0.007610981575913084,-0.029404135679256593,0.062264480182650475,0.08926870923277722,-0.0043161216580257416,-0.011434796730233896,0.07568014931572484,-0.004851536204115496,-0.016539925262704792,-0.017814565183103058,-0.01347110179881134,-0.01748181892473389,-0.029693959491713585,0.09837606607122368,-0.044231349395040996,-0.0109076860238042,-0.011059260242567096,-0.018990007125172632,-0.023361833173997874,-0.009211665364713106,-0.011026400833832856,-0.02428802801237249,-0.03159675130532537,0.017339158557732343,-0.008038057208172938,-0.026693894816779216,-0.01900104225652243,-0.014620088692168354,-0.010112148962645513,-0.01885852057860527,-0.011272357169730636,-0.03211698122609734,0.13096238791912435,-0.005952191074992434,0.01566407392650808,-0.029969429947823704,-0.011144437234102151,0.031178181978544654,-0.01943067402395906,-0.02620636963328969
6,-0.008319535436550155,-0.013729091049014788,-0.010130350565570233,-0.012002148439075813,-0.004842998197461395,-0.0104190119469252,1.0,-0.0142655446714194,-0.0064423489953970865,-0.016652873539888216,-0.007212332117036088,-0.005298928131604262,-0.01812485297331009,0.004129809164650293,-0.018042797942060658,-0.021005373067768784,-0.013009919230488906,-0.008003904060881592,-0.011795291615767306,-0.01940575172636767,-0.013846123108835429,-0.014858311465613137,0.13820919622607977,-0.008947782706752817,-0.0065219922758926584,-0.012591865753515754,-0.003231220881763145,-0.008369940768477626,0.020709929090847214,0.0022536795675928145,-0.017616982576489762,-0.009097756624826037,-0.013738271921254019,-0.007296726438538454,-0.006528686581837615,-0.017381774793271073,0.0025406542323596314,-0.012710447396512618,-0.004037603479112352,-0.013498110148621949,-0.011764271083693528,-0.011192464910397238,-0.01287244516077496,0.03208996880208953,-0.011878466937984,-0.02071890442080412,-0.008763636701479388,-0.008969563048646975,-0.02336819882048799,-0.015839759905416022,-0.00456250184672653,0.011569102420863933,-0.004416549044683795,-0.027546554692260965,-0.011089372368962562,0.013322011387350246,-0.018643756819322146,-0.014164953425350898,-0.015520164144577284,0.041736688410973,-0.01240608205064177,0.005824520451048434,-0.023942874509874507,-0.006354907652338284,-0.012077270809567935,-0.0134449443864919,0.004950968450653086,-0.014416176068598921,-0.018625200555125912,-0.013818156060068488,-0.022577136758985532
7,0.04525406929700339,-0.02733906455278971,-0.02077958725118014,-0.01671589535263073,-0.010168214353822452,-0.02115043746288869,-0.0142655446714194,1.0,-0.012992844838630703,0.03584352034636768,-0.012320214952624104,-0.01855163445686089,-0.03815155688200541,-0.00591512265417874,-0.032319471327583074,-0.0030949105145878335,-0.026417149937121083,-0.017205155562838644,-0.04995111554376404,-0.01427898960104745,-0.028349901204295654,-0.061495603707565176,-0.04809413182390594,0.009021913176215944,-0.013860230573736242,-0.02562258157523968,0.011108656656296033,-0.017999982282226937,0.03507893744662048,-0.04800556519579806,-0.027657788176673144,-0.01921121595810068,-0.0019386213690984191,-0.014676362780465555,-0.0527488729016696,-0.03405601103851858,-0.019868621364620084,-0.02542308778166459,-0.008158251285882517,-0.011601347906168463,-0.019698341985465,-0.023776225552063948,-0.026991676306373134,-0.059830819567285684,-0.028288662322933717,-0.049859515603055474,0.006566818181638397,-0.017489268566727566,0.11044300266470397,-0.035247355755499254,-0.01358733216567623,-0.018152878317127585,-0.033063375737578934,0.12799774901651817,0.029363530135995592,-0.028672101339526735,0.06755968240212037,0.252027723927549,-0.023777139051541454,0.06590953165221224,-0.023139663007656436,-0.022703897539551876,0.09045218565409097,-0.012797306934828279,-0.02358713030394967,-0.0319047645535738,-0.055046968128196344,-0.03401907313177557,-0.022071275118815827,0.03451038077000648,-0.0366874471647365
8,-0.013447323101284409,0.02198705671849851,-0.00554640658340479,-0.013565944023182648,-0.004675868325303761,-0.006159598919497211,-0.0064423489953970865,-0.012992844838630703,1.0,-0.01301959175457726,0.010165433496487382,-0.013869337573476841,-0.012693748876606443,-0.0037205911421202458,-0.004128585219904025,-0.016242079869589462,-0.007723090426609248,0.002751696507232175,-0.018832076428388404,-0.016072672841414906,0.09238256192239849,-0.021750471168271612,-0.02026929019893385,-0.006966233318536947,-0.006073673876200966,-0.009247347194969538,-0.005909328086296444,-0.005825192576217915,-0.032918597915022496,-0.017451706709821956,0.023549350967285904,-0.008163233971162618,-0.01706997622382285,-0.005496216449348237,-0.00923978608341151,-0.011753786316859128,-0.007507385622592417,-0.007502311039471697,-0.003008077759812632,-0.010055908115086332,-0.010799232151123486,-0.008781855572901957,-0.010168419190858972,-0.023272862185888324,-0.001064989511100206,-0.02345162129466691,-0.006743286208801944,-0.0057903772846951244,-0.01479642454847495,0.0021162452954915723,-0.005145628329325649,-0.006795503927305931,0.0011320223017589354,-0.021095059550853903,-0.006974104623736885,-0.019276128008786447,-0.018489279078859954,-0.011575970852491548,-0.012934902621480258,-0.006432237475536494,-0.01130196546415375,-0.008596647719521958,-0.02022365976448175,-0.004584308103260902,-0.009095023362309673,-0.01056422069363697,-0.01983604121903744,-0.013826516103608046,-0.01051417281824428,-0.011797667752579335,-0.017031229399996836
9,-0.011454706312373913,-0.02776298876641712,-0.02122489538661667,-0.015643712845283368,-0.01245380201882217,-0.021164014641719936,-0.016652873539888216,0.03584352034636768,-0.01301959175457726,1.0,-0.016366068036641507,-0.026824713398720484,-0.0383430215617357,-0.010161778017857765,-0.04517494144264071,-0.02318609067132222,-0.014321912034538324,-0.017626890956079236,-0.05396401279654701,-0.040805135535764016,-0.028448643693696735,-0.066260273438143,-0.052397620693312705,-0.015618908720490616,-0.016464931361459947,-0.025715034143137715,0.07906640442256399,-0.018369940725486623,-0.08318439912317738,-0.05169779223855322,-0.03528635355186667,-0.02180348432224684,-0.043416457290435154,-0.014970522188896393,-0.053838033993865525,-0.036205759039319094,-0.020074785041825343,-0.02577972730392339,-0.006221483190889836,0.047992945111700325,-0.02904103422658825,-0.024421546364903592,-0.02903594956981554,-0.061351789209825223,-0.027026895970644886,-0.07499095753286378,-0.01467880191604257,-0.018643603678391872,-0.037290693110375445,-0.038455765652406076,-0.014926462834998322,-0.018614209078299297,-0.04493517706351004,0.051667825231460754,-0.029289428954235832,-0.04584444796651168,0.24529259594474184,0.08130475431605685,-0.02811138706970399,-0.01654553844878236,-0.030716260951617586,-0.024149471316287554,0.7195829461704741,-0.012927904934508651,-0.02036108390463969,-0.02763491422544087,-0.055104227897441765,-0.03538900605172892,-0.036537318429689124,-0.023579029588810876,0.1250870825474325
10,-0.013666691978594533,0.0039692624541795875,-0.0077985368978070475,-0.017373300811347303,-0.00652406300789217,-0.008820149479738654,-0.007212332117036088,-0.012320214952624104,0.010165433496487382,-0.016366068036641507,1.0,-0.01774441365060312,-0.018637419845568964,-0.005164709101765046,-0.013215656646941583,-0.006085033822041691,-0.0012444447221493119,0.0003141347287124738,-0.021614980804533734,-0.014573590126018058,0.001284466933986882,-0.032008528723418854,-0.026012969424971985,-0.0015104566687295677,-0.008514013836197216,-0.012649776135077442,-0.007740102988382009,0.07213560552969489,-0.018881528511523638,-0.023653917331197902,0.02428566937850364,-0.00904270477056594,-0.014362695470743843,0.006034173768218946,-0.02169119890222332,0.016242994486100632,-0.009232566084247211,-0.0010264373790187908,-0.0024257411215344343,-0.013864729361487537,-0.015347874966683692,-0.012590290233912404,-0.014300881717796133,-0.022141060611809926,-0.005037693980513423,-0.003815940245716694,-0.008572211162118199,-0.008032171296078597,0.04055474442002224,-0.0030786388583070017,-0.007047964350345249,-0.00914247875291253,-0.01707332934915298,-0.015523285720629009,-0.004655044366939869,-0.02035202774704847,-0.012640280242558779,-0.012144919702818086,0.010565613647509606,-0.007469639817350757,-0.015179980893304607,-0.011153826940526943,-0.017465364822235215,0.000674880039809302,-0.008658905414191998,0.11060153583725635,-0.027583987176406137,0.06522390699406876,-0.0072274482704775085,-0.014294702455705684,-0.019307414902122427
11,-0.011386384109754136,-0.030249412062606694,-0.009291178468620303,0.6874970551910602,0.05479815753820895,-0.021958370337798426,-0.005298928131604262,-0.01855163445686089,-0.013869337573476841,-0.026824713398720484,-0.01774441365060312,1.0,-0.0352606317736052,-0.005925840017091874,0.036884688962699794,-0.03258174462047471,-0.025686684613583335,-0.018406058557125328,-0.01361562617513594,0.069796325193103,-0.03015328848468544,-0.04839299996465672,-0.017297648714906542,-0.016737048959998654,0.024375984801797815,-0.028218735200279014,-0.01675576466173865,-0.019369601870566147,0.12093520239520011,0.002693840750947768,-0.020832462345355098,-0.018095332447189135,0.0785464906595409,-0.01642461476640152,-0.04841720686464982,-0.03866212862490469,-0.006418303310588449,-0.02833617209808825,-0.008964500868928417,-0.028316291886039582,0.04934865660095204,-0.024129894083224745,-0.006780586404496886,-0.03365003208988257,-0.029553773704142444,0.07378292012359718,-0.017479148024013305,-0.012576677348873543,-0.014734339952011448,-0.03340491936383366,-0.013929149059205906,-0.017825308727684896,-0.020801422388408177,-0.05782553018365103,-0.014926685004841747,-0.043280185034325125,-0.03874867569016828,-0.016082521099634914,-0.035495100550312055,-0.013460324056018337,0.03431709011390906,-0.0052147658043245875,-0.040712989312498754,-0.014118246597066241,-0.027627674493221933,-0.03322866684844189,-0.04612726717039263,-0.02998098329997962,-0.0222751589478138,0.021151219298477845,-0.04665271898724556
12,-0.03534687253843497,-0.026226832520432508,-0.023025366922627404,-0.03037848136296241,-0.011745245856596472,-0.016225861881617076,-0.01812485297331009,-0.03815155688200541,-0.012693748876606443,-0.0383430215617357,-0.018637419845568964,-0.0352606317736052,1.0,-0.010386790569703238,0.0750308148652548,-0.04828932587428034,-0.028504689948918083,-0.006487192856899799,-0.02051843894832906,-0.04898396939240307,-0.024517460524346987,0.07863431377168385,-0.03564613098087383,-0.02056277104770532,-0.016796854365972058,-0.01475330746902296,-0.02197783643733736,-0.019163421600853065,-0.040471244956013425,-0.0398954714639476,-0.02185374436599445,-0.011779331512458536,-0.029763382928768928,-0.015510957368247365,0.3455001950852344,0.020750957389274568,-0.010615415068172812,-0.012252102985853948,-0.008716615164369064,-0.029743746634510557,-0.031703540649684725,0.09051264733880685,-0.03191396599690176,-0.0350175735394455,-0.019831847214636267,-0.052382012515279366,-0.019930353442077105,-0.01983106620128532,-0.04560165014261122,0.019199784093962287,0.06556779915915238,-0.007216491673011751,-0.023993802483488674,-0.062201696138544225,0.06438418354377823,-0.044045443703874254,-0.05340866931294974,-0.03238895328778458,-0.037708279187387214,-0.01391225874422625,-0.03254070221138449,0.003203066994545472,-0.05998685319208527,-0.013605879455111552,-0.027996421574403293,-0.03303715946186777,0.09120718789450515,-0.02608343670367574,-0.027894416708466072,-0.03503580441842183,-0.05026147957194915
13,-0.008554329248276744,-0.008073470513239204,0.010561387046518149,-0.0067146037631656596,-0.0024176461061302047,-0.0061799214614852,0.004129809164650293,-0.00591512265417874,-0.0037205911421202458,-0.010161778017857765,-0.005164709101765046,-0.005925840017091874,-0.010386790569703238,1.0,-0.00557185378931218,-0.012791389538174866,-0.007813741717521534,-0.00510144946501589,0.11430153397997923,-0.008770452351555826,-0.00829233917981843,0.004311768675592407,0.002879706089459709,-0.0027797422090965365,-0.0034292326997889537,-0.007594468151773941,-0.006021400458240069,-0.0053562067674324775,-0.007945653685539018,0.009080228132954442,-0.010393591500477797,-0.006404460398567819,0.007796186120470538,-0.00437140812132536,-0.007740196149740146,-0.010842701094767484,-0.004972673639336722,-0.007630349352571654,-0.0023196068620255123,-0.007981673436431259,-0.0010214531924513672,-0.006823429038549359,-0.0011626338975420712,0.01408736591361622,-0.00794363942948057,-0.0023125003614256996,-0.005332814429394506,0.0005047284641340904,-0.013715583756094898,-0.004772265007508296,0.0029443143223010742,-0.0031903986524749513,-0.0003086916128056585,-0.016293566683771032,-0.0070438979826550315,-0.01208594464414867,-0.013741516006554913,-0.008098182037636048,-0.010064625808582936,-0.0042333765003487855,0.007677533579830381,0.0037245037959864388,-0.015602973569543481,-0.003810113670519655,-0.007515735104075233,-0.009518880740855691,0.001437376819306727,-0.008981276667231964,-0.010973588598815196,-0.007669113390336279,-0.01330724335785312
14,-0.015896994798993817,-0.03296883280551076,0.013782415203236541,0.05152947517511182,-0.0021162533252456275,-0.012893165145050784,-0.018042797942060658,-0.032319471327583074,-0.004128585219904025,-0.04517494144264071,-0.013215656646941583,0.036884688962699794,0.0750308148652548,-0.00557185378931218,1.0,-0.03796093730058243,-0.03557707645412265,-0.009564513584682825,-0.014031789972145985,0.09100919021473468,-0.03222237369540345,-0.028587582384842117,-0.03278942111225999,-0.018607872979708825,0.13637718228514767,-0.033166621572620236,-0.01572075282387557,-0.022463315413554695,0.018370932685195365,-0.0043736477631196825,-0.019422860278260415,-0.027549804431757374,0.001300260737360958,-0.019523783831764646,0.020101518513691588,-0.02933284336005795,-0.023048914280811135,-0.012499897371479518,-0.010487676471908961,-0.029633221582166056,0.059943072227652466,-0.013025702439086627,-0.009914753032023053,-0.03573803856001944,-0.03138989815305183,0.13550376614271784,-0.022284618490963803,-0.014067279327603249,-0.0046166461697925345,0.03155150343021895,-0.01070294675482655,-0.01953620477911805,-0.01001572221677097,-0.06876956983652618,0.051083785521139374,-0.051333678903806274,-0.05146543413364717,-0.024014859414115818,-0.01719009197625186,-0.018668541025658084,-0.0024048311831794894,0.03303003594416411,-0.07011563726941789,-0.01705292955200883,-0.03228906972428433,-0.01878840165527498,-0.03018018601383618,-0.009807994490623678,-0.028045624422976544,-0.009571217682751881,-0.05930486040703452
15,-0.042157533388436,-0.033252787705874615,-0.024854727649499628,-0.036481433052741534,-0.015185773832208243,-0.01941532975275431,-0.021005373067768784,-0.0030949105145878335,-0.016242079869589462,-0.02318609067132222,-0.006085033822041691,-0.03258174462047471,-0.04828932587428034,-0.012791389538174866,-0.03796093730058243,1.0,-0.03088977635746957,-0.01341951684048616,-0.06664425456507063,0.033724921759026236,-0.028909843406607464,-0.08112876306022565,-0.06855491082418938,0.01816679051645115,-0.019459695123947313,-0.03257707352870881,0.0023308776151995283,0.006050478985020289,-0.08687006959611251,-0.06384167014332987,0.0010866000431930065,-0.025617387641902183,-0.04600757319680771,-0.018855841144243927,-0.06855333467668043,-0.021914559803797133,-0.025415008563697404,-0.032669095817209594,-0.009706494249835648,-0.02771045518593068,-0.02005685057972566,-0.030838418629249752,-0.028843127804995643,-0.07589389293188417,-0.034883229327058854,-0.022839243886425567,0.26701466932782364,-0.022589603380496523,0.12945217751102345,-0.04308088432986879,-0.01915558368400703,-0.023445578781322432,-0.008662770609743641,0.057395213104314974,-0.026102022506814048,-0.06369526122285235,0.12187080256127242,-0.004250255783616699,0.19949006147881704,-0.021610872421929606,-0.020964602356642915,-0.03058918820408898,-0.021708100994362392,-0.016054503241824968,-0.030172726763680546,0.0017963328274773558,-0.0699139896618778,-0.02208506120258385,-0.03776808894691307,-0.026486409685505738,-0.04642779588744785
16,-0.017820415646368295,-0.016247218065289497,-0.01670535753882481,-0.029503068621115538,-0.009814709790342935,-0.007182981116540558,-0.013009919230488906,-0.026417149937121083,-0.007723090426609248,-0.014321912034538324,-0.0012444447221493119,-0.025686684613583335,-0.028504689948918083,-0.007813741717521534,-0.03557707645412265,-0.03088977635746957,1.0,-0.006828196007314315,-0.04016553705786579,-0.03539502691100118,-0.011191710879301256,-0.05011979154479633,-0.041391953991481975,-0.014600526373418906,-0.012957281787499933,0.002177753823525299,-0.007671810818026434,-0.0051321409458828775,-0.028722038685163778,-0.0403899843245375,-0.01565136612919212,0.31641452875645537,-0.024326698040822207,0.06569196461474841,-0.013032981347325216,0.03887314587507356,-0.003450947122678775,0.002474706548982049,-0.005625669051727554,-0.021204225631821016,-0.022737928565405317,-0.017143296573721805,-0.022998553278073146,-0.034213136640897125,-0.014283879290032938,-0.06011579642544529,-0.014148201627755751,-0.014673935223270585,-0.01904343026023143,-0.02837754391909273,-0.010885761271089322,-0.014440800508824233,-0.03638394343092195,-0.043819787656614165,-0.02164442908282723,0.023614862147018946,-0.009207907803435134,-0.021444393165329013,-0.01689353016858402,-0.013338135591403521,-0.024397039698492076,-0.018462987160357908,-0.029715681740258782,-0.008268529557115477,0.04518626196512207,0.008006618850284756,-0.0430158764892697,0.023953416357992523,0.04817289962468857,-0.023566251006090087,-0.035786190032988476
17,-0.014911609204317621,0.11604689306775542,-0.010712186526857934,-0.018487306509869617,-0.005664076810262911,0.14349533504776385,-0.008003904060881592,-0.017205155562838644,0.002751696507232175,-0.017626890956079236,0.0003141347287124738,-0.018406058557125328,-0.006487192856899799,-0.00510144946501589,-0.009564513584682825,-0.01341951684048616,-0.006828196007314315,1.0,-0.02213439595562694,-0.021986311927278887,0.003731146694089145,-0.020064436274774562,-0.0266892387236891,-0.007911912602790935,-0.008269475842424741,-0.0092346798867384,-0.005975335710932111,-0.001486016714634204,-0.03085995152598481,-0.022624150364074946,0.0694468904846679,-0.006742353545729454,-0.018649760235338743,-0.0048037269891361995,0.04497632670175646,-0.0003618327363753872,-0.00940382005431354,0.00033922601332021384,-0.0026288750518931522,-0.013719105581384936,-0.014658895832244622,-0.010888518248467465,-0.014755263828319725,-0.02415941152383618,0.08259336954274701,-0.012811933017476226,-0.008748726145178555,-0.009429693986680657,-0.012300132448846469,-0.006850369305229516,-0.005971511787653148,-0.009104007147741195,-0.011368813441600158,-0.024864225097049858,-0.0032697086919951466,-0.021481399578286174,-0.022767095558018632,-0.014510679629555576,-0.011042244646690793,-0.008172106578297329,-0.015396206585910465,-0.010450343107402902,-0.025828634884059988,-0.00399394380298367,-0.0068705514866457176,0.05873803988104309,-0.02003633287487924,-0.002896438035627967,0.1122927680561144,-0.015784879929490066,-0.02253799414447348
18,-0.037302386101000576,-0.042062194924554444,0.017536364817434827,-0.004778904630775623,-0.00940174505123012,-0.030898868155916796,-0.011795291615767306,-0.04995111554376404,-0.018832076428388404,-0.05396401279654701,-0.021614980804533734,-0.01361562617513594,-0.02051843894832906,0.11430153397997923,-0.014031789972145985,-0.06664425456507063,-0.04016553705786579,-0.02213439595562694,1.0,-0.0333589986645539,-0.04089393248981027,0.253716188205454,0.07234650707018256,-0.028765143565666694,0.05207389926235917,-0.03929218518693297,-0.031537085202685264,-0.024149775907790983,-0.019512738982794736,0.1270954479984882,-0.034443493715245035,-0.03243085121949221,-0.016075572725635354,-0.020957351323650127,0.042740013910821856,-0.030840767508069807,-0.013616903482942082,-0.03908623931085882,-0.011814857644163991,-0.04105958426650964,0.01109723035303238,0.02028043338741551,0.12271261738231536,0.01937208757874252,-0.04064271097252635,0.051081446067380576,-0.02805230132753303,0.035370836346149896,-0.06752444865813802,0.02836661212829692,-0.005789248888106961,0.014061644019566052,0.17274273502464652,-0.08693269515878589,-0.022133050637375654,-0.049691680222366245,-0.07440204687708606,-0.04609559527534825,-0.052682383273522024,0.011587087105079628,0.08036444091076068,0.08842171715069123,-0.08432120781185615,-0.01981251271438332,-0.038813411719656236,-0.04081020400717111,0.16642448917318425,-0.04313949255001284,-0.04759775644349516,-0.04341537501290925,-0.07039690217549172
19,-0.021743405384930033,-0.0354526400342928,0.025105219646043404,0.06401724736454059,-0.011812453329750745,-0.027289830451379615,-0.01940575172636767,-0.01427898960104745,-0.016072672841414906,-0.040805135535764016,-0.014573590126018058,0.069796325193103,-0.04898396939240307,-0.008770452351555826,0.09100919021473468,0.033724921759026236,-0.03539502691100118,-0.021986311927278887,-0.0333589986645539,1.0,-0.03643064015581869,-0.07324619911438801,-0.06107099464586659,-9.642162121087849e-05,-0.0019113091721655795,-0.03323261359849053,-0.02459745469382076,-0.023460930041419973,-0.05429225073945075,0.028997608410000788,-0.03422800605162527,-0.027688314678029007,-0.011011901400560487,-0.019167785817044904,-0.0690220414220381,-0.044753430345824616,-0.025231809485208066,-0.03358151696733913,-0.0104297042645868,-0.03416329008013043,0.020440429799927978,-0.03092633007579751,0.03951160661372947,-0.07790161756746287,-0.036195515266726805,0.3033605918187298,-0.01322940735108822,-0.009748777488857422,0.02698876147938458,0.00959890946670456,-0.019004274677796508,-0.02366276442413573,-0.019921029809754808,-0.06580428039015632,0.04842665492007163,-0.05615860378639573,-0.02626702249358075,0.006756063543677075,0.018911751545317237,-0.011863934701635239,0.05126206330852199,-0.030480580753646007,-0.06446986819264819,-0.016588889290299023,-0.03144387634280543,-0.039926336826211356,-0.06891350734033214,-0.00670532742786716,-0.044737744774624374,-0.0042860218955305795,-0.0586269817509661
20,-0.02814722208470573,0.08101091592848242,-0.01713457724115435,-0.02992209723376675,-0.01024645821164763,0.0008939430908095217,-0.013846123108835429,-0.028349901204295654,0.09238256192239849,-0.028448643693696735,0.001284466933986882,-0.03015328848468544,-0.024517460524346987,-0.00829233917981843,-0.03222237369540345,-0.028909843406607464,-0.011191710879301256,0.003731146694089145,-0.04089393248981027,-0.03643064015581869,1.0,-0.04834108753639589,-0.044002074762742836,-0.015235404594785338,-0.013337444659649582,-0.00657701616926654,-0.013617855242884934,0.02193902033300671,-0.06662684248927896,-0.03933331463435929,0.028486344488913573,-0.017705033239020986,-0.03889378798134142,-0.01147227639949639,-0.026356053064045225,-0.005093434665284089,-0.01586841443647776,0.06530053199407229,-0.006422048471332707,-0.021956048013197366,-0.023618134561882262,-0.017886505704613087,-0.023582536016040885,-0.047681079541065194,0.16732761381676176,-0.050766478631134315,-0.014703301377897389,-0.01510300141865989,-0.032699584574585425,-0.024320729046100636,-0.00930824712341962,-0.014767455362966593,-0.015636658014764812,-0.04610597645754956,-0.014307386751923615,-0.03998401188338867,-0.039807393835751166,-0.02506762095587382,-0.025460157942711448,-0.013047909198566243,-0.024938965172128756,-0.01903837850443493,-0.04434993172816194,0.0039893103976311566,-0.018987379056311343,0.01159204934623939,-0.04232297427346701,-0.019237631845849645,0.07596640210870337,-0.0258776615220353,-0.03657800867606182
21,-0.047184294022309566,-0.05055417176680401,0.00833938566690774,-0.054136248097086934,-0.01957858177981872,-0.03466969449266665,-0.014858311465613137,-0.061495603707565176,-0.021750471168271612,-0.066260273438143,-0.032008528723418854,-0.04839299996465672,0.07863431377168385,0.004311768675592407,-0.028587582384842117,-0.08112876306022565,-0.05011979154479633,-0.020064436274774562,0.253716188205454,-0.07324619911438801,-0.04834108753639589,1.0,0.10574945438526404,-0.03485256731158651,-0.027654300843232404,-0.04576473361224695,-0.0387076313308991,-0.029639099262723137,-0.06355310800933166,0.18372302416965447,0.0055810542414103555,-0.040088044122800745,-0.016959048620369926,-0.024185483430231917,0.11817291479583453,0.014762618464878691,-0.02382814727006695,-0.045182580285567105,-0.014938261260811513,-0.05108548176760167,-0.03764004790924904,0.023720467194582408,0.007129731054647167,0.0831865760956837,-0.043034439782724296,-0.005358405610666625,-0.03447657740875665,0.004367548863225178,-0.07817511089916258,0.04172767238177634,0.05145473562631709,0.09423343109308134,0.13646708337407418,-0.1056289339708052,-0.003608448484858917,-0.05884146459206415,-0.09269841836415132,-0.05505110612330437,-0.06246117831191508,-0.009314294724204478,0.019341252030735192,0.05645616124567686,-0.10247588996172194,-0.024190861030145238,-0.04597171451650136,-0.05398632338056282,0.36917404036111723,-0.05270659536011572,-0.05494703790930175,-0.031916809811142706,-0.086760723856319
22,-0.02718280246477419,-0.043352909636218864,-0.026624409479007162,-0.009573154958100433,0.00979392793377826,-0.031237452748531715,0.13820919622607977,-0.04809413182390594,-0.02026929019893385,-0.052397620693312705,-0.026012969424971985,-0.017297648714906542,-0.03564613098087383,0.002879706089459709,-0.03278942111225999,-0.06855491082418938,-0.041391953991481975,-0.0266892387236891,0.07234650707018256,-0.06107099464586659,-0.044002074762742836,0.10574945438526404,1.0,-0.029269551775093466,0.023328954526757623,-0.04001783903977747,-0.031889784713110325,-0.02791637878188548,-0.0362510121648468,0.04665162317539191,-0.05670543064922216,-0.03272352880834134,-0.04021531433187964,-0.02195383257773938,0.007291976855901212,-0.029868552166288934,-0.0011810042316472867,-0.04010740922332575,-0.012686713899111128,-0.04215849954217922,-0.020233792893798314,0.03176291036130912,-0.03617739579908136,0.06571227361747858,-0.04017387200933256,-0.02680795191777642,-0.028435727412165844,-0.024067336092021066,-0.07480000869215644,-0.024256631848565226,-0.0026612365333356907,0.05019317786431653,0.0054451490188773925,-0.08857534808709774,-0.03702987760843554,-0.03141132169467066,-0.07516174625859984,-0.04581976288228251,-0.05052704458663625,0.021953524939389773,-0.025947174251317564,0.05967983822025831,-0.08219300259197065,-0.02026816105371991,-0.03372488253324752,-0.04858571454533665,0.1709615165605184,-0.05011578398586742,-0.056438236326006766,-0.041432255467864755,-0.06917076058492755
23,-0.009222158280972458,-0.014532978449713978,-0.00968347879577314,-0.017623795017399385,-0.006068186255627281,-0.010405979344493069,-0.008947782706752817,0.009021913176215944,-0.006966233318536947,-0.015618908720490616,-0.0015104566687295677,-0.016737048959998654,-0.02056277104770532,-0.0027797422090965365,-0.018607872979708825,0.01816679051645115,-0.014600526373418906,-0.007911912602790935,-0.028765143565666694,-9.642162121087849e-05,-0.015235404594785338,-0.03485256731158651,-0.029269551775093466,1.0,-0.0049689914765110865,-0.01383795157277971,-0.010337671315517636,-0.009322444090757923,0.0127534080966254,-0.027296881423813552,-0.006873659955514818,-0.010814479847055077,0.0037408936863537095,-0.008053430295866216,-0.029221059689678426,-0.01661855799142775,-0.010806659383545393,-0.013854806672550204,-0.004392659881304474,-0.007243505684524325,-0.013505530381233536,-0.012679024262424322,-0.013857507785840762,-0.03285822536629712,-0.01511773015664036,-0.019179392977206597,0.012825138700386533,-0.009433086168798451,0.03378310055273629,-0.017138942355111694,-0.007708325945979975,-0.009953481337971623,-0.019620784502997108,0.007324649954030482,-0.007284729716660875,-0.026743261393082668,-0.0008330449788343029,0.012990108622109817,0.14579481702875008,-0.00905845391986668,-0.009200107577940892,-0.012963418687928179,-0.017713856418613942,-0.00690768801534792,-0.011694501780347191,-0.014837366074519354,-0.02992280113426761,0.07538708652802813,-0.011881568106432,0.05641723032974658,-0.02360793415274842
24,-0.017136335779714656,-0.013090921885991398,-0.008634405495252564,0.017247689515538824,0.02868732398119867,-0.010009695208705795,-0.0065219922758926584,-0.013860230573736242,-0.006073673876200966,-0.016464931361459947,-0.008514013836197216,0.024375984801797815,-0.016796854365972058,-0.0034292326997889537,0.13637718228514767,-0.019459695123947313,-0.012957281787499933,-0.008269475842424741,0.05207389926235917,-0.0019113091721655795,-0.013337444659649582,-0.027654300843232404,0.023328954526757623,-0.0049689914765110865,1.0,-0.012121279151032522,-0.009605621992768536,-0.008748350709064337,-0.012087808184115173,0.03539501249632939,-0.014206295393464134,-0.010217060610701345,0.006740821570008375,-0.00695380321127444,-0.014070428132867725,-0.018131832200892085,-0.008793124732579675,-0.012234648815397157,-0.003852106413170712,-0.01229172748666545,0.011132371965256564,-0.010991769663324526,-0.0050581396533075995,-0.00837737041528583,-0.013242814915685085,0.08712598839322845,-0.008538568492412302,-0.008502132294794204,0.0035630660396836177,-0.01813806848251897,-0.007172295101619133,-0.007541050875525975,-0.014129477805730385,-0.02599523803714153,-0.013729877714987536,-0.02453889026741552,-0.022929692458839045,-0.01455406285523382,-0.015766890584447267,-0.008019055851407284,-0.010737348499647192,0.07612422870437818,-0.02567906973001651,-0.006058769387818191,-0.012242563198922123,-0.015221032108179352,-0.004429349580849471,-0.011395761140985654,-0.018705681611134756,-0.00770384491544176,-0.02143635155988283
25,-0.010037539329865544,-0.01870329037118553,-0.015674154475299868,-0.028576173251283636,-0.008635276546293058,-0.012641263269511226,-0.012591865753515754,-0.02562258157523968,-0.009247347194969538,-0.025715034143137715,-0.012649776135077442,-0.028218735200279014,-0.01475330746902296,-0.007594468151773941,-0.033166621572620236,-0.03257707352870881,0.002177753823525299,-0.0092346798867384,-0.03929218518693297,-0.03323261359849053,-0.00657701616926654,-0.04576473361224695,-0.04001783903977747,-0.01383795157277971,-0.012121279151032522,1.0,-0.01492595509502133,-0.013830110665654736,-0.05334450880642373,-0.03787567897988955,-0.023959134154676737,0.311500087103703,-0.03136651888252784,-0.008819707671505323,0.014249209422264451,0.025948527168401653,-0.0045422395258001395,0.014549109874602666,-0.006029411079250444,-0.01994058110159274,-0.021522850946192267,0.03145440459899063,-0.021517951255242147,-0.03914491995445599,-0.010525084860381784,-0.057347049493262,-0.013417231002098486,-0.013678758074093876,-0.0361752933566313,-0.029070947116615495,-0.011041151306685208,-0.013474784965329892,-0.03552294152981475,-0.04183533228969513,0.0029060729609302802,0.14427192165295177,-0.03546933245669015,-0.02059704584818209,-0.025701197196772954,-0.012056072271279302,-0.022909515869635445,-0.017372257125748136,-0.040161918067945945,-0.009123940636159313,-0.018658998186338642,-0.022681973545949603,-0.04038784595917165,-0.02499713624748425,0.15866405543433545,-0.023671185585434965,-0.03380683473469109
