,0,1,2,3,4,5,6,7,8,9,10,11,12,13,14,15,16,17,18,19,20,21,22,23,24,25,26,27,28,29,30,31,32,33,34,35,36,37,38,39,40,41,42,43,44,45,46,47,48,49,50,51,52,53,54,55,56,57,58,59,60,61,62,63,64,65,66,67,68,69,70,71,72,73,74,75,76
0,1.0,-0.026326846487583808,-0.012683154144541856,-0.007961505079334477,0.19950959168429527,-0.016020998921334115,-0.025575989777488393,0.04490708001270704,-0.012829160657484694,-0.009537402749436506,-0.05488367195728032,-0.01677278543256588,-0.03514634211380687,-0.023104219954210158,-0.016960504570246674,-0.04037388468482044,-0.013817462269936541,-0.014873344586366057,-0.00803661505117518,-0.021595469622544855,-0.026889682420073176,-0.047618495324399754,-0.02514315538383146,-0.009070855859147365,-0.01595930852368862,-0.00791782398200473,-0.008409579902763828,-0.015972474778575226,-0.018373115450366143,-0.042303586261989164,0.003614060707569283,0.0070382422157639814,-0.010295642692738114,-0.010719102811601568,-0.025268264627762552,-0.019960223128019258,-0.028764913703738907,-0.022857093222369358,-0.008105027981077345,-0.00518021797221087,-0.02237925997354201,0.01773506940744565,-0.02788033409458302,-0.010153646557454822,-0.004705881655996053,-0.012151900569101218,-0.02128412826459184,-0.020967661794014155,-0.0068317202420498605,-0.055899582834973364,-0.005969575424852966,-0.004641881227684235,-0.01042674237052097,-0.027111791759014917,0.0020465802846090743,0.1644331576584979,0.05450339893187217,0.14199649310071222,-0.023509086746964735,0.006078294197054885,0.02447296132861334,-0.022440651007931765,-0.01981718123628082,-0.012943433404405366,0.0164195035276447,-0.011349976299567036,-0.02990227003292187,-0.015615539142466463,-0.021423499918395275,0.06178864167649812,-0.04334886504794039,-0.010657041970012784,-0.012547808064288691,-0.01768111011977974,0.02378972685505998,-0.037436117947728526,-0.03588137389871107
1,-0.026326846487583808,1.0,-0.01023374373705015,-0.013614483427710716,-0.04654302975082775,0.40070011679860384,-0.022628774706419538,-0.02727182806754954,0.021693789156711236,-0.027616204251237765,-0.04389749048483167,-0.03211659380474332,-0.025940227197251538,-0.0050934201536268,-0.0327228184636279,-0.03338871272698505,0.005036562817520697,0.11638537520592192,-0.007940210799181698,-0.03525669348367461,0.08183066143425527,-0.05038687217095622,-0.04302987949810709,-0.014500628951890606,-0.01287662899228648,-0.018469544514027086,-0.014385756155283574,-0.01278974991330414,-0.015959064359143113,-0.040209908170946836,0.09218802372080825,-0.014670449973657858,-0.03675695657612407,-0.0075497161902142555,0.07696095481643457,-0.024507507005202822,-0.02717655067674076,0.1623330128883225,-0.006036793727798959,0.0011778165982652897,-0.02299490956358123,-0.018350564964975304,-0.023060390345062805,-0.009218001633619227,0.13152434225948,0.012477008484256832,-0.024000692610381562,-0.016449729692387484,-0.035342893859603736,-0.05953128395264809,-0.011748056544906845,-0.014408219316378455,-0.019756131793877627,-0.02136264033961042,-0.013583892342496452,-0.027995191253280025,-0.037373489236401256,-0.02406891895991308,-0.024408923636171483,-0.013577033354388616,-0.02760251304063148,-0.02978711807288791,-0.04245786624929348,0.09563988646259176,-0.014689891317818131,-0.011685576937274244,-0.04102363465673792,-0.005076001157548087,0.18158193045302412,-0.07162869847921147,-0.03485466638498748,-0.02460212601346408,-0.004892186035815726,-0.016873434837914182,-0.01564148192465875,-0.029581839678676735,-0.041874169248382956
2,-0.012683154144541856,-0.01023374373705015,1.0,-0.006052328873962289,-0.02281594363647797,-0.007766643340205335,-0.011261130408167643,-0.012296967204996892,-0.004381390796488639,-0.012948862390099177,-0.020401794477233087,-0.002366367907506383,-0.013651743228803678,-0.0066734252935478095,0.005923540808476664,-0.015387485222179281,-0.005890470128081329,-0.006407013605728708,0.00034781817437299495,0.0052514985815952315,-0.01030808474694573,-0.00592558449713288,-0.016782065936835972,-0.006330054045470876,-0.00546409977935785,-0.009447742615147687,-0.006130901490340177,-0.0064283429773910414,-0.0069597845744250215,0.09875998186527934,0.009657635265840306,-0.008039390915407455,-0.010580511534580153,-0.005546816636826565,-0.019984187034671932,0.13903602730808368,0.03182415331420409,-0.009533644297218816,-0.0028901224913790045,-0.007525937754555053,-0.007433974532035285,-0.008978687223586261,0.056857804886754224,-0.004020559050732342,-0.010516373640335867,-0.006047502745280028,-0.013615050032983876,0.4876799270678348,-0.015684473298379197,0.0365104738725997,-0.003804574370922911,-0.006419165074467241,-0.009039047778424887,-0.009978444844359297,-0.00531215600757402,-0.019022081684710816,-0.017308528121722233,-0.010932722935420428,-0.011563160894531972,-0.006400782030246855,-0.008929988082274468,-0.014452792895653415,-0.019970078267730076,-0.004806657968335486,-0.009490522418475235,-0.01175163187489103,-0.017295737254594303,-0.011956319205183951,-0.014529543674320775,-0.0340174031827301,-0.01683002799289078,-0.010337959582420515,-0.006114663908457932,-0.010092154672012651,-0.007431452095617026,-0.0015977838848000923,-0.010378475858039794
3,-0.007961505079334477,-0.013614483427710716,-0.006052328873962289,1.0,0.030216327478087536,-0.010248631995885073,0.005505844330972497,-0.014089195567455973,-0.006400732816340578,-0.016609063710608565,-0.027364452192820007,-0.010247813770386176,-0.01819666386280501,-0.005657153325511446,-0.018125383577431688,-0.020862788671122935,-0.006926722127728494,-0.007893369940657438,0.004028689844647902,-0.0192715467789675,-0.013613339543054586,-0.014917578066682868,0.13802677420303483,-0.008917531189768095,-0.006568745899463081,-0.012502533573267735,-0.008729180329585183,-0.008245788197253518,0.004152411135706879,0.0022749158485300775,-0.017475349925871186,-0.008968669948471699,-0.013184280795605852,-0.00724253487681188,-0.006647987675336732,-0.01230633857765703,-0.01585447540393417,-0.012517938809887854,-0.004020698315031153,-0.0031768645307716403,-0.011727728366805076,-0.011094887498526568,-0.012796569210855339,-0.0044646533560180335,-0.011813142745329831,-0.008017999589158605,-0.013691465609340866,-0.010112955650585285,-0.023264698104801265,-0.02115913993673732,-0.004500625698534885,0.011505574489178414,0.004544716183025528,-0.01344871952571313,-0.010572608393178778,0.013309766567751707,-0.01848036442949306,-0.013849692122243651,-0.01528988883831768,0.04195859457616883,-0.00831266201657516,0.02006986199439706,-0.023772070245326904,-0.006340028757672021,-0.012077711567984695,-0.01341028262606241,0.005155696515419921,-0.017128556318531003,-0.018540003001045233,0.012003117799755792,-0.022500275679564412,-0.013661386253588606,-0.008090830056916845,-0.01290423781663146,0.0025007928572898523,-0.004699425847991741,-0.012001656982791778
4,0.19950959168429527,-0.04654302975082775,-0.02281594363647797,0.030216327478087536,1.0,-0.028196449848294572,-0.010939801659131124,-0.056775444029671565,-0.022107734973633462,-0.05847992641757903,-0.0980694361467033,-0.045438885792428205,-0.03913508103461266,0.046099666209191634,-0.03931442601217019,-0.07282922001449457,-0.020803964742350526,-0.023685182253405806,0.012527841079807716,-0.07414311643195126,-0.045456353399642435,0.07554070528542597,0.06193801176463436,-0.031079697624491316,-0.01428403837362447,-0.03775693258237159,-0.03201353856078916,-0.018284503520940555,-0.001550945471920813,-0.04607232088868793,-0.05352816052388272,-0.023359137288283503,-0.012291080336503103,-0.012381498760428052,0.049536053002725386,-0.04454140714122215,-0.036305250190753244,-0.03999364952795066,-0.01396596653782594,-0.030422627517673474,-0.050357906660056975,0.0032555020860016103,-0.05201320051122125,-0.018141300116160816,-0.004024102374537268,-0.014914858167252146,0.046338561634199596,-0.03688604990589876,-0.0758964917931591,-0.07654935700186856,0.0016376007152458343,0.05229641246658481,-0.030777666558007608,-0.04771456913488638,-0.03313455440412456,0.2415555254107301,-0.07143234615036086,-0.045252423096175456,-0.042472718923831775,0.010965144127957394,0.072678183869512,0.09453291178141068,-0.07776795548415091,-0.023272982972599533,0.04497080654165229,-0.01068051030670412,0.03276094797555032,-0.007262335982183604,-0.03552453388785499,-0.023401059452626417,-0.07880887796382216,-0.04606405566772791,-0.021014254380444717,-0.031035504014138033,0.11190084184995758,-0.024246953102565808,0.004553084345047041
5,-0.016020998921334115,0.40070011679860384,-0.007766643340205335,-0.010248631995885073,-0.028196449848294572,1.0,-0.02092909305148629,-0.020807509673750096,-0.006066767127849865,-0.02084536891923073,-0.031203349486929915,-0.023386844554533628,-0.015915955518171564,0.003080315326800266,-0.012606533261272817,-0.01926807654913737,-0.008108908558900257,0.1424110516508218,-0.0060429587623355655,-0.02686368948346862,0.001484927664013163,-0.035570069771965515,-0.031741358738677554,-0.01022442410669083,-0.009676922731123215,-0.012612877758570309,-0.010733820466804149,0.0011894010363047028,-0.00956355165397366,-0.030437930672340102,0.061074475073948864,-0.007433295882253572,-0.029516364260921364,0.062245458466961334,0.0915958191244726,-0.018547159116222095,-0.021634646047221186,0.07695127264952227,-0.00476945189759079,0.0068519923274224645,-0.017503134271438004,-0.013466330949497944,-0.017399492503873636,-0.006965661855660712,0.09856914720798426,0.01410417279677372,-0.01757184133855107,-0.012666825305998443,-0.018332399181253494,-0.043562288394417614,-0.008915388074986479,-0.011109632106543633,-0.014485671737517043,-0.016291876862073285,0.018250862883781645,-0.007821081068657965,-0.025490849195809375,-0.018304969520241944,-0.013362451856125307,-0.01004558910427787,-0.020029947051044383,-0.021855075113893747,-0.03166351136562507,0.13136412829964278,-0.00588875529579003,0.01611356075164034,-0.03121001513673787,-0.0042074362384420215,0.031851982439666075,-0.0531936596321769,-0.02582184017171495,-0.01902229599908348,-0.00418119299214098,-0.006701539615072603,-0.011264903007009627,-0.02390185155225906,-0.031164909973696475
6,-0.025575989777488393,-0.022628774706419538,-0.011261130408167643,0.005505844330972497,-0.010939801659131124,-0.02092909305148629,1.0,-0.018694775205046314,-0.011323345455454355,-0.034429047554092276,-0.056598308640111186,0.05344811946082312,-0.005771115704642666,0.03179579025584871,-0.0010746751258575759,-0.0388739304827041,-0.013538447226145252,-0.00444008500109013,-0.0016830092425400643,-0.03693696215556813,-0.02288435774121554,0.005646368030147151,0.0772412148154828,-0.009600393748167336,0.014648743675375366,-0.016051965568070155,-0.018962626506146572,-0.015866006783958088,0.003690648985775145,0.11714627589522547,-0.006136778499615922,-0.01252508665736067,0.038364004423913106,-0.013896814758123665,-0.017754970252866348,-0.0056183656254178505,-0.012808045743665064,-0.018638686427100596,-0.008423107469800661,-0.017492964351574658,-0.013390764347305031,-0.014229407029176976,-0.018255883396587978,0.10857813017874564,-0.026879741423169286,-0.015790528641774822,-0.025075935316264203,-0.010961425129236917,-0.006784726773435961,0.01942860821366342,-0.012072588281839755,0.00022703266910669394,0.024770542462865745,-0.028430800193044427,-0.019529111090202576,-0.004103145161872447,-0.040020912741931494,-0.022407647049191327,-0.030122726252580147,0.01567693242269945,-0.017956786218301032,0.10493477527428874,-0.05468539845135633,-0.013072840842919643,-0.019410055030943275,0.007284836937674456,0.0029907855047609636,-0.012200461919597994,-0.001351538765703533,0.040180719817720936,-0.04827602694426574,-0.01329230856336919,-0.015269745607422332,-0.013030982693421445,-0.009391398227678881,0.01339073181039619,0.00437093813183911
7,0.04490708001270704,-0.02727182806754954,-0.012296967204996892,-0.014089195567455973,-0.056775444029671565,-0.020807509673750096,-0.018694775205046314,1.0,-0.012901935647456073,0.03563079442111834,0.12799578083150592,-0.01921564232452377,-0.03795070851460694,-0.031256294500801314,-0.032290428261668114,-0.003109966384014423,-0.01162734238288073,-0.017015652515939582,-0.005777964696564631,-0.014270619766642826,-0.02789980023440499,-0.061380651370626635,-0.047852588113737535,0.008951604228917488,-0.013692137989217642,-0.02536396210196018,0.0065520828841903085,-0.01775276196030678,-0.019584581446765843,-0.04747249111097028,-0.0276032447154904,-0.019182244221641546,-0.0032740766470059305,-0.014615760007401061,-0.05273006215077458,-0.02309823813587324,-0.03451349925288511,-0.025072419888101615,-0.00812934461349558,0.011104485100246964,-0.019639258973554407,-0.023522524541557933,-0.026994838904020435,-0.010104103945651737,-0.028173909802512536,-0.009744019980573213,-0.035666918658849675,-0.020184761850647152,0.10920334806765719,-0.050149450337621235,-0.013744339972125317,-0.01812516144144088,0.0280391772654439,-0.011552573168188323,0.02939164070060601,-0.028652190180528034,0.06753207395026636,0.25101164091233497,-0.02344280762315543,0.06588935025415302,-0.025881948911439197,-0.03377295217890233,0.09035362119835785,-0.012790920108891777,-0.023555459455398144,-0.03179676724682271,-0.054955980188987306,-0.03364686398140728,-0.021465045898382145,0.04689635114600704,-0.03664121519243785,0.03418750540508767,-0.016260339413414236,-0.026300996801783345,-0.01978199172646755,-0.032740738172034996,-0.04982369980485116
8,-0.012829160657484694,0.021693789156711236,-0.004381390796488639,-0.006400732816340578,-0.022107734973633462,-0.006066767127849865,-0.011323345455454355,-0.012901935647456073,1.0,-0.01294396910451916,-0.020975171790706106,-0.014498428916361682,-0.012569229965090817,-0.010962587005683696,-0.004259153678262273,-0.01615397205676546,0.010556445992707377,0.0028576642915771567,-0.0036580287778595964,-0.016092739217838124,0.09278415155826047,-0.0215888413671931,-0.020086154242306378,-0.006915103288474382,-0.005961714974724638,-0.009243772062804953,-0.006704383077032512,-0.005667287673290459,-0.007428904215486461,-0.017349374566405125,0.023351601120989874,-0.008247681259332791,-0.017366633845715594,-0.005437377831874956,-0.009200256379042655,-0.011170102680261623,0.004341150716398307,-0.0075202254711730886,-0.0029807544300207572,-0.0059075510106526554,-0.010733914524559953,-0.008793971425168365,-0.010146297212304815,-0.004291802787946459,-0.0010874719108572178,-0.005919364611671271,-0.013655740898377726,-0.005946428892912287,-0.014754029545790732,-0.02313947889447568,-0.005019263938457223,-0.006765915433771906,-0.009437762680491396,-0.01000792560625395,-0.006704669043378423,-0.019124336814664113,-0.017874970897321603,-0.011275914904911429,-0.01273308723235293,-0.006359320019449277,-0.010415296401620238,-0.014668324778591469,-0.020088394757194636,-0.004582596343936197,-0.009021051535093548,-0.010502632445445054,-0.01973172032037969,-0.011550317768645981,-0.010521337115262125,-0.03397742939028028,-0.01693504732781269,-0.011699303589487701,-0.004739960866879914,-0.007602581545226657,-0.007455519292725677,0.0008710592299455595,-0.01887057709896165
9,-0.009537402749436506,-0.027616204251237765,-0.012948862390099177,-0.016609063710608565,-0.05847992641757903,-0.02084536891923073,-0.034429047554092276,0.03563079442111834,-0.01294396910451916,1.0,0.05303028563719933,-0.021427116619944474,-0.03822102391006524,-0.032056190440317565,-0.04515768003214684,-0.022902112333937776,-0.015714875421309706,-0.017305061399746163,-0.010053777927626517,-0.04084586556073333,-0.0280112110503438,-0.06615663572572891,-0.05215320261337067,-0.015511218850084047,-0.016247422115113326,-0.025482197834103052,-0.01465886788725148,-0.018117674223602085,-0.02101040922074276,-0.051090210961830404,-0.03521657759889927,-0.021643538841988944,-0.04359485185087272,-0.014903986443564644,-0.05381657397127318,-0.030466011827520432,-0.036302274899741485,-0.025464631847805053,-0.006185711109554803,0.0778122815453312,-0.028924621427819305,-0.02431614378316265,-0.029018631674539698,-0.011509706612175737,-0.026910401036697982,-0.013808116756958528,-0.03547892825762247,-0.021063903438799852,-0.037128684017191216,-0.07496265305065453,-0.014593793518046825,-0.018565041599624812,-0.02444981521969028,0.048923872363312304,-0.02855463097459035,-0.045636652365082485,0.25086032209749914,0.08165550436224189,-0.027758129401127294,-0.016448971335151684,-0.03189116043785355,-0.040226270535347525,0.7178520295040423,-0.012912214218603021,-0.020208686316594962,-0.027468235717867783,-0.05496994372386734,-0.03565531877394697,-0.03636738085591991,-0.08391055954694807,0.12533866415392214,-0.02300782981973026,-0.016409888447277136,-0.014083603357051945,-0.01999745866458603,-0.044571531883281404,-0.05385678944257061
10,-0.05488367195728032,-0.04389749048483167,-0.020401794477233087,-0.027364452192820007,-0.0980694361467033,-0.031203349486929915,-0.056598308640111186,0.12799578083150592,-0.020975171790706106,0.05303028563719933,1.0,-0.0596419176257576,-0.06206178999889395,-0.05228834437994791,-0.06874456920154737,0.05744744578327586,-0.015609415512869968,-0.024568311265782062,-0.016088136129828533,-0.06578713417163348,-0.045429560536749014,-0.10557779314044105,-0.08823043412168217,0.007376325533404126,-0.025660276590113475,-0.04148037234924486,0.023860583308808647,-0.021719738010109575,-0.033887617205821466,-0.08299374501620911,-0.0359973006778368,-0.03401526426673579,-0.07059751093547463,-0.023399905693567535,-0.08833620044712912,-0.04594936698988249,-0.057880303447116956,-0.041255502866272234,-0.011424661320642075,-0.031182482897335405,-0.04557094845903567,-0.039214224836920816,-0.045672712562134135,-0.018458313862883213,-0.045711305926263934,-0.017332585188828215,-0.011224740320248016,-0.03344791807534261,0.025976370904125256,-0.108542645881463,-0.02432904750108959,-0.030068812766710425,-0.037342581819223286,0.32339194329333,-0.03737753706579679,-0.0831280413754281,0.08152866872226093,-0.015584131884018883,0.0244484088485301,-0.027706972797260386,-0.0441834647716699,-0.06443736767466043,0.1094961173151912,-0.020744784854534605,-0.039938382674836945,-0.051537321509676035,-0.0902061589273929,-0.060226817459363195,-0.05824801380164782,-0.11172098823943646,0.2672522222370473,0.1148776490902761,-0.026492621938112724,-0.04353675814266948,-0.03277373255529354,-0.04819399807258044,-0.08682928503076873
11,-0.01677278543256588,-0.03211659380474332,-0.002366367907506383,-0.010247813770386176,-0.045438885792428205,-0.023386844554533628,0.05344811946082312,-0.01921564232452377,-0.014498428916361682,-0.021427116619944474,-0.0596419176257576,1.0,-0.03498376535939557,-0.022082331078025423,0.04864059125841466,-0.03701948686192067,-0.01813685081297519,-0.01946650314567351,-0.007170710175896233,0.07142009002935369,-0.031466522487893625,-0.055882388879242684,-0.01362286135431561,-0.018596273855148625,0.02171257914712295,-0.03003633425185339,-0.018828795080997104,-0.02072734141190915,-0.011992214698723642,-0.00808506991906115,-0.022718491241581273,-0.022686545820333484,0.05380241068385244,-0.017528285188067955,-0.051940727569308204,0.036505911920038145,-0.034610040969895915,-0.030120371521610803,-0.009587801936535066,-0.010653430838188276,0.05688820022662251,-0.02573385764496442,-0.004960212191089377,0.023774862501212947,-0.03167730524817253,-0.01862411052257159,-0.034726120768010627,-0.017085394998011788,-0.009381405962856741,0.07206102991978457,-0.015877421363989352,-0.01967199306309952,0.09513774886174697,-0.02903934563150101,-0.016690061483468403,-0.02674050147153706,-0.041249729549735804,-0.01911414503424267,-0.03743148363387003,-0.015243955286377339,-0.02562905553861086,0.04058571869171972,-0.026894795511560404,-0.015171065955006561,-0.029595901625289297,-0.0355887433196915,-0.05239570836245955,-0.041928161504012434,-0.03108100927414762,0.0801717074413323,-0.05080922759965275,0.012619424124881689,-0.018523942392593314,-0.029764969612733127,-0.002972377261993356,-0.019456331133609756,-0.00912564606182106
12,-0.03514634211380687,-0.025940227197251538,-0.013651743228803678,-0.01819666386280501,-0.03913508103461266,-0.015915955518171564,-0.005771115704642666,-0.03795070851460694,-0.012569229965090817,-0.03822102391006524,-0.06206178999889395,-0.03498376535939557,1.0,0.0018258732681938226,0.07455014875535641,-0.04822314749606109,-0.017941476233546534,-0.00630771443871029,-0.01040261967291379,-0.04876782768334104,-0.024665425417547522,0.07873306831019206,-0.03577692536563496,-0.020471439092606476,-0.017347316634467237,-0.014815591545035912,-0.019881930950292184,-0.01918623306506631,-0.004170304052358443,-0.0394618517590939,-0.021745465071193317,-0.011631113498668142,-0.028435221955803246,-0.015421308056365178,0.3480244555312781,-0.03247353292580818,0.0035306530844200126,-0.011668314482699428,-0.008771412444383456,-0.021925390300714317,-0.03159163368786985,0.09000247950947066,-0.03184015701068638,-0.012515997947922863,-0.019769799308217838,-0.017129832821416766,-0.022991293474621796,-0.02258744726240109,-0.045298393574872226,-0.054158221070219996,0.06558214351199211,-0.007241786081295586,-0.023683825446312624,-0.029671711246947577,0.06455008365881795,-0.043592710259064235,-0.052117756547491095,-0.03213171227636631,-0.03751373222438942,-0.013750248854343481,0.06277260893398248,0.05592629977988509,-0.05973986611525007,-0.013561864698037756,-0.027820218947357478,-0.03335799834994059,0.09098670348064869,0.02085588600645431,-0.028415179773879175,-0.04785032343420862,-0.05015586709520535,-0.034703703388165294,0.009034362455298948,-0.028232149218097472,-0.010588617632099062,-0.02440530623611207,-0.02110028246500161
13,-0.023104219954210158,-0.0050934201536268,-0.0066734252935478095,-0.005657153325511446,0.046099666209191634,0.003080315326800266,0.03179579025584871,-0.031256294500801314,-0.010962587005683696,-0.032056190440317565,-0.05228834437994791,-0.022082331078025423,0.0018258732681938226,1.0,-0.023455546287641987,-0.04038967722137819,-0.01293097215961109,-0.006842945656526341,-4.464040528100524e-05,-0.03972109290931317,-0.019425728424289912,0.159530598698281,0.09399481536962359,-0.016915647953528186,-0.006995619182258637,0.03294696696975516,-0.01686280752918807,-0.014587519489023077,0.018842331560729595,0.07698681467879384,-0.006876043042280566,0.010056951839035546,-0.020727516415024242,-0.012284048927503757,0.007529276052251274,-0.010460821470050126,-0.0056065466881994345,-0.011099216722506043,-0.007474070430428392,-0.01728512588131255,-0.023278559193628492,0.00964757302664432,-0.009455690410183315,0.0032001211451791233,-0.008896025556002744,-0.012908010665226738,-0.0240923264316816,0.004451610796951831,-0.03821401306713966,-0.02650356554759968,-0.0008347246521328644,0.0221499906373678,-0.011785736983725738,-0.025018413033939264,-0.02124504617003185,-0.0023852518504122976,-0.0415010325313865,-0.027807941649258226,-0.03092787329901283,0.0027720182176437895,-0.012935615864479496,0.01128083011881358,-0.04892997394938932,-0.007226812166502467,-0.017891468421764273,-0.020175286253945154,0.15066822493506715,0.015814472380523987,-0.012551073035839959,-0.03626448012667173,-0.0422402381517864,-0.0266690038837952,-0.011630671465555405,-0.015212814542096309,-0.0057263973461736985,-0.003944527465878027,0.057275889203498354
14,-0.016960504570246674,-0.0327228184636279,0.005923540808476664,-0.018125383577431688,-0.03931442601217019,-0.012606533261272817,-0.0010746751258575759,-0.032290428261668114,-0.004259153678262273,-0.04515768003214684,-0.06874456920154737,0.04864059125841466,0.07455014875535641,-0.023455546287641987,1.0,-0.037882863779331685,-0.012888630557002762,-0.009278066110603556,-0.004850423684897617,0.09134585344325398,-0.03225666913028672,-0.028636268220057506,-0.0330340141435828,-0.018613603716665518,0.13603982454113822,-0.03322104321603685,-0.02227732533450817,-0.02235977517317605,0.02510762179289588,-0.00446677426612655,-0.019392016738593892,-0.02770312618049969,0.002144227842696538,-0.019433965945612808,0.01998306942601875,-0.0019546379723517845,0.03856612097557589,-0.012377490414137354,-0.010470790241358914,-0.01574620973654351,0.0600991962777296,-0.013390616116932296,-0.009853653354191048,-0.0021091704724170122,-0.03139377799608441,-0.019808147962895845,-0.003647191235024808,-0.005180229768481225,-0.004500059515346072,0.13616561459441912,-0.010616985578891309,-0.019535483135624553,-0.008408706505670492,-0.029638308727390872,0.05159370028412938,-0.05144690380168604,-0.05107307769834714,-0.02405201729134896,-0.01727748440675942,-0.018656521917730647,-0.004828573459127438,0.06038920977858664,-0.07000665585114481,-0.017046350427588203,-0.03220063588511275,-0.01876375317810724,-0.030188736763472345,-0.02883747728552024,-0.027978434854008055,0.01901739485664519,-0.05928846831200815,-0.00975873787591772,0.000533534102910598,-0.0353588756541013,-0.02304016369345891,-0.0105888477920709,-0.014174465219533852
15,-0.04037388468482044,-0.03338871272698505,-0.015387485222179281,-0.020862788671122935,-0.07282922001449457,-0.01926807654913737,-0.0388739304827041,-0.003109966384014423,-0.01615397205676546,-0.022902112333937776,0.05744744578327586,-0.03701948686192067,-0.04822314749606109,-0.04038967722137819,-0.037882863779331685,1.0,-0.005432270105582025,-0.013398011793152073,-0.012625059750410124,0.03382854626803029,-0.02838557661388862,-0.08107677975763639,-0.06828165770250877,0.018226983091083882,-0.01918021695444383,-0.03230067062283326,0.26699683087985454,0.006104739222138749,-0.026456045461201623,-0.06309747890878462,0.0011041363634851744,-0.025474238880353016,-0.046535508218090875,-0.018795980643966318,-0.06859086008557695,-0.02080368397432548,-0.041631163457884424,-0.0323150502987917,-0.009695817557273691,0.002398947017804886,-0.01995524498095523,-0.03071962977595464,-0.02885205438314917,-0.013828730209918687,-0.034798158041806665,-0.004179161452049355,-0.018818353818369292,-0.025287169936148157,0.1305219313420985,-0.02196776136963919,-0.01887529936356559,-0.02340837780646782,-0.029658499198607965,-0.02773319486985644,-0.025316464351987825,-0.06365645474917951,0.1180063625154033,-0.0034335577865449093,0.20003634754012262,-0.021532972779083406,-0.027907208483167224,-0.05034692077231584,-0.021732498659454057,-0.016040573380221933,-0.030037487344863358,0.001836068227370704,-0.0698167010815792,-0.021331805362056644,-0.03756218903399264,-0.0820992490601851,-0.046397482388292124,-0.02623106295108922,-0.020533471036665335,-0.030677584918678873,-0.025350673663488303,-0.008089355790361769,-0.06653324782686401
16,-0.013817462269936541,0.005036562817520697,-0.005890470128081329,-0.006926722127728494,-0.020803964742350526,-0.008108908558900257,-0.013538447226145252,-0.01162734238288073,0.010556445992707377,-0.015714875421309706,-0.015609415512869968,-0.01813685081297519,-0.017941476233546534,-0.01293097215961109,-0.012888630557002762,-0.005432270105582025,1.0,0.000636841162152717,-0.004916937344789537,-0.01480911534346001,0.0017781580363926853,-0.03087809662188523,-0.024764901191795405,-0.003802995571876698,-0.008071043774081571,-0.012000235907151213,-0.008205647476048655,0.06971596010131585,-0.009436169473147606,-0.022397758656803594,0.023339162327306692,-0.008545219862964304,-0.014491260476302803,0.0060293271404826,-0.020990098633322914,-0.014517149556168212,-0.003004431850898631,-0.0005110229200913604,-0.002289598888727266,-0.007520974749064423,-0.014725170756254005,-0.012054652383145768,-0.013965173091514668,-0.005890301741369955,-0.004435122253366943,-0.0004451326692384485,0.06580894694783451,-0.008019027648092222,0.04083302767597627,-0.0029215202321163196,-0.007057106242894417,-0.008869894417171377,-0.007797160932281666,-0.013301358962943407,-0.00447280772357248,-0.020012380804251797,-0.012516437012492115,-0.011726320333637512,0.005854413625423149,-0.007411255020877059,-0.003905434952332881,-0.018303596615125317,-0.016961153857657476,0.0009136496456323252,-0.0092701053670536,0.11050412549503212,-0.026398672244543918,0.017102533666076124,-0.006522803197366983,-0.01555243666253713,-0.01835220057611393,-0.013991736977366252,-0.007221058758725092,-0.0012044049874802088,-0.008893318924403898,-0.016500944602047412,-0.020672515150200854
17,-0.014873344586366057,0.11638537520592192,-0.006407013605728708,-0.007893369940657438,-0.023685182253405806,0.1424110516508218,-0.00444008500109013,-0.017015652515939582,0.0028576642915771567,-0.017305061399746163,-0.024568311265782062,-0.01946650314567351,-0.00630771443871029,-0.006842945656526341,-0.009278066110603556,-0.013398011793152073,0.000636841162152717,1.0,-0.004951475004031963,-0.021638408901074546,0.003910358584590273,-0.01981432802291694,-0.02623049917982896,-0.007873091801909248,-0.008068106070416472,-0.009076833528875715,-0.008603462912060275,-0.0013077596274645865,-0.008970869018535622,-0.02202225341265444,0.06992629310543441,-0.006540698158458838,-0.018544484625057374,-0.005393346475910063,0.04552745276843784,-0.015077407798366717,-0.01090430316686973,0.0005702736996468019,-0.0025771359366680907,-0.005790368935332191,-0.014348681433400134,-0.010643478335266281,-0.014499003300948646,-0.00574471707027572,0.08269730635736339,0.0049686664423703765,-0.009467035747813074,-0.010433048582597085,-0.0119573025066889,-0.014335975832067431,-0.0060162205161953764,-0.008928475439952507,-0.011548682291952647,-0.013480454319699029,-0.0030345983368221,-0.02150688817875473,-0.022208394549343317,-0.014178790283839667,-0.010861555429178445,-0.00815459322136805,0.006014512173816673,-0.01602201676542646,-0.025444358231089672,-0.0039038928942827346,-0.007182316858980119,0.05867909622163618,-0.019601189702320138,-9.962048859406616e-06,0.11348550143053543,-0.029815121725910623,-0.02214495380904765,-0.015474081931686059,-0.004707989517330981,-0.007526966947421682,-0.009333518140850938,-0.01103271509082418,-0.021823484182027817
18,-0.00803661505117518,-0.007940210799181698,0.00034781817437299495,0.004028689844647902,0.012527841079807716,-0.0060429587623355655,-0.0016830092425400643,-0.005777964696564631,-0.0036580287778595964,-0.010053777927626517,-0.016088136129828533,-0.007170710175896233,-0.01040261967291379,-4.464040528100524e-05,-0.004850423684897617,-0.012625059750410124,-0.004916937344789537,-0.004951475004031963,1.0,-0.008623411889787906,-0.00807455738850749,0.004116330086712187,0.0027212651695665063,-0.002688216419204336,-0.0035141006743495905,-0.00744451850937696,-0.00526407972582236,-0.0052315907329443636,0.002376367940769567,0.009325011033599045,-0.010331619445423787,-0.00630757114384053,0.007611602664939703,-0.004307927734029535,-0.007899052869949089,0.008052057099926986,-0.0027043037130098113,-0.007463584378935356,-0.002284473267608042,-0.005948454581130365,-0.000904554510164742,-0.006724753407077212,-0.0009435830558213072,-0.0025752845714188143,-0.007842417157826779,-0.0044904618799690545,-0.008683139839511182,0.006866796942974231,-0.013543418162238818,-0.0021639107156225775,0.0031195326271295496,-0.0031487334754137443,0.0030937507634946453,-0.007887031450616679,-0.006641002565509532,-0.011893738321453134,-0.013299160728310465,-0.007880369736511062,-0.009835899514612223,-0.004140563982239588,-0.007519252630442319,0.007293957753553415,-0.015388081454484368,-0.003763193163789818,-0.0074032186085465565,-0.00937896857952086,0.001515564253627044,-0.010649486748449373,-0.010748514228960547,-0.014052204180905574,-0.01314610831980691,-0.007561537983449006,-0.004688001755953469,-0.007680339802809709,-0.004918890936797962,-0.00021213227853776693,0.11539996604735792
19,-0.021595469622544855,-0.03525669348367461,0.0052514985815952315,-0.0192715467789675,-0.07414311643195126,-0.02686368948346862,-0.03693696215556813,-0.014270619766642826,-0.016092739217838124,-0.04084586556073333,-0.06578713417163348,0.07142009002935369,-0.04876782768334104,-0.03972109290931317,0.09134585344325398,0.03382854626803029,-0.01480911534346001,-0.021638408901074546,-0.008623411889787906,1.0,-0.03585474926485555,-0.07321559544925307,-0.0609039605614625,-0.0001005313537905863,-0.0015817258379361263,-0.03295302548950943,-0.013249922925039003,-0.02343183675285746,-0.026534476209344852,0.029871018505183,-0.034220581426449743,-0.027548054458043918,-0.011232408923502475,-0.019080563854896253,-0.06905260418520219,0.05148269128017017,0.01945466670931561,-0.03322233382106958,-0.010399297401647252,-0.024608669038864918,0.020483108799879985,-0.030742464321038346,0.039357795146754145,-0.008645925337134782,-0.03608696114216818,-0.020125372543192868,-0.0014502321307017143,0.0059858893955005155,0.027014961158311118,0.31060440175224313,-0.018776779266903798,-0.023597912854271035,-0.0046924760228703385,-0.03414139005373508,0.04964945937475951,-0.055916836485987234,-0.02626005513886431,0.006884778346797106,0.01862863519074364,-0.011777335738508053,-0.02180054901243495,-0.04523039158850817,-0.06439047484760643,-0.016583297887284364,-0.031326091453548394,-0.03973739442407238,-0.06881185952890725,-0.0442468002090926,-0.044462889652007766,-0.046642810616369386,-0.058613384014091344,-0.004187840514518131,-0.021154172764751462,-0.03516507032924569,-0.025165965157928877,-0.019774641909227585,-0.03301503114517085
20,-0.026889682420073176,0.08183066143425527,-0.01030808474694573,-0.013613339543054586,-0.045456353399642435,0.001484927664013163,-0.02288435774121554,-0.02789980023440499,0.09278415155826047,-0.0280112110503438,-0.045429560536749014,-0.031466522487893625,-0.024665425417547522,-0.019425728424289912,-0.03225666913028672,-0.02838557661388862,0.0017781580363926853,0.003910358584590273,-0.00807455738850749,-0.03585474926485555,1.0,-0.04751097370890106,-0.04317852543061494,-0.014978858360419723,-0.012982394973107842,-0.010487336299772082,-0.01447861912464793,0.022335607784181033,-0.01640315460666986,-0.03816563465674909,0.029151653227065068,-0.017361926547881257,-0.038966588161866586,-0.01119614359119851,-0.02861815554043457,-0.024426357636747966,-0.0230890748985643,0.05961404011220703,-0.006317564426011951,-0.013351647380962308,-0.023203251195528414,-0.017759714723571303,-0.023241730584413922,-0.00927884224906922,0.16720900143809486,-0.011668440326459356,-0.010725235283427512,-0.016832803811718693,-0.03189720236443083,-0.05033860150392105,-0.008353655724309402,-0.014487975629519,-0.01982419447790265,-0.021635286337051106,-0.02090827081094479,-0.03978253963907397,-0.03817444943734585,-0.024213354280849697,-0.024805238028247932,-0.01340806937305663,-0.014999747275223664,-0.030074240661391027,-0.04364363060242257,0.00428433369548847,-0.01858831372183658,0.012161870752782258,-0.04160355248080784,-0.005921465497878052,0.07108800984804049,-0.06748680332143592,-0.03607940446750302,-0.02539250352263782,0.08205491214014736,-0.010486757101266335,-0.01579877482403916,-0.01490157690234251,-0.04018589912489408
21,-0.047618495324399754,-0.05038687217095622,-0.00592558449713288,-0.014917578066682868,0.07554070528542597,-0.035570069771965515,0.005646368030147151,-0.061380651370626635,-0.0215888413671931,-0.06615663572572891,-0.10557779314044105,-0.055882388879242684,0.07873306831019206,0.159530598698281,-0.028636268220057506,-0.08107677975763639,-0.03087809662188523,-0.01981432802291694,0.004116330086712187,-0.07321559544925307,-0.04751097370890106,1.0,0.10533515189481463,-0.03476138275709671,-0.02796727264252427,-0.04550691659800133,-0.03443426797231046,-0.02949886494968456,0.05187056546396671,0.18431886987145624,0.005653359117267397,-0.04072508123449041,-0.01612669498278812,-0.024084805598858512,0.11893418045100025,0.019199763348813036,0.03686487999915187,-0.04470115044912813,-0.014970763167436124,-0.038673221922594155,-0.037567373863989215,0.023660588410185944,0.007044862878236297,-0.020217870198937306,-0.04289046053836834,-0.02075042742356551,-0.05462101368824871,0.011114244761801246,-0.07784870642321592,-0.005256031355940879,0.05148594841539195,0.09420390516647835,-0.04549505817542429,-0.05106030528177093,-0.002680740125398865,-0.058798299037316176,-0.09064268090111907,-0.054834031439588996,-0.06208497983639233,-0.009366581481825799,0.04756126900978216,0.05392719166039656,-0.10228734058927504,-0.024157040833448974,-0.045826281307180444,-0.05410619770526914,0.3697267736821755,0.012851907347535631,-0.054749808138080364,-0.06571288500185081,-0.086709870095004,-0.031646365928064205,-0.028647401021065742,-0.049966067273455775,-0.023873235086649878,0.1367319720039445,0.2529144580370393
22,-0.02514315538383146,-0.04302987949810709,-0.016782065936835972,0.13802677420303483,0.06193801176463436,-0.031741358738677554,0.0772412148154828,-0.047852588113737535,-0.020086154242306378,-0.05215320261337067,-0.08823043412168217,-0.01362286135431561,-0.03577692536563496,0.09399481536962359,-0.0330340141435828,-0.06828165770250877,-0.024764901191795405,-0.02623049917982896,0.0027212651695665063,-0.0609039605614625,-0.04317852543061494,0.10533515189481463,1.0,-0.029101882185124828,0.02296050366366191,-0.039558834444458256,-0.028312482347026525,-0.02750717611619801,0.05605901102994987,0.04396959287772595,-0.05658924176298358,-0.03283210458733847,-0.040827907401920625,-0.02179484488913512,0.007054569950978392,-0.025843754568882944,-0.021785028239166622,-0.039519860425400975,-0.012622065612702306,-0.031752559287494334,-0.02006384544664168,0.031888119532670296,-0.03624288660215996,0.006545635524611932,-0.03990442390190459,-0.020917262694128254,-0.05010052225541063,-0.026527221165955846,-0.07431369727419752,-0.027643807400575184,-0.0019551168112588117,0.04963903302381345,-0.0129986078840927,-0.04200159230298746,-0.03570533282054032,-0.03134071413159508,-0.07268559302315664,-0.04500298773337223,-0.049825343938545125,0.022157464482666967,-0.019552888781038225,0.045769502264654274,-0.08174034666289084,-0.020190941073507947,-0.03344850466375235,-0.048403161923708804,0.17096513836716618,-0.030765263626432695,-0.05613085574666387,-0.06395151672611635,-0.06889021038859963,-0.041013783232463616,-0.025103464047386056,-0.040998909975621965,-0.0011707978231883139,0.005158159326052615,0.07136879791046832
23,-0.009070855859147365,-0.014500628951890606,-0.006330054045470876,-0.008917531189768095,-0.031079697624491316,-0.01022442410669083,-0.009600393748167336,0.008951604228917488,-0.006915103288474382,-0.015511218850084047,0.007376325533404126,-0.018596273855148625,-0.020471439092606476,-0.016915647953528186,-0.018613603716665518,0.018226983091083882,-0.003802995571876698,-0.007873091801909248,-0.002688216419204336,-0.0001005313537905863,-0.014978858360419723,-0.03476138275709671,-0.029101882185124828,1.0,-0.004831862902538758,-0.01369251334426709,0.012846646382098367,-0.009102755689012636,-0.011080210230658914,-0.026997684447544266,-0.006846713565138477,-0.01078543104144711,0.004149944528335932,-0.008021931148773108,-0.029182890168150726,-0.009096547845216709,-0.017098256224584135,-0.013671592945647643,-0.004372222668724808,-0.010346857046906417,-0.013521058381694793,-0.0125887931060709,-0.013843950231296679,-0.0060866749575488955,-0.015043834942343043,-0.006342230932589253,0.09139603224872955,-0.010103686426785528,0.03368148719421858,-0.019386312582772788,-0.0077408717815339815,-0.009920851613912214,-0.0023071808777373015,-0.007193435627291663,-0.0071811008730534665,-0.02665710773083571,-0.0029806876619050187,0.012803742750548531,0.14484397638786747,-0.00905124207960344,-0.012730355349835545,-0.021151437741631245,-0.01777682054122917,-0.006889575176685521,-0.011639962297584842,-0.014794659587174235,-0.029830478135029762,-0.016326642815359886,-0.0117439504040229,0.02585701357158006,-0.023561066204534006,0.056179681398575126,-0.008505995638270165,-0.014519079731680831,-0.01075073266480167,-0.019341058475242298,-0.028650259487515355
