,0,1,2,3,4,5,6
0,1.0,-0.10685855622501761,0.009360435016913513,-0.06751846223841151,-0.11404411810219868,-0.058829844515523526,-0.04011509181170329
1,-0.10685855622501761,1.0,-0.07304494148211468,-0.14074770268325426,-0.26230411958656463,-0.1017116186970429,-0.06980618157276221
2,0.009360435016913513,-0.07304494148211468,1.0,-0.03612422698211029,0.02851336662259136,-0.03558403363527267,-0.024050114827353787
3,-0.06751846223841151,-0.14074770268325426,-0.03612422698211029,1.0,0.08576906451927457,-0.06675605448633407,-0.044344292622825215
4,-0.11404411810219868,-0.26230411958656463,0.02851336662259136,0.08576906451927457,1.0,-0.10283125713968791,-0.07306380374322723
5,-0.058829844515523526,-0.1017116186970429,-0.03558403363527267,-0.06675605448633407,-0.10283125713968791,1.0,-0.008324796536540391
6,-0.04011509181170329,-0.06980618157276221,-0.024050114827353787,-0.044344292622825215,-0.07306380374322723,-0.008324796536540391,1.0
