,0,1,2,3,4,5,6,7,8,9,10,11,12,13,14,15,16,17,18,19,20,21,22,23,24,25,26,27,28,29,30,31,32,33,34,35,36,37,38,39,40,41,42,43,44,45,46,47,48,49,50,51,52,53,54,55,56,57,58,59,60,61,62,63,64,65,66,67,68,69,70,71,72,73,74,75,76,77,78,79
0,1.0,-0.010026129800353832,-0.020912516986579817,-0.007694731948778868,-0.01836875144852995,-0.016103283023909468,-0.02307610043008173,0.044346475639420055,-0.027806354507826217,-0.01090173602625159,-0.055159544322919724,-0.016733676932058465,-0.0349914485070588,-0.008291829090701872,-0.016433423748364106,-0.040526661192639465,-0.01384007145846896,-0.014568038655612526,-0.03611361524717223,-0.021468754331781446,-0.02460540490626015,-0.04775067314916019,-0.02404049952321148,-0.009059823227430404,-0.016126199708364545,-0.008047901902965702,-0.008332123642016395,-0.015709180285412787,0.06995667340912688,-0.04288907094164931,0.003762100062866633,0.007079269657597285,-0.010346591755937596,-0.010781590728772512,-0.02528815086352014,-0.015358567877336696,-0.021303951290974028,-0.022967547803955494,-0.008112412551156974,-0.005374485107361949,-0.02233127957421425,0.017735610180936168,-0.028032941654136154,-0.010291965139275501,-0.004741017198774043,-0.012208818827682062,-0.013039568064788256,-0.01839765472411328,-0.005971787275606077,-0.05384760855750538,-0.005883357785974284,-0.004637167982917056,-0.02231615212340486,-0.02729532152702835,0.0025034754656757347,0.1632905536691433,-0.013826079413980064,0.05591818259726032,-0.02322065984433417,0.0057600272337756525,-0.01999250934542167,-0.007757514606262984,-0.020409946393211677,-0.01303015264062857,0.01660906185050599,-0.010778811701261323,-0.029999965658064974,-0.020703968151677986,-0.02102904245127055,0.14048265610425364,-0.04358568379611782,-0.009348921137223128,-0.012683000357622256,-0.01765705423146924,0.024123046046448358,-0.03748758264587068,-0.021588347151486376,0.20899574066834975,-0.007259533368071911,-0.02647964704113825
1,-0.010026129800353832,1.0,-0.013349303929999494,0.005252774806011302,-0.0015206810643114933,-0.01453392925737608,-0.011578228108749181,0.028198449095807907,-0.02055659530414618,-0.02492491387488515,-0.03758310555976372,0.09524295710417269,-0.023728058107787726,-0.005727922514697241,-0.007936894604015024,-0.029800450889080045,-0.007721578569815933,-0.011595418932905447,-0.026479282738705798,-0.00487182120677755,0.02737812658092316,-0.04588076050469989,-0.012187602132822446,-0.002595608288177065,-0.005362585433616135,-0.016611558217812482,-0.012187330669376247,-0.012441960530864736,0.1378883290873779,-0.0013271774364262215,-0.008697170843878391,-0.007401918392272186,0.25268195121757825,-0.010281185884586628,-0.021294680986725455,-0.020475299712667375,-0.02356571836797321,-0.017513722512638115,-0.005992615306459329,-0.012890185619620081,-0.006603143330248494,-0.015080633469382617,-0.019566008926335872,0.011365069539069862,-0.01953988930032835,-0.009622775166294947,-0.009551004293106735,-0.010283887366426731,-0.022206894604205232,-0.0032291954202553668,-0.009394738862547623,-0.01093568166753943,-0.014007576909728398,-0.01918119938317473,-0.00925111460483988,0.015955364538878962,0.04581743664185063,-0.017948511407641813,-0.02202918665132161,0.012391121094803937,-0.015839382068715636,0.019007406095926164,-0.03507158218752089,-0.009185676286704653,-0.014674528985038536,-0.02244509796729419,-0.03508052694968521,-0.023246400736633796,-0.02452211920171629,-0.01435396235561787,-0.031406567928909876,0.0233650179715932,-0.011399781193113398,-0.008483334244770855,-0.011332536415316601,-0.01918426013267171,0.02564809251276648,-0.03588927416434407,-2.8067656077962466e-05,-0.019820074016741962
2,-0.020912516986579817,-0.013349303929999494,1.0,-0.010075295188714374,-0.012397260321460714,-0.012514655353995251,-0.015425758328038957,-0.020414419383544866,-0.0170983090999524,-0.02114261581393178,-0.033124868989021825,-0.013033884440151544,-0.022607646260500474,-0.0030519832890783865,0.007985629016994279,-0.024752781558363003,-0.0077003177689915995,-0.010386114030106027,0.030408066712553788,0.021366153384227024,-0.014837792988583577,0.008662645360725014,-0.0266730661080659,-0.009675634215853645,-0.008658601704440482,-0.015259568942524879,-0.010556684251491005,-0.010743648658186774,-0.025243254235257327,0.1719650425652498,-0.0030670763441791055,-0.013292819515654211,0.08721419323762619,-0.008934976580578128,-0.032533825564886695,-0.02101598064860897,0.045513628960113045,-0.015364550439864903,-0.00465342709835818,-0.012111729186573161,-0.012258426262834906,-0.01448594741086506,0.12940019626496868,-0.00649651518537655,-0.016918916797990353,-0.009724721798893898,-0.004982687457978966,0.7868312815887307,-0.017232166574855864,0.013224958040509271,-0.004625792126879972,-0.010892410682268403,-0.008024492662908105,-0.01602418591677396,-0.015953069602325252,-0.031125033498966122,-0.028610508089865004,-0.027757268783775185,-0.017358114915097204,-0.010296314518199652,0.21319274327618565,-0.006759372977347484,-0.03214792888044578,-0.0077227769136383705,-0.015270933453519353,-0.019239742420024495,-0.029572069425979078,-0.016451587817221412,-0.023699310035946348,-0.016720552020179268,-0.026775976968890277,-0.016642048339292576,-0.00982458511318411,-0.016286237587230388,-0.011987855981653335,0.025743573320702172,-0.02332011838865474,-0.037114585349617174,0.010210427986822878,-0.016404684838755804
3,-0.007694731948778868,0.005252774806011302,-0.010075295188714374,1.0,0.004616399908385567,-0.010196368400113485,0.07491264130092344,-0.01385734233710422,-0.013926460831892168,-0.016717389749150796,-0.02713446789286853,-0.009904190209557025,-0.018193885166374768,-0.004239554357620177,-0.01842518038137292,-0.020699292296264358,-0.0067264992136221785,-0.007843986412498843,-0.01153919612875207,-0.01915636489527332,-0.0003097234383950409,-0.015742349612074963,0.13253161100925887,-0.00881369225843412,-0.0068593180601347345,-0.012334877200786472,-0.008652004589376986,-0.008225866498695951,0.014008278161991988,0.0019510306624641886,-0.017486996134887453,-0.008730566102575492,-0.012745090293657023,-0.0071784212337370566,-0.006349846869007138,-0.016998713459936164,-0.015320115317382525,-0.012389791201042654,-0.003996339085097504,-0.0031037211924323524,-0.011633030442454855,-0.010977210563284812,-0.012700931115283679,-0.004982895819793259,-0.01172707249855947,-0.0079535228381286,-0.006418922012072066,-0.008900124546333503,-0.023009299445816294,-0.020420771069448673,-0.004432337705018973,0.011543782881194162,-0.007448388017925299,-0.013338640142319953,-0.010477845542005374,0.013462277208254284,-0.009157525897560281,-0.01817556379456835,-0.015118218660523316,0.0422494673833529,-0.012479204319580783,0.0031340116212310422,-0.023509721739973722,-0.006282176188332434,-0.011979701176680554,-0.013379947718177455,0.004805579351700999,-0.01364807722470988,-0.01825908675649213,-0.013616136592743142,-0.022425601213932094,-0.013230846613080098,-0.008016555336195146,-0.012736710346664468,0.0022785825538068163,-0.00409522863643335,0.02098980123205367,0.030219970070128506,0.00413856846576849,-0.013501753828831928
4,-0.01836875144852995,-0.0015206810643114933,-0.012397260321460714,0.004616399908385567,1.0,-0.009609118957390759,0.0005047498429854172,-0.019534942514164506,-0.01690651169841241,-0.0213651766007324,-0.033905025135177895,-0.012094907799747815,-0.004210624477511967,-0.004633677585623353,0.02513764075933452,-0.02646303001445438,-0.009471260674305263,-0.008962682332636704,0.08059915243292698,-0.026585285573100012,0.008406536241732179,0.051714714955592614,0.06107809325098532,-0.010995260762566038,0.0709522155036579,-0.015294421902685226,-0.010792311346214344,-0.010874054157983159,0.008586497328039455,-0.012288977701819088,-0.016286829694321915,-0.01177724196334765,0.022782770797897096,-0.008921219709602208,0.010637392950686692,-0.007856368493232733,-0.018780953362279956,-0.014910841953260645,-0.0049494754987618565,-0.012020168582147205,-0.015141880864881082,-0.001598229506755305,-0.016311328946846632,0.10879152804111522,-0.014411589250451584,-0.009513700424890564,-0.007556089641104387,-0.010734782219387295,-0.027285546159606176,0.005470191744327723,-0.006203769382564617,0.016789739121509186,0.02189242032913279,-0.016123885405215574,-0.015932717873798623,-0.028612121438231105,-0.016974222417886337,-0.026606724935696005,-0.0205014089988867,-0.009232517177893338,-0.013934766291326173,0.011697303738198897,-0.03237561565209038,-0.007734744921713316,-0.01556162125505422,-0.018918994326507774,0.04917289183535653,-0.019845967016848428,-0.022125761697477108,-0.016411054733843987,-0.02710248935125471,0.006337542460495187,-0.009718232835793775,-0.015942142624232988,-0.006247330230113557,-0.00903100813036021,0.0784479484763314,-0.0034050599089476127,0.0018232007536591601,-0.01596936703195387
5,-0.016103283023909468,-0.01453392925737608,-0.012514655353995251,-0.010196368400113485,-0.009609118957390759,1.0,-0.017683112540622423,-0.020817907543703162,0.0010574611937635026,-0.021193452681071073,-0.031219784084755738,-0.02340420295917692,-0.01595159430011906,-0.005493342138533511,-0.012606981351385906,-0.019276062403735236,-0.008131091791342217,0.1426760206861653,-0.0311994075064006,-0.02686688194754229,-0.02061966941864408,-0.035623296457492765,-0.03183109688150255,-0.010177502128843788,-0.009673699550954422,-0.012608329946429186,-0.01071128689809935,0.0011360293921084657,-0.05000841386646984,-0.03071748770585911,0.06102939873748664,-0.00744143580065413,-0.0294308791080285,0.06223342926569154,0.09161833816609705,-0.004245160566912929,-0.022407580034601554,0.07695403484527996,-0.004784147698390535,0.006851026085572468,-0.017477032219001418,-0.013444816138854536,-0.017389591511069336,-0.006968692850355796,0.09859917985727544,0.014121048253526284,-0.006568841263576351,-0.0111905672101252,-0.018287733328779466,-0.04331510442208142,-0.008931456952381081,-0.011102812869898344,0.005183769118233499,-0.01629303382939641,0.018244817861437255,-0.007774813223394321,-0.03293772621373532,-0.025217279396496924,-0.013391733430006292,-0.01005729949664437,-0.0186862470726319,-0.00807983761055112,-0.03167931064987005,0.13135959434868638,-0.005794327390061272,0.01605542139565396,-0.031177394603839947,-0.017458749964167602,0.03180518985077565,-0.01818832542056601,-0.025844281161357487,-0.01840147270686384,-0.004202619619959479,-0.006691545282406834,-0.011268606970453978,-0.02389159848825339,-0.021782547428280362,-0.028378190731496375,-0.005620543992097592,0.4007648933124046
6,-0.02307610043008173,-0.011578228108749181,-0.015425758328038957,0.07491264130092344,0.0005047498429854172,-0.017683112540622423,1.0,-0.029726201865397796,-0.026651872529963955,-0.03299689907273443,-0.052953654430338865,-0.007653430648953778,-0.010853171893049705,-0.007489802379156342,-0.00755033412438061,-0.04017100078371189,-0.01606244173530926,-0.01601174781916758,0.021680890646272377,-0.037246240772338624,0.08386003162127315,0.07818853572801393,0.4344487043629732,-0.01743452350488548,0.01651868749171262,-0.023854164272286562,-0.016970239433075355,-0.017052017925454913,-0.04482589291177062,0.023454471876678658,-0.027891558110503874,-0.02037348461095259,-0.02699312653867256,-0.01229101658939015,-0.005278144798747013,-0.019525354961472015,-0.023385476525864687,-0.022763757789154,-0.007664319423259144,-0.019015011524448837,-0.013991756338583945,0.0017518612669830064,-0.023807351733084618,0.013576806224437157,-0.02423134606072115,-0.014239123043092699,-0.01216641980711329,-0.00885444193648692,-0.04407733058184568,-0.0138264933993703,-0.010422545158326621,0.013315743524887071,0.06858689455134043,-0.025200451721027556,-0.025791796305983446,-0.020016820784056612,-0.0402201582513344,-0.04323233303759007,-0.03224051729727655,-0.012812358975827488,-0.014296139774384204,0.00620992267900492,-0.05040346837691685,-0.01211606358068855,-0.02220575545693532,-0.02981778161303064,0.08281745733459212,-0.03096138905610525,-0.03550428929316419,-0.027605260151691926,-0.03945852951169819,-0.025227408220517673,-0.014877690928076025,-0.025211434187395874,0.02486875334709808,-0.017543267761761537,0.007694542285887872,0.039254311070137035,0.00012770005926688037,-0.025725247490714663
7,0.044346475639420055,0.028198449095807907,-0.020414419383544866,-0.01385734233710422,-0.019534942514164506,-0.020817907543703162,-0.029726201865397796,1.0,-0.028754397972473963,0.0360745721104061,0.1279973872930883,-0.01916830456948727,-0.03798158382799903,-0.008786938832876148,-0.03229673398551156,-0.0031227130467737264,-0.011631643655425399,-0.017054734227065986,-0.04985241923616844,-0.014282989530515232,-0.01657089371736514,-0.06144321617905481,-0.047316527144407206,0.008906604483017978,-0.013692837791180187,-0.02536810642293147,0.006587937511715207,-0.0178141747283366,0.0457991505505123,-0.0479190450775836,-0.02758452870930741,-0.019141379640760237,-0.004021442750800502,-0.01461834852488398,-0.05270494402978895,-0.03376336890508516,-0.03587126762849576,-0.025075617093308848,-0.008146270665501174,0.011098242210063222,-0.01983039355855104,-0.02352333441288197,-0.026972943918853097,-0.010177315219662949,-0.028185190527921622,-0.009743057978991308,-0.013044178526905188,-0.017217585788939612,0.11025552941881427,-0.04976178575089761,-0.01380989059488088,-0.018124206956011583,-0.02994277878125145,-0.011639127695538697,0.029231993490458068,-0.028621766316818693,0.025706895463717225,0.06848880685480468,-0.02343771408605874,0.06591207758927191,-0.02323912368567385,-0.01341319665723453,0.09023115328052907,-0.012794203931081726,-0.023590078291787397,-0.03186937231965946,-0.05491761582924767,-0.035895349609920066,-0.021542482615451556,0.25096707043460287,-0.036646291515463295,0.034133836164622434,-0.01625994666449718,-0.02632002626198301,-0.019749897439835313,-0.03273521444603776,-0.03369704757407524,-0.05684532132445931,-0.004994342112080642,-0.027274925739607804
8,-0.027806354507826217,-0.02055659530414618,-0.0170983090999524,-0.013926460831892168,-0.01690651169841241,0.0010574611937635026,-0.026651872529963955,-0.028754397972473963,1.0,-0.029337641636005524,-0.04682180662797614,-0.032416535100350516,-0.025526840798854863,-0.003562308044980784,-0.032307480223195725,-0.02949623036931257,0.002688972698338093,0.004037087805815031,-0.04155527490983273,-0.03694409659835976,-0.022518487735161637,-0.04901234302243271,-0.04423900068906456,-0.01536516826330249,-0.01337303260007374,-0.011180552958730348,-0.014876950477267954,0.021568544108039954,-0.06372258484605064,-0.03984546704118869,0.03101401790362443,-0.017931570123235367,-0.04006221111335437,-0.01155775831316891,-0.029037676046467335,-0.006809503402998978,-0.023295805994843627,0.05878583663391401,-0.00652167154950413,-0.013723739469123636,-0.023869520562501634,-0.018327734214721367,-0.02391972760107769,-0.00956130101595137,0.16496190921733261,-0.01206318791404458,0.18718456169314202,-0.015316509692841273,-0.032832422592144556,-0.05104666750399586,-0.009026643962233509,-0.014938376810413644,-0.018408747450896455,-0.022287241460629978,-0.021299480169495656,-0.04101290736686605,-0.049465425305003086,-0.03858327408662414,-0.02570355018470427,-0.013841456225422495,-0.02532320771944823,-0.011115574319077396,-0.044972794008958955,0.003846629260879622,-0.019050420011615436,0.011075636562827465,-0.0429147936302583,-0.011698206141714965,0.06913655773560062,-0.024832465529084115,-0.03720367730635207,-0.02525091453561337,0.08067998192238134,-0.011008762924074787,-0.016268539651840382,-0.014978471347870025,-0.03109510059646857,-0.04675475115514577,-0.007745681801742534,0.08300588757520042
9,-0.01090173602625159,-0.02492491387488515,-0.02114261581393178,-0.016717389749150796,-0.0213651766007324,-0.021193452681071073,-0.03299689907273443,0.0360745721104061,-0.029337641636005524,1.0,0.0561923634511505,-0.021796267278271966,-0.038865621215396884,-0.009544912424386803,-0.04588460552899473,-0.023280459190508064,-0.016013538384467688,-0.017663910006200885,-0.05477300212122274,-0.04161358261109667,-0.03428416567169651,-0.06729055908920464,-0.05250925595211347,-0.015621750210995456,-0.016510324951323513,-0.025901663555748678,-0.014585014434469655,-0.018467565245360765,-0.07850024567045219,-0.05236703505093871,-0.03575077326112505,-0.021995546204595796,-0.044098924328008306,-0.015148552225237255,-0.05465809736324294,-0.036118579085597374,-0.03775607644764402,-0.02588095541195299,-0.006323652467920818,0.08032879992715554,-0.029338681650780248,-0.02468543506077439,-0.02948107200943819,-0.0116886678264842,-0.02736586968171056,-0.01399044923343956,-0.01329706562500537,-0.018946117765592418,-0.036537818300746074,-0.07557667636647816,-0.014826351798422503,-0.018854540906399455,-0.031057544456755556,0.060904919381104,-0.028987911939070285,-0.0462772313939067,-0.05628768224033203,0.2557037074718699,-0.028305205130648707,-0.01676537539474708,-0.03120138817194118,-0.013949333075840313,0.7238983495161653,-0.013124471580441277,-0.02018627916148845,-0.02792182263932515,-0.05581496036682005,-0.03591283955885172,-0.0368749856127505,0.08201767499176782,0.12722663559372782,-0.020961569739634357,-0.01668304408061823,-0.014483552778846458,-0.020296463125857974,-0.04511596208811621,-0.0409210230177402,-0.05938808472301865,-0.00946441010751099,-0.02806594627238467
10,-0.055159544322919724,-0.03758310555976372,-0.033124868989021825,-0.02713446789286853,-0.033905025135177895,-0.031219784084755738,-0.052953654430338865,0.1279973872930883,-0.04682180662797614,0.0561923634511505,1.0,-0.05963859061023814,-0.062078655175578604,-0.015205317985566371,-0.06874123866139978,0.05745839591047797,-0.015633260306414487,-0.024679101589346122,-0.08689871078775674,-0.06577328175934369,-0.05546297695133952,-0.10566129525522086,-0.08771293916737347,0.007507821695964366,-0.025669416048570707,-0.04149460838191028,0.02392923502078908,-0.02174994332288135,-0.10585987776054454,-0.08368128620267294,-0.03596671640575835,-0.0340632039024389,-0.07046442568092051,-0.023408683686320788,-0.08831458185539676,-0.06025254318079194,-0.057941728333194525,-0.0412691015577271,-0.011447005963494827,-0.031179404674860384,-0.045532641720666955,-0.03918898285194579,-0.04567850462590447,-0.018449269809380137,-0.04572765569305247,-0.01732591893773945,-0.021204206686165704,-0.029380895893035185,0.02599482224208703,-0.10768766985649073,-0.024299519756423672,-0.03005537280594585,-0.050003266644884255,0.3233131868987743,-0.03739487393190542,-0.0830709446153498,-0.049197224157512584,0.0822847827383205,0.024438442320081136,-0.027735839426748697,-0.046327508027039194,-0.022441781960835502,0.10943842433817585,-0.020753223754270436,-0.039771991721682165,-0.05161332666488115,-0.09011788415048244,-0.01100592541208626,-0.05835435918867593,-0.015109255355426794,0.267235900703579,0.1192395640758494,-0.02650492208716731,-0.043548786299643455,-0.03272503182440198,-0.048684964334368266,-0.0645461507618011,-0.09776064513811977,-0.014945128837806389,-0.04390886662231184
11,-0.016733676932058465,0.09524295710417269,-0.013033884440151544,-0.009904190209557025,-0.012094907799747815,-0.02340420295917692,-0.007653430648953778,-0.01916830456948727,-0.032416535100350516,-0.021796267278271966,-0.05963859061023814,1.0,-0.03502147856045716,-0.00857281935375464,0.04861356167645669,-0.03703552644001678,-0.0181318998504375,-0.019458170732627098,-0.009182073137073714,0.0713159604241475,0.055814780237576085,-0.05590466149707557,-0.013385906499177556,-0.01853396642989285,0.02170255649691581,-0.030035616828962906,-0.018831465583103817,-0.020789355854187844,0.09087610942121646,-0.007865507594054542,-0.02271526668012952,-0.022699426153746646,0.05351788158399175,-0.017530175623906578,-0.05197970354295353,-0.042015350012969965,-0.03683321568392514,-0.030121115269919212,-0.009605903642353999,-0.010639888675106733,0.057461089703001234,-0.025727287870243868,-0.004839390184606106,0.0236655509584594,-0.0316757231678233,-0.01863475378345616,-0.014682567635619445,-0.01354268404481591,-0.0091628095137972,0.07234253949241004,-0.01595200447269292,-0.019681340739772145,-0.0226081804612606,-0.02902772850955663,-0.01680373012335032,-0.026681624737287038,0.0028885855710233093,-0.04070303265702624,-0.037425652426134284,-0.015292003820138927,0.03662217560048409,-0.01340072162067962,-0.026862310134453518,-0.01517036292821122,-0.02957210657666931,-0.03562865983498205,-0.05236517904555173,-0.03449593411457346,-0.03115846245900431,-0.01929040409870757,-0.050827676626894344,0.013430496558898926,-0.018548296365420335,-0.02978361632788413,-0.002961281024965127,-0.01961437705222896,0.04113533965117541,-0.045704014078356614,-0.005783453708951426,-0.03211899791770668
12,-0.0349914485070588,-0.023728058107787726,-0.022607646260500474,-0.018193885166374768,-0.004210624477511967,-0.01595159430011906,-0.010853171893049705,-0.03798158382799903,-0.025526840798854863,-0.038865621215396884,-0.062078655175578604,-0.03502147856045716,1.0,-0.005230213886457623,0.07456027804413148,-0.0481407328623516,-0.017955263062194124,-0.00616759122462627,-0.021085957701042667,-0.048833854495132056,-0.005971679202928459,0.07881400947506423,-0.03707092701315714,-0.02037000869555635,-0.017354491928263254,-0.01485519703668739,-0.019822107422315962,-0.018942691606325168,-0.03258202246306209,-0.04004219914069819,-0.02174815571899207,-0.01167805911307684,-0.026869190346141214,-0.015428362150917892,0.34735153497453736,0.021179897551701566,0.019431808333093423,-0.011726099472493826,-0.008692348783441398,-0.021928441161912365,-0.03148180094020955,0.08977533539704102,-0.03183446635287151,-0.012516883097260064,-0.019771033024188873,-0.017142595222210556,-0.012814079372302499,-0.019602416919979535,-0.04483610749133823,-0.05176580338077067,0.06595312079338585,-0.007202904454371487,0.0017430940941953249,-0.02967610034531753,0.06523623753954151,-0.04344740045903821,-0.06319200567669767,-0.050889334220377586,-0.0374165573331423,-0.013740818419954946,-0.0324633077594826,-0.011001320079619554,-0.05977011537315429,-0.013573363506128703,-0.027622951690893884,-0.032875434955482286,0.091072824155697,-0.022418077575640648,-0.02785284153994485,-0.0320062717628235,-0.05014597025072817,-0.033482597977924466,0.009005994876960407,-0.02824010947173662,-0.010654739960822788,-0.024331114132070935,0.055745295729296346,-0.035539715806282915,-0.009705767105387154,-0.02599635931979012
13,-0.008291829090701872,-0.005727922514697241,-0.0030519832890783865,-0.004239554357620177,-0.004633677585623353,-0.005493342138533511,-0.007489802379156342,-0.008786938832876148,-0.003562308044980784,-0.009544912424386803,-0.015205317985566371,-0.00857281935375464,-0.005230213886457623,1.0,-0.00696190606439873,-0.011717760062882679,-0.0035457418913446576,-0.004027211488636438,0.019808917630867725,-0.010002876510660846,-0.002843697025680398,0.028125020523502884,-0.00987870955883833,-0.0048507953171398124,-0.0035288362155995127,-0.006758895919295125,-0.004834917757656128,-0.003364407543209516,0.004757712666403374,0.10573304771318165,0.0017877965960198898,-0.0057282393227403505,-0.002801584345075025,-0.003985420014751245,-0.012212879149749174,-0.007501950959267914,0.052144237436119845,-0.0065736548171142,-0.001936628325648454,-0.005278449193414015,-0.006485348827849999,-0.005736794986048939,-0.0014212334895208718,-0.002347117926630626,-0.006615489050123127,-0.004336608378595116,-0.0006650060410904328,0.008719263104281408,-0.009136408770479845,0.005009572950863846,0.0007498204927455395,-0.0020813473564253344,-0.0034122913491484,-0.0072853422582388715,-0.004176378514587435,-0.011974507239950454,-0.012544182016696423,-0.012266549697665337,-0.008918027657242616,-0.0044446517448746715,-0.0010448755973674318,-0.003380273608397693,-0.01464713698232172,-0.003459236024761023,-0.006719807674364309,-0.0073455628052049695,0.03135079847991075,-0.009600984225999792,-0.002535230489517916,-0.007849919722626997,-0.01223074918792335,-0.007530495732867954,-0.004292047790771005,-0.006989405313018364,-0.005078463087231798,0.04326777387775941,-0.0059599336408770135,-0.013823079239055722,-0.001212301983818977,-0.007118543806532119
14,-0.016433423748364106,-0.007936894604015024,0.007985629016994279,-0.01842518038137292,0.02513764075933452,-0.012606981351385906,-0.00755033412438061,-0.03229673398551156,-0.032307480223195725,-0.04588460552899473,-0.06874123866139978,0.04861356167645669,0.07456027804413148,-0.00696190606439873,1.0,-0.03792811253254534,-0.012852273311445412,-0.009231342749406228,-0.014184511367182805,0.09143117302671391,-0.0012529213218389042,-0.02851039420418517,-0.033802693853293236,-0.01860793129954326,0.13601662709518653,-0.03321297946023208,-0.02229865831545144,-0.02236769285416157,0.016881298992198562,-0.004022261713703429,-0.01936471203586731,-0.027670333078394112,0.002290510469616756,-0.019435118220613744,0.02002556914586466,-0.028838958167778588,0.03280660632958114,-0.012363247475926192,-0.010477672495362328,-0.015741963807749726,0.06021322403868619,-0.01343132637260297,-0.009831680294358644,-0.002061062844895196,-0.03139152330440622,-0.01981356290140015,-0.003710346142263541,-0.01257986192381653,-0.004624976550431637,0.13628587418999757,-0.010620588440581558,-0.019521427548489505,-0.02511967892454996,-0.02961600088693471,0.05160808189505095,-0.05139526319728453,0.007195851990833098,-0.050348552609551844,-0.01728911875286171,-0.01864514347731442,-0.002153305125900354,-0.013283568104506137,-0.07001193282768652,-0.01704409563588927,-0.032121161147872605,-0.018697904780528025,-0.03007816791887599,-0.0035202668627605637,-0.0280154267923139,-0.024088146589716794,-0.05928191785041662,-0.010061283100014749,0.0005575516661699017,-0.03535472918613623,-0.022996633778143184,-0.010182055776952246,0.061446967865257295,-0.037749688593995884,-0.004317140782821262,-0.03271737749445219
15,-0.040526661192639465,-0.029800450889080045,-0.024752781558363003,-0.020699292296264358,-0.02646303001445438,-0.019276062403735236,-0.04017100078371189,-0.0031227130467737264,-0.02949623036931257,-0.023280459190508064,0.05745839591047797,-0.03703552644001678,-0.0481407328623516,-0.011717760062882679,-0.03792811253254534,1.0,-0.005469423696086788,-0.013448185217338607,-0.06656350923078302,0.033611957786285965,-0.037823822892732936,-0.08109521471282904,-0.06799274820902614,0.018207321926130345,-0.01918228590933308,-0.03229203274599993,0.26698314891646274,0.006266177631161908,-0.08565938327724719,-0.06358337960998961,0.001193467209319727,-0.025496840399351368,-0.04682078115551047,-0.01879115381981549,-0.06852893730343698,-0.02146726956501277,-0.04129589973106639,-0.03230566530929552,-0.009700955699599514,0.0024799265252841395,-0.020229567780406958,-0.030679526490470715,-0.02888275272765159,-0.01388122636373858,-0.034790390994604806,-0.004171824871118127,-0.016319695308204415,-0.02250742703387917,0.1298630960701293,-0.02312277289185017,-0.01876962828289996,-0.023386028966450433,-0.038633110127921866,-0.027723920208181634,-0.025453598694879384,-0.06359027024066005,0.00655187611002298,0.11518051108353364,0.1999798797438519,-0.021544432112331178,-0.021091883987858065,-0.017318663386842445,-0.02186638147713898,-0.016038911523979172,-0.030024570606665593,0.0019575482862993158,-0.06970219366456003,-0.018822320086418445,-0.03752189758758971,-0.0031715642445394304,-0.04638634792913693,-0.025889438090915987,-0.020532983641504816,-0.030684524844275134,-0.02530486361052966,-0.008157433329349865,-0.05035534412705853,-0.07222771749865098,-0.01174106989383095,-0.033384476468430034
16,-0.01384007145846896,-0.007721578569815933,-0.0077003177689915995,-0.0067264992136221785,-0.009471260674305263,-0.008131091791342217,-0.01606244173530926,-0.011631643655425399,0.002688972698338093,-0.016013538384467688,-0.015633260306414487,-0.0181318998504375,-0.017955263062194124,-0.0035457418913446576,-0.012852273311445412,-0.005469423696086788,1.0,0.0006082117695967509,-0.020789509811138925,-0.01488663904827183,-0.012721695436578305,-0.03099952758011559,-0.02459143457881131,-0.003778997437681511,-0.008119517838670697,-0.012015528303633564,-0.008181646352328951,0.06958671372173623,-0.013322378213995003,-0.022636629472119557,0.023272711699885085,-0.008511417480341925,-0.01464840019829821,0.005988501064780085,-0.02101079190097638,0.017475602517680325,-0.0031735127015514518,-0.0005327868068110054,-0.002325410541108132,-0.0075140808084434765,-0.014709681730974412,-0.012076689629409117,-0.013981942415352958,-0.0059127840462589575,-0.004451201512196968,-0.0004445747168304898,0.010531079916932508,-0.007576787100776036,0.04088358687963618,-0.002713545512250533,-0.007063812929171352,-0.008946859461704336,-0.011946702078828194,-0.013324383610875826,-0.004570601570994036,-0.020028005271961268,-0.014919503772402273,-0.012126405030738491,0.005807873287025724,-0.007374849344325992,-0.014624056920762905,-0.006159001915868772,-0.016653705127952993,0.0008953148562447872,-0.009253344848896554,0.11047403313209728,-0.026549012618635213,0.06631073228146371,-0.006511764251880154,-0.011686283965029222,-0.018436376783168416,-0.01371629096246038,-0.007237066156636858,-0.0012131337133314982,-0.008930765598896861,-0.016623806041940255,-0.018358856359191184,-0.020683367266003817,-0.004568305400847787,0.004977155415847983
17,-0.014568038655612526,-0.011595418932905447,-0.010386114030106027,-0.007843986412498843,-0.008962682332636704,0.1426760206861653,-0.01601174781916758,-0.017054734227065986,0.004037087805815031,-0.017663910006200885,-0.024679101589346122,-0.019458170732627098,-0.00616759122462627,-0.004027211488636438,-0.009231342749406228,-0.013448185217338607,0.0006082117695967509,1.0,-0.021810096001525753,-0.02168814030035105,-0.003488437811015906,-0.01974893931363496,-0.026098844407841888,-0.007836388924153864,-0.008096908649130494,-0.009148961528217411,-0.008605863827102473,-0.0011280064121431234,-0.02547919644180934,-0.02226036447903513,0.06940578869157045,-0.006581409384581981,-0.018460836707383882,-0.0054346695059509465,0.04537401976477852,4.6314957754992926e-05,-0.006238282872703023,0.0004880039325803171,-0.002570149197896525,-0.0058297122526240475,-0.01440866306623777,-0.01068570906360439,-0.014555336129071828,-0.00576115354547618,0.08269071035656309,0.0049250156504446795,0.002789669002608288,-0.00929638713318936,-0.011888739150212276,-0.0112204906158708,-0.00581427537583,-0.008965031704450881,-0.005447079440163434,-0.013534793574359827,-0.0028098336150026828,-0.021428500809573633,-0.0249777022354514,-0.021646578480622368,-0.010845265148077219,-0.008178908048806858,-0.015182613924214185,-0.006586451890463307,-0.025575542399747006,-0.00393133821406429,-0.00715140862976122,0.05892580416529104,-0.019578464183535697,-0.009238509856876525,0.11357756149311513,-0.014183176764789465,-0.02225001983151823,-0.015005915294209313,-0.00479252688790987,-0.007601219460534057,-0.009257994533334842,-0.01110525329218116,-0.016056825070771157,-0.022330496002679903,-0.004614405456021108,0.11627849902541541
18,-0.03611361524717223,-0.026479282738705798,0.030408066712553788,-0.01153919612875207,0.08059915243292698,-0.0311994075064006,0.021680890646272377,-0.04985241923616844,-0.04155527490983273,-0.05477300212122274,-0.08689871078775674,-0.009182073137073714,-0.021085957701042667,0.019808917630867725,-0.014184511367182805,-0.06656350923078302,-0.020789509811138925,-0.021810096001525753,1.0,-0.03304858621464193,0.007175516711581601,0.2542752451298323,0.07540276900787488,-0.028535826808449478,0.05138201169578537,-0.038980136737054284,-0.027958286428809175,-0.02386115800166815,-0.026086609688177297,0.12783112504605404,-0.034357935516747484,-0.03262449696893044,-0.014358016747023992,-0.020892825211850756,0.041895544271841396,-0.030886176706740105,0.029855840288914737,-0.03858997094235083,-0.011797440169166342,-0.03151673674526479,0.01198697494171083,0.019828055624383265,0.12419725919310666,-0.009821860286708402,-0.04047371155979435,-0.01747249336680457,-0.01878953058314694,0.02486663845997912,-0.066683754245524,0.052412155937724705,-0.0038696156085481475,0.014137005945600536,0.05953897592887053,-0.041016828872901714,-0.02084948993294415,-0.04947053737503605,-0.07274591565833496,-0.07092629547205215,-0.05218602767698376,0.011656331933173704,0.08071207734887384,0.010244648368581143,-0.08418743464896591,-0.01979565514079492,-0.03843789876936676,-0.04064350043616674,0.1655297829051342,-0.043615215407166584,-0.047360003249193025,-0.045356656663427475,-0.07034490662868842,-0.04145896400449277,-0.024665345593409695,-0.03991243145953757,-0.0137602848240828,0.17587834960410706,0.12222566008554478,0.0034026929960627,0.12087817598319324,-0.04189000988116207
19,-0.021468754331781446,-0.00487182120677755,0.021366153384227024,-0.01915636489527332,-0.026585285573100012,-0.02686688194754229,-0.037246240772338624,-0.014282989530515232,-0.03694409659835976,-0.04161358261109667,-0.06577328175934369,0.0713159604241475,-0.048833854495132056,-0.010002876510660846,0.09143117302671391,0.033611957786285965,-0.01488663904827183,-0.02168814030035105,-0.03304858621464193,1.0,-0.035858126294662604,-0.07307841234573184,-0.060198164190044735,-0.0003079235845529693,-0.0015720465873259072,-0.03294687648588564,-0.013367983693330174,-0.0235185593335014,-0.057378974358366745,0.0303252545269371,-0.03416449679223354,-0.02761036741231894,-0.011762993653712448,-0.01907724677860808,-0.06900779371249607,-0.04452985036068764,0.011167377207995424,-0.03321687372431177,-0.010423763755195655,-0.02461757718185533,0.020245196089753708,-0.030726496968091224,0.039419771380426336,-0.00863317807452891,-0.03610102266407029,-0.02012418299461348,-0.016064217896164804,-0.011866946488614916,0.026385373921644775,0.303060229953259,-0.018790507634574703,-0.023582542364504733,-0.0383148816963236,-0.0341218624489938,0.04943321432011606,-0.05591941157345255,0.06514983713755199,-0.028064678431986154,0.018429801487826285,-0.011798839774805767,0.051193063153849354,-0.015443514700171301,-0.06443226300020533,-0.016580956427604043,-0.031742280184460306,-0.03985953968607067,-0.06871560217968767,-0.0020408655960304422,-0.04452524040074151,0.0066433343595729295,-0.05860938179317253,-0.006477037130862621,-0.02115517369603154,-0.0351887799804469,-0.025119179911297355,-0.019824336960000934,-0.04522878497807767,-0.07458658308843538,-0.007632202292342948,-0.03524509684720206
20,-0.02460540490626015,0.02737812658092316,-0.014837792988583577,-0.0003097234383950409,0.008406536241732179,-0.02061966941864408,0.08386003162127315,-0.01657089371736514,-0.022518487735161637,-0.03428416567169651,-0.05546297695133952,0.055814780237576085,-0.005971679202928459,-0.002843697025680398,-0.0012529213218389042,-0.037823822892732936,-0.012721695436578305,-0.003488437811015906,0.007175516711581601,-0.035858126294662604,1.0,-0.000725521631543144,0.03316457457768412,-0.008768559069989515,0.013799563644269082,-0.015207061631311877,-0.018657351013374325,-0.015366153998333014,0.05108742933177797,0.11857285021677065,-0.005054714933224279,-0.01158686264368479,0.041742433996096326,-0.013624156325586154,-0.01711148219865347,-0.010521536106489905,-0.013228651056550291,-0.017500070974245188,-0.008267777128302657,-0.01679244899064688,-0.012428688799192872,-0.014429374030146058,-0.015149349917185022,0.11080977196058138,-0.026041849240843504,-0.01545643040172465,-0.010810638167796502,-0.004613524833757213,-0.0038579850334636064,0.02208918240967735,-0.011709451639058736,0.0007816704420420062,-0.0016693307848166866,-0.028015036928210633,-0.01835155728939462,-0.001210225611583562,-0.010122532143908361,-0.03762906820437991,-0.029131889481295747,0.01771943601266928,-0.004337651238138307,0.0021030271792364164,-0.05348416322979025,-0.012834473778276751,-0.018270795583426397,0.009448006394952744,-0.0007756514509779907,-0.023595389416967753,0.0010059789372667452,-0.02081381191800657,-0.048063460519706364,-0.010538611488804295,-0.014882172726782137,-0.01207652143384189,-0.014693361892043039,0.024379356810280542,0.11909738951145384,-0.01571351981579558,-0.0008287995110675449,-0.02182326050700665
21,-0.04775067314916019,-0.04588076050469989,0.008662645360725014,-0.015742349612074963,0.051714714955592614,-0.035623296457492765,0.07818853572801393,-0.06144321617905481,-0.04901234302243271,-0.06729055908920464,-0.10566129525522086,-0.05590466149707557,0.07881400947506423,0.028125020523502884,-0.02851039420418517,-0.08109521471282904,-0.03099952758011559,-0.01974893931363496,0.2542752451298323,-0.07307841234573184,-0.000725521631543144,1.0,0.10173430576462329,-0.03466454274706462,-0.027978825957144113,-0.04554132538512797,-0.034395100622509764,-0.02936187894186129,-0.04398295546378343,0.1830623363882865,0.005629455112794161,-0.040803069169315476,-0.015264219125675124,-0.024102882455885363,0.11893464443500781,0.013411483881738757,0.040118870069922194,-0.04471670665939166,-0.01491829339443198,-0.03870954330066184,-0.03716462134191033,0.02352877889463281,0.007532245461054967,-0.020299697735246473,-0.042914206649720864,-0.020782223788609146,-0.021697763143542777,0.00371649487828132,-0.07721132871334763,-0.0032800532652463446,0.05157346417060864,0.09414210716313401,0.15755878472554669,-0.05108699269236771,-0.002354725007359704,-0.058811936340881055,-0.09405920288478077,-0.08916887793906249,-0.061974326532801674,-0.009327979179207392,0.019756951749925044,0.027499972112824376,-0.10238781384011508,-0.024177377585760232,-0.045625978158806896,-0.05388685887881619,0.3697496146989867,-0.05427243815983675,-0.054588507052190885,-0.05456769215309388,-0.08677354655379357,-0.02993518341733336,-0.028699183400067933,-0.05000689144031256,-0.02416410285725766,0.13981863934696742,0.05237817661300651,0.07574771568484234,0.0025936286716726374,-0.05041386236321392
22,-0.02404049952321148,-0.012187602132822446,-0.0266730661080659,0.13253161100925887,0.06107809325098532,-0.03183109688150255,0.4344487043629732,-0.047316527144407206,-0.04423900068906456,-0.05250925595211347,-0.08771293916737347,-0.013385906499177556,-0.03707092701315714,-0.00987870955883833,-0.033802693853293236,-0.06799274820902614,-0.02459143457881131,-0.026098844407841888,0.07540276900787488,-0.060198164190044735,0.03316457457768412,0.10173430576462329,1.0,-0.02877465410066926,0.025547378181090322,-0.03931798609117898,-0.028065643429487815,-0.027292581315876255,-0.04883440775622516,0.04581639524539936,-0.057020701366319926,-0.032544514262709434,-0.03871346419188811,-0.021700853632395052,0.008613395486693588,-0.03047624852937193,-0.02108575245683645,-0.03942168091692182,-0.012550138334274114,-0.03154182270466417,-0.019173131626820515,0.03440802447510765,-0.035255742148323804,0.005139627713301999,-0.0395788152013564,-0.020547070419800553,-0.020230530929120315,-0.023812043317376748,-0.0735727464269074,-0.028141609819424013,-0.00038084173829931126,0.0581104563991174,0.07289377648717206,-0.041750036399582906,-0.03456067218970572,-0.031113702238698072,-0.07404746258215499,-0.07039869205250379,-0.049242362722561904,0.026287905988050923,-0.02550500185955041,0.01611117365556887,-0.0810103913006385,-0.020060939469779125,-0.03268077427238585,-0.047955667164771676,0.1721837350955489,-0.04930068347231208,-0.055442065777519506,-0.04427822697541667,-0.0688411573994534,-0.03870431167578496,-0.024993273578910933,-0.0406347350744206,-0.006091829659972603,0.008790863006056969,0.05204200108342556,0.05845745747288585,0.002438031876790713,-0.04277962299988695
