,0,1,2,3,4,5,6,7,8,9,10,11,12,13,14,15,16,17,18,19,20,21,22,23,24,25,26,27,28,29,30,31,32,33,34,35,36,37,38,39,40,41,42,43,44,45,46,47,48,49,50,51,52,53,54,55,56,57,58,59,60,61,62,63,64,65,66,67,68,69,70,71,72,73,74,75,76,77,78,79,80,81
0,1.0,0.011280932492506886,0.046690656552989686,-0.014838389641929121,-0.01223366829350566,-0.0076092160652503175,-0.033747489937113344,-0.01922980897975197,-0.0344793523722149,-0.03877510277351976,-0.020273070978933702,0.10857087508415683,-0.019934779014121072,-0.04176312431799304,0.09394511630809291,-0.046822449695573184,-0.014836528640641642,-0.0022831487321338575,-0.009107403487329285,0.030896153647274823,-0.007549586665091625,-0.05705148060302567,-0.05694783722791526,-0.016289133565226634,-0.019331439181466615,0.0021148221959548068,-0.018269441296270193,-0.020038499688478498,-0.006239345673616753,-0.050062913336374,-0.019315401704832515,0.027185519560687276,0.03427561041598982,-0.010325245743808328,0.02082611844560666,-0.011433999394570696,-0.018779046026756445,-0.008582082011791533,-0.010584533503579019,-0.013178236140804772,0.021679066429929138,-0.0009418996568493748,-0.03357166321405171,-0.013328141272682285,-0.016214188948290235,0.0048210406786998675,-0.016118122808434242,-0.02663117120906562,-0.01709791730749199,-0.030736630105301074,-0.0035132000737453225,-0.02327348379573884,-0.02524276174388137,-0.03518533076626182,-0.011173998255871367,0.1981233504612015,0.0313397107846274,-0.044953922002888405,-0.024689363337326874,-0.0006030518022991241,0.003998212762430971,0.00011580346773522755,-0.05696151115625646,-0.016360719175741396,0.013460329904147472,-0.01573344398920988,-0.04319499679887212,0.05792642042700423,0.00368458852861161,-0.008865343561993824,-0.05880623186529585,0.008314522713245141,-0.011837662812133071,0.01419248651593126,0.018072608485073426,-0.046519169268143215,-0.050300926531988574,0.08641938631694501,-0.009978745218456684,-0.021218241844929334,0.04782441260546205,-0.07147945364790229
1,0.011280932492506886,1.0,0.006414342304399669,-0.013521103286860393,-0.032553739434712355,-0.018271198047969013,-0.027308379168978963,0.2498313920371792,-0.02495089573518223,0.08164932143520295,-0.013981610549407126,0.14314797678147229,-0.03239223338638616,-0.03815185722308702,-0.02373024536645494,-0.002919162312253044,-0.011696301866065642,-0.01418275492675484,-0.007954990903873908,0.007418994122815531,-0.018801093226110583,-0.05528558456374838,-0.044591993873834196,0.013818623832367868,-0.01592345660091827,-0.019751641798578867,0.07042072111459591,-0.014891483246882695,-0.01401133844824659,-0.04251471682796704,-0.023088864856000153,-0.014458369170788667,0.0008747093070248609,-0.012853581250547249,-0.04432569553538263,-0.010355235666182797,-0.029557509317722414,-0.022284647012890627,-0.007102349383120557,0.0007543210007457425,-0.007278722408022067,-0.019878987350628284,-0.02386461060692385,-0.009469177009922877,-0.02395236070861342,-0.011909949765690677,-0.011323550835277998,-0.017059551115321283,0.09929666156731391,-0.023067691326612273,-0.009111117472487109,-0.01620191076941258,-0.025715944540726607,-0.0181980231445706,0.03400525427962514,-0.016613160851271243,0.052698387967967004,0.09331325383175867,-0.00328228458044376,0.07470691810847513,-0.023498998690883476,-0.011294220490382851,0.09396394596836576,-0.01132131372286821,-0.01722897955680821,-0.022673624079867755,-0.04736818783054139,-0.01847046152282404,-0.007845828394355985,0.007710510993409873,-0.02621384921452473,-0.027361279721748108,-0.014126128603406627,-0.021954389276187602,-0.01731405908427654,-0.031451936489320154,-0.0457594967150394,-0.0450814488393752,-0.007267062827385504,-0.024050568269624192,-0.01955542262891792,-0.015492098736490878
2,0.046690656552989686,0.006414342304399669,1.0,0.00736702830364556,0.04685832339850861,-0.049174029223384944,-0.038721518114009174,0.009883315944808766,-0.06819959553709423,-0.08079006077363964,-0.0019993575975474206,-9.88960426370456e-05,-0.07243809561933223,-0.06311140225352854,0.041956138318134384,-0.06250139219335933,-0.022096987386375937,-0.032822028175824705,0.00518121557527588,-0.015437550515269547,0.05580818827982706,-0.07003995418655537,-0.045598101159324216,0.030429403734117393,0.010532222018699886,-0.058814365840669944,-0.028158479000496082,-0.04315480220022111,0.10716294999252839,0.06249977499138547,-0.07307262489750865,-0.03177050180389843,0.17389559975274235,-0.035783852148312006,-0.07204725996128572,0.009340008788877476,0.0759678538179707,-0.05091154829101306,-0.020849117917732928,-0.024480248514676645,0.028797578755088316,-0.04934348594071654,0.05753617891177875,0.0212763435962975,-0.05608394444338373,-0.0345858159799336,-0.030547156747523035,0.05895955140158748,0.049256375405336165,0.12239512592000977,-0.02113698720820724,-0.03737796024002138,-0.02048333902203433,-0.06577900218245866,0.007327639237372945,0.01451817588911331,0.277739092877779,0.012327805282987749,-0.05270157352425632,0.008833434065470045,-0.03728151678554436,-0.02197569175200636,-0.07252625887611677,-0.03166201095947306,-0.03562414855663058,-0.03989129511278187,-0.08386149364792858,-0.013259851733043709,-0.047626965059420226,0.11407365646540697,-0.1054644023517892,-0.028208555449652735,-0.03839016287199619,-0.03952598421245573,-0.03984271409886512,0.05370042183040241,0.0016459322044424258,-0.06076074313555767,-0.007610651842586551,-0.06741821143544485,0.015294906708081904,-0.10636780173960403
3,-0.014838389641929121,-0.013521103286860393,0.00736702830364556,1.0,0.021033832282402035,-0.01020233861156274,0.07563199846107124,-0.013793326416244084,-0.013911658015361842,-0.01648843040321761,-0.006908667874730755,-0.005769489305873838,-0.01819718596352303,-0.020742782872224433,-0.018368505857918705,-0.02067303677208481,-0.006677153286881442,-0.007768108189452065,-0.004210637226156506,-0.01909463149306485,-0.0005866963086919247,-0.014836172969367506,0.13244675929074545,-0.00877155692734292,0.00482324422295213,-0.012344834533931405,-0.008657692971743102,-0.00818679990369605,0.005434791579890833,0.0019650990887492793,-0.017461403531186328,-0.008666638160509681,-0.012773646518093037,-0.0071855082121715635,-0.0064181446251343355,-0.012338965441699181,-0.015573589895106736,-0.012402240938458738,-0.003996055092347333,-0.0031221320124238793,-0.011661911787182727,-0.0108594114523613,-0.012750382748651621,-0.004999383223233815,-0.011726408748245147,-0.007926152017260336,-0.006389663839737356,-0.010033784308290607,-0.02298507833118569,-0.020786834754385815,-0.004171602956896095,0.011596974900926227,-0.006966540851459195,-0.013357190021945672,-0.010286915080860836,0.014329375824719838,0.008928129561528102,-0.017986526614396276,-0.015089816296924718,0.04231731827702121,-0.007329557334496863,0.003265843640003381,-0.024120888553364077,-0.006282307051048626,-0.012025861895011262,-0.013298654346556922,0.0052376497157908776,-0.016698878140486265,-0.0182454309881357,-0.013305561182061179,-0.022429047417409392,-0.013409127930166785,-0.008017109625830332,-0.012783120978305909,0.0022922978202389453,-0.003933897059599906,-0.011587876404957013,0.030943393771700814,0.004122082741061749,-0.013489359615398286,-0.009948932667996326,-0.02708391772827473
4,-0.01223366829350566,-0.032553739434712355,0.04685832339850861,0.021033832282402035,1.0,-0.021523687851743446,0.006616999129431337,-0.033461304165779415,-0.030602688903589175,-0.03972936198515626,0.047797734540846196,-0.01968371244806591,0.05696676629534411,0.021380857340450716,0.06158667562125617,-0.04977183972634032,-0.018059322407309966,-0.01564203886042501,-0.005799495002565984,-0.044862184226634294,0.11441724341021937,0.053259655706416456,0.05145377447816127,-0.020864952508406705,0.07890810002009073,-0.018459471127295672,-0.020143323537718368,-0.020070032632817654,0.025188885772680174,0.028553012154451884,-0.03275171930642591,-0.01750732702361109,-0.011418751289875295,-0.010928711403397552,0.06897263258496877,-0.023527289331952632,-0.033999241109999426,-0.024813667309090626,-0.009192931381451929,-0.0229100490357314,-0.02421656820040187,0.02278992754678328,-0.02931898552144232,0.01347776747186206,-0.028408476274853676,-0.01491368937810541,-0.014648422713919055,-0.02230817706123564,-0.046792805680073365,0.043272350319283684,-0.01281821391836795,0.007914422496365125,0.008396543767011825,-0.03070093217848551,-0.025678843175724924,-0.029514718657297573,0.07300471315754517,-0.05199883433469627,-0.037834514185483795,-0.016583307764422087,-0.011130524557373319,0.06893565763774416,-0.06312653647076882,-0.013893854869377265,-0.026975582624357522,-0.03560373416537592,0.035787590491115316,-0.02693479381653778,-0.042552404872477495,-0.022873898419134443,-0.051790907499174366,-0.033596023952392536,-0.012109673437141175,-0.026963584559848708,0.00044762986089171355,0.0008846723324452688,0.12243868108377842,0.08436801299080365,2.4098541357708836e-06,-0.029323694668522853,0.04131998452748093,-0.06367325399015354
5,-0.0076092160652503175,-0.018271198047969013,-0.049174029223384944,-0.01020233861156274,-0.021523687851743446,1.0,-0.017368801562506787,-0.020798455621217557,0.0011116505604654749,-0.020862442410005008,-0.00966963580933665,-0.015019985167441465,-0.015845726187120303,-0.024994084397826202,-0.012570123229552223,-0.019259176846711155,-0.008149845303468229,0.14230139872220413,-0.005391965214006045,-0.026870915806971714,-0.01837674855503022,-0.03551457091026188,-0.031823092267801126,-0.0102032118228775,-0.00931148534299727,-0.012621869328886197,-0.010716119857613643,0.0012076480209830564,-0.014286264969467121,-0.030644402042803484,0.061100732046970384,-0.007528340797880314,-0.02928513655893629,0.062253861658749965,0.09159758702453116,-0.01840256622161851,-0.021504370227779145,0.07695742674915974,-0.004768338385375181,0.006849147020235211,-0.017410562666631508,-0.01329960534355078,-0.0173563720109221,-0.006943382929414672,0.09857924982004283,0.014117970060094716,-0.006554364001336344,-0.012374993893587913,-0.018243428793349867,-0.04335840837143165,-0.008827881253546766,-0.011047084193695253,0.006725927334155629,-0.016292105207356206,0.01831586345842342,-0.007398343796764014,-0.0421692200432,-0.025458773205360982,-0.013363408871316255,-0.01006763633478483,-0.019819494288765685,-0.007949876851831286,-0.03237543305951547,0.13137943695408205,-0.0058632774303603325,0.01614185204715782,-0.03110579877144149,-0.004042720690648718,0.03185792457782621,-0.018661221006932134,-0.025819367758654663,-0.01731826669860403,-0.004193759136214685,-0.006682241351002045,-0.011171496661816705,-0.023279479576310432,-0.03106065911658986,-0.027749482732439136,-0.005623362199117901,0.40064538970052,-0.02338450168897562,-0.031204229067487557
6,-0.033747489937113344,-0.027308379168978963,-0.038721518114009174,0.07563199846107124,0.006616999129431337,-0.017368801562506787,1.0,-0.02909267593046403,-0.026300059689157988,-0.03195438831643274,0.016952919456113838,-0.020073766333988267,-0.011881966179846146,0.07071891994697241,-0.006834913618014452,-0.03948377079195951,-0.015817742590414324,-0.01569930588551254,-0.005603139229536559,-0.03651872762191754,0.08370585870185737,0.07415519226837577,0.4409605058850477,-0.017191423864378885,-0.00011676012984626659,-0.02348635797123507,-0.01670519438703834,-0.016742582361504155,-0.011249312173810037,0.023796602884588323,-0.028295356703774123,-0.01997658770044458,-0.02588023045481639,-0.012013530189584351,-0.00512653830575395,-0.013414460420590761,-0.021317242753157786,-0.022432134199471557,-0.007524763211337528,-0.01869880994907215,-0.013247774847709918,0.0018973695100415657,-0.02317857915769734,0.014299345034175258,-0.023855365153761184,-0.013635859883260739,-0.011982706806260249,-0.012478115463089101,-0.04330841451238851,-0.011722958138523872,-0.010319282493996452,0.01635572135635847,0.06809773184283405,-0.02486940774318415,-0.024884255810199304,-0.017997477871922546,-0.04021721192964173,-0.043238291478198285,-0.031683090132535716,-0.012242568459605908,-0.018912991152130368,0.008133705189607671,-0.050752336801702574,-0.011914983063575779,-0.021837270314958458,-0.029236891901222792,0.08248344714599441,-0.021375967816738166,-0.0349140173411963,-0.025216806018518768,-0.038769152105429056,-0.029802950602724147,-0.014635214396269046,-0.024807975192596938,0.023900697104599536,-0.017953097373965263,0.019316955011378673,0.04142945952007098,0.00036700262076105883,-0.02531254420710386,-0.0063812813986951185,-0.05213626815838063
7,-0.01922980897975197,0.2498313920371792,0.009883315944808766,-0.013793326416244084,-0.033461304165779415,-0.020798455621217557,-0.02909267593046403,1.0,-0.028692320370455347,0.03569506343993274,-0.013687316927846839,0.04781111985179426,-0.03788897901619507,-0.04673811465891178,-0.03226362068073865,-0.0030784548266676714,-0.011468267759642568,-0.0169584558797667,-0.008682179228880448,-0.014286429072848715,-0.01512855523142985,-0.061297684540256366,-0.04731936268529548,0.008967095029534577,-0.019034672305010783,-0.02533998879421408,0.006525322415923387,-0.017739836063512808,0.02931232292117459,-0.047856578759187265,-0.02756482747846239,-0.01907665091195381,-0.003425197702860483,-0.014606871885598305,-0.052664225942623724,-0.023027425822094324,-0.034152394145111904,-0.025056354140551393,-0.008126189128441897,0.011112354984769554,-0.01962621066700339,-0.02327595621118342,-0.026951621206552975,-0.010175619955879447,-0.02816337658568941,-0.009614543797324928,-0.012961449594258344,-0.019862696523544183,0.10917508722232196,-0.049982823852550345,-0.01377186995288789,-0.01802364419033903,-0.02879611922432778,-0.011566869944345498,0.029303059947480847,-0.028530893651565352,0.05314755542255924,0.06812191265853212,-0.023382444870878823,0.06586380248289098,-0.02676708048954167,-0.012999532430150465,0.09356647352749603,-0.012782305547897724,-0.02358454478513465,-0.03177487678507612,-0.05485071026176666,-0.033169623275813166,-0.02141648483697672,0.034445599529592516,-0.03662719311046161,-0.03537032271555794,-0.0162021762696962,-0.026308930835098755,-0.01964807239596353,-0.03261439484200057,-0.04959078382960415,-0.05600325822582308,-0.004989831599301745,-0.027207293453787917,-0.019215093026918866,0.12804025436567013
8,-0.0344793523722149,-0.02495089573518223,-0.06819959553709423,-0.013911658015361842,-0.030602688903589175,0.0011116505604654749,-0.026300059689157988,-0.028692320370455347,1.0,-0.02884421141627306,-0.013346311721202255,-0.025955985427638807,-0.02547162481717665,-0.032627498953838825,-0.032259809884951286,-0.029451018865936134,0.0025707333525111344,0.004078845967446959,-0.0034843542980411996,-0.03687703152168916,-0.018900990659249377,-0.04897380981931299,-0.04419880043345448,-0.015374553990537805,-0.016541890778421588,-0.011142179919237067,-0.014869060585470346,0.02165332290540755,-0.020130576947199663,-0.03971666903410774,0.030940667667694044,-0.017963883155745666,-0.039834669487195176,-0.01153908786793794,-0.028990271057119325,-0.024986687086153463,-0.02280074362053735,0.05875919976216269,-0.006502270322291798,-0.013708069637503439,-0.023735633596155478,-0.01811245363661984,-0.023841029539074833,-0.009520585837541415,0.16514633234520665,-0.011932403623401772,0.1822862319278499,-0.016942977211511643,-0.03272389679421121,-0.0513521659324634,-0.008869556640896618,-0.014854427354030383,-0.01735882266336921,-0.02226258071590951,-0.02131079781099892,-0.040467786647374965,-0.051804507395588395,-0.03914843494893318,-0.025600776895710768,-0.013834934822123966,-0.015534388492835895,-0.010701964931731298,-0.0459745357252081,0.0038670773988934595,-0.019098950863415665,0.011172400282823682,-0.04284365683058865,-0.006271935565816362,0.06931923079284397,-0.025612533516967104,-0.037140684219919146,-0.011105903321507647,0.08079461890680056,-0.010967833426915168,-0.0161728535040132,-0.013655639464374755,-0.04135228605529926,-0.046153190402133955,-0.007742744386008728,0.0830057550328194,-0.032347617411693945,-0.046742133895976784
9,-0.03877510277351976,0.08164932143520295,-0.08079006077363964,-0.01648843040321761,-0.03972936198515626,-0.020862442410005008,-0.03195438831643274,0.03569506343993274,-0.02884421141627306,1.0,-0.016256934336826706,-0.006564491953959488,-0.03816918395865894,-0.047462657937189276,-0.04511610490820718,-0.022946183287831125,-0.015773093996745244,-0.017271578386204973,-0.009232672080286237,-0.040871110372712474,-0.030495163228918563,-0.06622037164693796,-0.051689482439212356,-0.015495986894633152,-0.020543860374696042,-0.025505671386597054,-0.01461132497831705,-0.01814236979083462,-0.024137650293030385,-0.051475450747045154,-0.035231422516880335,-0.021726010607611618,-0.04304814869494212,-0.014922667300037273,-0.05382181802926646,-0.030248714790428795,-0.036068709526731406,-0.025488277915187513,-0.006205970510778167,0.07835391836024062,-0.02879009927982581,-0.024038259520251796,-0.02896998734828784,-0.011484277799642586,-0.026930133536881087,-0.013690913615525182,-0.013011474808063786,-0.02063135496602604,-0.0369583001695038,-0.07470624474608095,-0.014445007508930498,-0.018474891050958207,-0.029224107517885248,0.04836592084506334,-0.028581477215740406,-0.045224414981605655,-0.06485228037860868,0.2509909600302249,-0.027774796058726348,-0.016497247533235112,-0.031377690785646214,-0.013320240580931945,0.7177990263876357,-0.012928689061155248,-0.020110572490350462,-0.02744940752473832,-0.05489122246525395,-0.03515764295586975,-0.0363459520478873,-0.022154815547616627,0.12521428840511595,-0.034934951931733495,-0.01639882136043487,-0.014075758765227094,-0.019897942260599374,-0.04376725150260146,-0.053681742117387056,-0.057771276914593855,-0.009369648821578175,-0.027594692057983337,-0.02131932005051193,0.0528382354048581
10,-0.020273070978933702,-0.013981610549407126,-0.0019993575975474206,-0.006908667874730755,0.047797734540846196,-0.00966963580933665,0.016952919456113838,-0.013687316927846839,-0.013346311721202255,-0.016256934336826706,1.0,-0.01505755528808981,-0.01731095300292719,-0.018804400484518643,0.13643224772310167,-0.019174838505679116,-0.008110217099292051,-0.008036313425689574,-0.0035985577449641776,-0.0015477045740134045,0.013046614889821083,-0.02778856735706519,0.025592680567635716,-0.004794147965029644,0.07131041943307392,-0.011875843176805234,-0.008406106262439112,-0.008480810221737894,-0.005979177050609295,0.03518765910618883,-0.01403109513348943,-0.010083823783504076,0.007184899303380106,-0.006845160203759425,-0.014288218189854094,-0.010749966859938348,-0.016318661996295888,-0.011961384379831404,-0.0037882546005941504,-0.009480934874411193,0.011997968682529805,-0.01093829365468248,-0.004755882313048503,0.028695061920451452,-0.013033284372566557,-0.0075172818646872235,-0.005989815164125644,-0.008884543355199106,0.003937892234682646,0.08692031895018634,-0.006818958465787513,-0.007628848538304882,-0.008925403924231112,-0.0120920635848272,-0.013163036158655356,-0.02397097996088405,-0.02452043997118905,-0.022027271401450475,-0.015346007021715603,-0.007903181730560739,-0.013132785335035374,-0.0045421545367842885,-0.02590876095437401,-0.005982367467036023,-0.01200206749541497,-0.015050110120492365,-0.0043027597065929644,-0.017507470027691624,-0.018430648119085992,-0.007177566305011138,-0.021130971615873115,-0.010340736359367955,-0.007623915096882818,-0.012689066340793637,-0.008634371270976356,-0.013913485585289046,0.051617299023937066,-0.013342473602120434,-0.0029338438388589686,-0.012840748051671581,0.021818027941993612,-0.025663738592486388
11,0.10857087508415683,0.14314797678147229,-9.88960426370456e-05,-0.005769489305873838,-0.01968371244806591,-0.015019985167441465,-0.020073766333988267,0.04781111985179426,-0.025955985427638807,-0.006564491953959488,-0.01505755528808981,1.0,-0.03368008460999136,-0.03553931796195632,-0.024570459799506165,-0.03779035336674919,-0.01272685842667079,-0.014494660735699242,-0.007721375065632806,-0.024911501476013627,-0.022645694149060112,-0.044380067410994775,-0.019460771198720174,-0.007964982598963846,-0.01696707305946473,-0.010318782803754804,-0.0074119626763983395,-0.015063571641578007,-0.00754218381232852,-0.04010022717532833,0.005080529474553678,0.002353196935422582,-0.014129345234594724,-0.009874105587521349,-0.02591400603787139,-0.021148160689773182,-0.02749757972881945,-0.02261746908120738,-0.007577269486535927,-0.0038424164170984417,-0.02438226632687525,0.01853199246260594,-0.026297598197405604,-0.009910787852553832,-0.0036557526868427016,-0.012284524481182616,-0.012090853006769698,-0.019222161416615903,-0.005330751783724179,-0.05508525762535758,-0.006551620903249885,-0.0029611355457085297,-0.020216491415893014,-0.025388900330612158,0.0031857589395734983,0.15612644586012406,0.07212933099183097,0.06073362466295261,-0.021711785788291044,0.00984306636967746,0.020567950319903484,-0.0085503594780129,-0.016546032007078503,-0.012104755591249192,0.01600952921935324,-0.009645634932638682,-0.027735613022925355,-0.020132107196976976,-0.02266276245042311,-0.00887922925875092,-0.04031658024076038,-0.024293970935573724,-0.012489881700842897,-0.018735696251211048,0.021239655568971238,-0.03464833052436467,-0.03287540298586905,0.2056898815112298,-0.00660393920479919,-0.025294310963817193,-0.02142702645491579,-0.05116164528083794
12,-0.019934779014121072,-0.03239223338638616,-0.07243809561933223,-0.01819718596352303,0.05696676629534411,-0.015845726187120303,-0.011881966179846146,-0.03788897901619507,-0.02547162481717665,-0.03816918395865894,-0.01731095300292719,-0.03368008460999136,1.0,0.06646488641083634,0.07472632522579392,-0.04807689596632057,-0.017975749842948453,-0.006172737165639916,-0.005313865737858532,-0.04864950788990577,-0.003931882566343192,0.07699000529665068,-0.036999178186924955,-0.020392586359069577,-0.00458117299217534,-0.01475322571267166,-0.019807058423447575,-0.019142237214576835,-0.023805484890858222,-0.04021931730542637,-0.02178843837241752,-0.01164697646605789,-0.027095717715322345,-0.015378326056846458,0.3484881040303837,-0.03240197506977349,0.00420803968676095,-0.011572924764931197,-0.00874737956788346,-0.021876431250819044,-0.03128178290138557,0.08941832193401708,-0.03168298355533636,-0.01248297152445246,-0.019700569474460583,-0.01698376904213275,-0.012653520763273102,-0.022040155930492307,-0.044812917186725025,-0.05306738892208854,0.06525287865512347,-0.007431684014231145,0.0004073732159377125,-0.029615747377986546,0.06460728906032243,-0.04303272720583558,-0.010915007672057511,-0.05192673450613243,-0.03741157595227437,-0.013774062728472326,0.06087667489280321,-0.010549303671600592,-0.06106229898860807,-0.013531190917308707,-0.027690553159508087,-0.03320948106197043,0.09067378233140516,0.020448657108343118,-0.028334401483428452,-0.0340252227221787,-0.05003998286914096,-0.021894392140814747,0.009153966848828955,-0.028232760810252958,-0.010716747770653528,-0.02349140742843101,-0.021369256491068463,-0.03850966145708702,-0.00967237455789996,-0.02582287615232701,-0.0349476531342128,-0.06193606688588485
13,-0.04176312431799304,-0.03815185722308702,-0.06311140225352854,-0.020742782872224433,0.021380857340450716,-0.024994084397826202,0.07071891994697241,-0.04673811465891178,-0.032627498953838825,-0.047462657937189276,-0.018804400484518643,-0.03553931796195632,0.06646488641083634,1.0,-0.018202878163246172,-0.059479282505802394,-0.021761907164614867,-0.017918078526966485,0.0011341704047994412,-0.046659285791625246,0.008709615533787924,0.4009822918150798,0.04730677225015558,-0.025455967529687346,0.04167095169135049,-0.031593698470080166,-0.024377944845663697,-0.023085595681945247,-0.03202870795334017,0.06859878935704247,0.0005378107093518686,-0.02744047392431069,-0.03867576435743532,-0.020070489695671045,0.054046260746097446,-0.008061256604717203,-0.004504456287814212,-0.032074836907458146,-0.010944021901281464,-0.02739562612443467,-0.02550221016625686,0.06761163093264641,-0.019237627651825802,-0.014100491762133172,-0.02874126716909258,-0.02147061598846521,-0.013651231085033983,-0.018296239958362208,-0.05575030429867283,-0.019106042555118448,0.05320873399652287,0.06797949673021793,0.07883695779393571,-0.0356902476362709,-0.013264447503076553,-0.06385068993592671,-0.022398084007679633,-0.0651478923695327,-0.047019557865587897,-0.02352300230306084,0.007496403534429869,-0.008547910250323459,-0.07584798875441191,-0.017382248857913438,-0.033781802153526864,-0.04305242856566512,0.18322639885357306,0.02123768401755951,-0.03833643241325325,-0.04079570243437901,-0.06175603471893691,-0.044955442714098695,-0.01983129958173694,-0.035508659023275775,0.020263446936240402,0.04150489632621335,0.1426041289790866,-0.0141258515957533,-0.008238060906255616,-0.034882499160633434,-0.0406329730126624,-0.07600468739999373
14,0.09394511630809291,-0.02373024536645494,0.041956138318134384,-0.018368505857918705,0.06158667562125617,-0.012570123229552223,-0.006834913618014452,-0.03226362068073865,-0.032259809884951286,-0.04511610490820718,0.13643224772310167,-0.024570459799506165,0.07472632522579392,-0.018202878163246172,1.0,-0.03782014039478303,-0.012818959437181218,-0.009355918131890755,-0.006963119800571825,0.09135804708675119,-0.002881563984607206,-0.028240660056487815,-0.033691444493325576,-0.018623476443655793,0.025328069655481546,-0.03322590160149039,-0.02227739832738706,-0.022312496671453408,-0.008734634816474626,-0.003944731797387016,-0.019319328784515456,-0.02777067740350676,0.0020691575147278917,-0.019403606156650384,0.019992207397842604,-0.0020293047879554466,0.03888950633448509,-0.012373731789370054,-0.010454708517892177,-0.01574580784379268,0.060682249205730995,-0.013315078972314591,-0.009809452087574558,-0.001959737099070196,-0.031374712110961274,-0.020169561620756782,-0.0038845803656801887,-0.0018266391493836315,-0.00453145317197844,0.13601118331707232,-0.01048967586567225,-0.019422380022574938,-0.024984153273337258,-0.029585432962332195,0.0517063131835067,-0.054426819282611366,-0.00887940791381623,-0.05111461878300249,-0.017158912749937034,-0.018678667704165312,-0.003374178585043304,-0.01491959814650278,-0.07152042333160727,-0.017033736578298847,-0.03223564236312733,-0.018738975914501757,-0.029983336935263206,-0.029398573813038342,-0.028033173595025468,-0.010252044762770328,-0.059214183418700814,-0.0070126295837671234,0.0006106250941016367,-0.035373219204860404,-0.023066023569242845,-0.01030631662680176,-0.013890382817501391,-0.03863057469597105,-0.0039032757346657517,-0.03285669377467498,0.04867073236227439,-0.06866533467436564
15,-0.046822449695573184,-0.002919162312253044,-0.06250139219335933,-0.02067303677208481,-0.04977183972634032,-0.019259176846711155,-0.03948377079195951,-0.0030784548266676714,-0.029451018865936134,-0.022946183287831125,-0.019174838505679116,-0.03779035336674919,-0.04807689596632057,-0.059479282505802394,-0.03782014039478303,1.0,-0.005413190253221256,-0.013305784314917624,-0.011550369564220769,0.03379643388408049,-0.03355542799761853,-0.08096446878445396,-0.06804768988525073,0.018248887797842075,-0.025826205354397724,-0.03228528873785413,0.26700314629653976,0.006123801439664296,-0.029258002224517674,-0.06346479399522569,0.001164922414912055,-0.02548969703413364,-0.04615980269158301,-0.018789558780597654,-0.06852195561166377,-0.020679193504203667,-0.041457275039108066,-0.03230791214892721,-0.009692308856010957,0.0024526778234830213,-0.019918618719627,-0.030329520202866472,-0.028882423920400333,-0.013841336861983442,-0.03478040748077663,-0.003950618791450656,-0.01621288494311498,-0.024714583223862233,0.13075147279535457,-0.0222302569797816,-0.018617232662459078,-0.023274558696281734,-0.03697044497712302,-0.02772818791655298,-0.02515802150959914,-0.06300646583080019,-0.07202274001213421,0.11766237336280258,0.20003808932097422,-0.02153234694033208,-0.02608198669703349,-0.01681117949913003,-0.020050972155633236,-0.016038810716025795,-0.029999605129278177,0.0018912502545690598,-0.069638533818327,-0.02064772131553657,-0.037503217531485125,-0.02588506227160451,-0.046378942479088775,-0.017951831722890547,-0.02048971206135269,-0.030649684612643866,-0.025200046843686624,-0.007455319019382682,-0.06628373482092666,-0.0718536197587841,-0.011753091107562317,-0.033315852327779304,-0.037054333084475075,0.057464327456417816
16,-0.014836528640641642,-0.011696301866065642,-0.022096987386375937,-0.006677153286881442,-0.018059322407309966,-0.008149845303468229,-0.015817742590414324,-0.011468267759642568,0.0025707333525111344,-0.015773093996745244,-0.008110217099292051,-0.01272685842667079,-0.017975749842948453,-0.021761907164614867,-0.012818959437181218,-0.005413190253221256,1.0,0.0006870689189311576,-0.003576231767549955,-0.01487754479153523,-0.011298077251349875,-0.031168329292813116,-0.024542863163740613,-0.0037406691455902537,-0.009115802821692782,-0.011996574883276982,-0.008189191760158504,0.06969952368373881,-0.007025643168380602,-0.02289455336232932,0.023362681674675312,-0.008444749316248532,-0.014430318628996297,0.005984307882680859,-0.021066325105371375,-0.014607675170433697,-0.0030928972104333017,-0.0005456702039727079,-0.002302777591542452,-0.007419113024555771,-0.014707936472694493,-0.01193028418249626,-0.01411983329557926,-0.005909981105398321,-0.004482878806628972,-0.00043856038522979636,0.010485429184474572,-0.008187857670757241,0.041201263353935584,-0.0028245064522409886,-0.00704476673923546,-0.008894244368348053,-0.011437177977786275,-0.01336451949354394,-0.004433339861735717,-0.01973912170513452,-0.007816383646777364,-0.011853636349468044,0.005968767556152405,-0.007222069059106605,-0.0040083788573771735,-0.005954370701052135,-0.017067097808162228,0.0009077283682143631,-0.00935391634056017,0.11053155618125851,-0.02660176392365419,0.017387843510528207,-0.006464085089394068,-0.01370376708115496,-0.018413209238902335,0.06687250264003211,-0.007227440288863006,-0.0012793960846434935,-0.00892529548787211,-0.01650427446396111,-0.02085008185067615,-0.02046503345617902,-0.0045742657447285645,0.00495059167394548,-0.018198430719334423,-0.015647224171412878
17,-0.0022831487321338575,-0.01418275492675484,-0.032822028175824705,-0.007768108189452065,-0.01564203886042501,0.14230139872220413,-0.01569930588551254,-0.0169584558797667,0.004078845967446959,-0.017271578386204973,-0.008036313425689574,-0.014494660735699242,-0.006172737165639916,-0.017918078526966485,-0.009355918131890755,-0.013305784314917624,0.0006870689189311576,1.0,-0.0039722573581820065,-0.021786115286228303,-0.0015023399795248537,-0.019717207759354854,-0.02594935315575203,-0.007825913562552626,-0.008741722070418916,-0.009013516676565934,-0.008563114048899572,-0.0012900045002639533,-0.01122735186973654,-0.02220593656599326,0.06993001545949995,-0.006548047688240552,-0.018366813675380636,-0.005366563936359162,0.045485083033180954,-0.0149793967787325,-0.010727242933686498,0.0005576368956445537,-0.0025643525938227117,-0.00576457678605501,-0.014243719049551906,-0.010498444262844915,-0.014417385204071802,-0.005699568912392322,0.08277070906858511,0.0050157554675686064,0.002826607038502579,-0.010201564931722515,-0.01187182548546894,-0.012012865136729726,-0.005959732157756726,-0.008845730138493265,-0.004585417920026227,-0.013440745973894792,-0.002988741481529238,-0.021625233836169034,-0.021440379517892464,-0.021915792620954375,-0.010790942495184735,-0.008147807168853764,0.006081138665484875,-0.006536136101301909,-0.025919877025300873,-0.00388767526962412,-0.0071896621843707716,0.0587043051974921,-0.019436224915756948,0.00010852232408251842,0.1134160078056669,-0.015155027129457984,-0.02206721144661987,-0.009594451003077863,-0.004597238091404769,-0.007610733013692054,-0.009293444378961862,-0.009736073614671117,-0.021653320347956046,-0.0233709039443776,-0.0045854862830050185,0.11642917141474338,-0.019559130844590322,-0.024485719176862958
18,-0.009107403487329285,-0.007954990903873908,0.00518121557527588,-0.004210637226156506,-0.005799495002565984,-0.005391965214006045,-0.005603139229536559,-0.008682179228880448,-0.0034843542980411996,-0.009232672080286237,-0.0035985577449641776,-0.007721375065632806,-0.005313865737858532,0.0011341704047994412,-0.006963119800571825,-0.011550369564220769,-0.003576231767549955,-0.0039722573581820065,1.0,-0.009681875112654148,-0.004962738075740446,0.022969221876921873,-0.010633024723142988,-0.0048841334361564934,-0.00449751571494339,-0.006655810483509902,-0.004759104455568439,-0.0032529501412126485,-0.006028721032303845,0.10884910932408641,0.0021318142898860797,-0.0057012668270780735,-0.0037277936366707422,-0.003901313280546037,-0.011773918102419062,-0.001666189679855617,0.061405083756079656,-0.006551485079491284,-0.0018919279837703393,-0.005225995635545067,-0.006647816471882255,-0.005642452852227322,-0.002004866186782582,-0.002571750657818868,-0.006469612316675391,-0.00423645770879752,-0.0011944955722755102,0.0022402838235209537,-0.00945548119763074,0.005327516229301844,0.0009983632110836932,-0.0016477776841881996,-0.003199985864238309,-0.007142374526386759,-0.003975748609919075,-0.012706291349147579,-0.0011570094528064422,-0.012270241469735927,-0.008807657937988288,-0.004406987891253259,0.025478048808688564,-0.003246045928095308,-0.014748937123560815,-0.00338873745990314,-0.0067343138925823175,-0.007202671926991988,0.029891881023244603,-0.007835400060182742,-0.0022912353231783985,-0.007643203914174492,-0.011990112614074951,-0.009460813101826152,-0.004247643518653437,-0.0068636426658813515,-0.004973212552265067,0.0426659889730323,0.012596974498950243,-0.013896943098836993,-0.0011635421989799014,-0.006990150460118928,-0.008318682300350867,-0.014915878873845271
19,0.030896153647274823,0.007418994122815531,-0.015437550515269547,-0.01909463149306485,-0.044862184226634294,-0.026870915806971714,-0.03651872762191754,-0.014286429072848715,-0.03687703152168916,-0.040871110372712474,-0.0015477045740134045,-0.024911501476013627,-0.04864950788990577,-0.046659285791625246,0.09135804708675119,0.03379643388408049,-0.01487754479153523,-0.021786115286228303,-0.009681875112654148,1.0,-0.034051277119639296,-0.07267889764740042,-0.06024878854812341,-0.00016470787959186597,-0.026032492174160822,-0.032947616450837824,-0.01330648318826589,-0.023436612193186705,-0.0045700248839848625,0.03049044049953151,-0.03416903838926197,-0.027670490785364883,-0.011272912698613618,-0.019075640564549058,-0.06912635726970097,0.052261045139660435,0.01891907318584053,-0.03322157264481717,-0.010397708962281598,-0.024625714696975016,0.02040541614791923,-0.030363406815412837,0.0394087765360431,-0.008522602298475932,-0.03608574328859637,-0.020281838750399406,-0.016067328394890286,0.005964417390838991,0.026767147296348458,0.31088591713709923,-0.018706069729591483,-0.023469329216546278,-0.03647303910804764,-0.03412065083401137,0.049825636403709746,-0.05726447405111411,-0.04473836438884264,-0.027396406258584576,0.01853910711401158,-0.01180471129641825,-0.020972327366924448,-0.016303310800954283,-0.06594082482424433,-0.016586204162146845,-0.031409480853458065,-0.03978809103842937,-0.06871085152650762,-0.04455369775661903,-0.044490757180059404,-0.004641423831847554,-0.058604732923694725,-0.0024513521700159765,-0.02112086426205225,-0.035159625794456834,-0.025150644737866868,-0.019756140527425768,-0.032721333813342836,-0.07361505036757839,-0.007564445572975215,-0.03536175529490913,0.07104286048338512,-0.06578466744012486
20,-0.007549586665091625,-0.018801093226110583,0.05580818827982706,-0.0005866963086919247,0.11441724341021937,-0.01837674855503022,0.08370585870185737,-0.01512855523142985,-0.018900990659249377,-0.030495163228918563,0.013046614889821083,-0.022645694149060112,-0.003931882566343192,0.008709615533787924,-0.002881563984607206,-0.03355542799761853,-0.011298077251349875,-0.0015023399795248537,-0.004962738075740446,-0.034051277119639296,1.0,-0.0021013984594602277,0.03266348330607024,-0.006883158368052266,0.008121261863318225,-0.012427997957753954,-0.016956428330912633,-0.013491003498536139,0.02574339954004578,0.10796261490777884,-0.0003605204446096473,-0.009496834158723516,0.03664553004824392,-0.01177183659242761,-0.01448693867262646,-0.007529325772634068,-0.01700610544185209,-0.014912515409928138,-0.007492610962993363,-0.014500079529149732,-0.015073317835262898,-0.01231844552970452,-0.02278348157619045,0.10986719081692126,-0.02350175552344345,-0.013771818350898087,-0.009349467991935168,-0.014987598867294224,-0.0036271272249271055,0.011048116792657395,-0.011399879641928522,0.0027509966796249643,-0.0031736311275979588,-0.025592571480200547,-0.007577045624940221,-0.000763240721594706,0.02078123739016034,-0.03418224877073706,-0.02550313662104801,0.019062222840583582,-0.014298853480835963,0.0032350362223725984,-0.04947727328033741,-0.011640481493007362,-0.015779549695134155,0.013571485920153798,-0.0007746206581641579,-0.008364957600944677,0.005339964082081636,-0.012177214579505253,-0.04368849643356049,-0.020934529351984737,-0.012687922989943052,-0.008246737882359493,-0.01246117377230517,0.013937056676388688,0.0015128691412343992,-0.011082137208392667,-0.0009394616237738706,-0.018944410994464676,0.053570574986331415,-0.050012085182104565
21,-0.05705148060302567,-0.05528558456374838,-0.07003995418655537,-0.014836172969367506,0.053259655706416456,-0.03551457091026188,0.07415519226837577,-0.061297684540256366,-0.04897380981931299,-0.06622037164693796,-0.02778856735706519,-0.044380067410994775,0.07699000529665068,0.4009822918150798,-0.028240660056487815,-0.08096446878445396,-0.031168329292813116,-0.019717207759354854,0.022969221876921873,-0.07267889764740042,-0.0021013984594602277,1.0,0.10253922222233891,-0.03469428839770314,0.047951160549202655,-0.045413357340222775,-0.03438791501714186,-0.02945055481812986,-0.045976006391451135,0.18507461331782005,0.005501747305045927,-0.04087721049832802,-0.014880266408577562,-0.024021984551778314,0.1184962276027582,0.021013447887693798,0.03970485095447884,-0.04450267176810843,-0.014937489603943057,-0.038675068074684404,-0.036996847258948334,0.02009948383746498,0.010177066201212736,-0.020128505433029513,-0.04289355243093819,-0.02041545696118948,-0.021701010606235343,0.007938440165025248,-0.07701245610363348,-0.0028362903556142867,0.05017114241716387,0.09282426665123385,0.14652847816849351,-0.05115261340515366,-0.00261266908110848,-0.057104158858503715,-0.026765263900964842,-0.09081410611253454,-0.06189817236415755,-0.008882387695212898,0.04611185551232032,0.030539508546416433,-0.10471737711202014,-0.024128702405105402,-0.04561824473556447,-0.05386547731281427,0.3674149725613519,0.009747541662429039,-0.05485851371196154,-0.030449932481608252,-0.086733772046512,-0.05311666567148385,-0.028614662847595257,-0.04998704655645338,-0.02519338452403385,0.14730161751802615,0.25173088409569255,0.0755634768106492,0.002938258013871745,-0.05029314282220014,-0.05550216983414745,-0.10560220565857974
