,0,1,2,3,4,5,6,7,8,9,10,11,12,13,14,15,16,17,18,19,20,21,22,23,24,25,26,27,28,29,30,31,32,33,34,35,36,37,38,39,40,41,42,43,44,45,46,47,48,49,50,51,52,53,54,55,56,57,58,59,60,61,62,63,64,65,66,67,68,69,70,71,72,73,74,75,76,77,78,79,80,81,82
0,1.0,0.01152411631156158,-0.018027548288012122,-0.01456705098132503,-0.00653235010701486,-0.007178809083452916,-0.034252081002971314,-0.01897675298711909,-0.03429884085625877,-0.03867159555997636,-0.020008809145898324,0.10911745831822028,-0.0189533795724314,-0.03311361804127587,0.09355291743475382,-0.04628798985637015,-0.00762301215917207,-0.0021835349445995978,-0.04996809704749699,0.031193648612972368,0.01081867272833002,-0.05711182513721459,-0.05637637789208002,-0.01614854376811086,-0.01968609335463671,0.0022864337486599596,-0.018106902970013872,-0.01601198480826002,0.030528127586362162,-0.049286986262276344,-0.018959001048954302,0.025606699756683483,0.03433992455888079,-0.012307349678146617,0.019537947535721484,0.05796335317983353,-0.01832270450847051,-0.0082269761635864,-0.010504319906340936,-0.0128823597299433,0.02227846170619737,-0.000804230324884977,0.05418169934464686,-0.013131372903387818,-0.015975424517235198,-0.010649017816693137,-0.014745489378661355,-0.027355184302384365,-0.016617312040055784,-0.029745419330304706,-0.0035592966867142987,-0.023134090614371997,-0.02633708643804472,-0.03490883376523825,-0.01112093010933276,0.1968266924502363,0.008396932182338765,-0.043083296549813715,-0.024491025226711677,-0.00125957629707929,0.003998839960018874,0.0005534634698521517,-0.057680824212713366,-0.016228348407647683,0.013068934280986221,-0.015732242533595026,-0.04281563649295833,0.009645177161208418,0.003533486030928644,-0.009845841844541318,-0.05834911516176846,0.004984006181919383,-0.011729438693902841,0.014140812375409643,0.01751436211703858,-0.04652122427563135,-0.011642957545098753,0.08520513234420236,-0.009875961089082955,-0.020617483376157004,0.04799422112579804,-0.07100405749772024,-0.01990691420237575
1,0.01152411631156158,1.0,-0.011888019712486228,-0.013431846230050181,-0.013810095027530011,-0.018091567726820343,-0.02740374509282344,0.2506134990476432,-0.02475080241459409,0.08163851244891962,-0.013824786192563956,0.14118624578309086,-0.03209803289837808,-0.023675590099984718,-0.023790676759582366,-0.0027773856525305013,-0.01844786666953966,-0.014061397758493188,-0.045499424380619886,0.006599522677151251,-0.004235573758182827,-0.05498292024582614,-0.04406161650231716,0.01335391297368612,-0.01620270950002013,-0.01950013620252538,0.0705789549563087,-0.011239552850533335,0.0538084083995206,-0.04184632722218613,-0.02271177312536068,-0.014272540385209496,3.029666123855455e-05,-0.012688640581214475,-0.04382422155704813,-0.01889532457128086,-0.02892389493459984,-0.02207374810204306,-0.007035596767891936,0.00044519730802498447,-0.008228497619077457,-0.01986884328617542,-0.012296376748889339,-0.00915265664830142,-0.023815569738844994,-0.010047724524357853,-0.011624070029687676,-0.017195110723973922,0.09901452534958927,-0.02285283098744991,-0.008959584172009231,-0.01610418453480776,-0.02641601679671365,-0.01796334559006646,0.03446714688596837,-0.01662025929513686,0.030211476928698217,0.09521974670612203,-0.0028380567565689354,0.07489887444870863,-0.02343444210935717,-0.011172085955859869,0.09314631832538678,-0.011213038131073598,-0.017298547708982988,-0.022612632133889567,-0.04687421685595587,-0.027531269661439872,-0.0075763349093179635,0.006240299789512795,-0.02577866699117117,-0.011861377779838856,-0.013982766815302127,-0.021800996656481227,-0.0171770461337184,-0.030311858880188253,-0.032049759972073946,-0.04481688837961807,-0.0071709138069848246,-0.023819493020053976,-0.01950768871711648,-0.014692771928434514,-0.014634880139657875
2,-0.018027548288012122,-0.011888019712486228,1.0,-0.006785554302786885,-0.009674054151478742,-0.008421151121740517,-0.006463291387585772,-0.013478824518352573,-0.011531958170283055,-0.014133185452521208,-0.006060181675359147,-0.01301190048257329,-0.014867316846118224,0.054491052679398785,0.00478195539923019,-0.01695556524678719,-0.010399404564318933,-0.006945795541877288,-0.00978249027981876,0.012113337665932722,-0.007073222471461605,-0.009111489427432678,-0.019073485352078152,-0.00697626664151761,-0.00780188827682403,-0.010273046122288357,-0.006794750863200265,-0.004407198343298305,-0.026301748409487187,0.1022344503255832,0.009127065264913567,-0.008850540973310426,0.00034214185762877075,-0.005981334226843269,-0.021801755387237887,-0.012633187250895898,0.038046049653262984,-0.010354713015950073,-0.0032302534068011373,-0.00818380846329555,-0.008173531915101638,-0.009743731669764583,-0.013825964125761696,-0.004427138306309251,-0.011396845663486282,0.14535009809626506,-0.006296492394983233,0.555226602780743,-0.01712979173417257,0.0313210304374975,-0.004453096607240554,-0.007046964918935023,-0.005354483263202075,-0.010833760522872693,-0.006843929745410435,-0.020558769344910553,-0.021418053884099158,-0.01850781685734938,-0.013032349737773744,-0.006954502588461663,-0.010447112573654,-0.0050210394751167755,-0.022485106432982797,-0.0052131992561925775,-0.010226480665206747,-0.012831714172228259,-0.019345168391154424,-0.014297074047669412,-0.015913015411906803,-0.010901472945185014,-0.018221148898072578,-0.006512751650794939,-0.0066207508571095915,-0.010973243649752745,-0.008057260657707352,-0.0034785381484441903,-0.015583985200148998,-0.024505345915500642,0.0011297854251568294,-0.011022735400084962,-0.00372413680127976,-0.02221823555381216,-0.007066692986599134
3,-0.01456705098132503,-0.013431846230050181,-0.006785554302786885,1.0,0.005492197478369898,-0.010202770676077682,0.07455943029485064,-0.013799832136701901,-0.013934185924569367,-0.016548742502123605,-0.0068974881919692905,-0.0057549651214825375,-0.01822963020419401,-0.012819551784297549,-0.018369924614400065,-0.020689022633478594,-0.0011664036042867434,-0.007763444190622597,-0.011759959949116994,-0.019157796777851403,-0.005799396424079492,-0.01590491935532395,0.13256836433893104,-0.008815976837845452,0.004621213598370101,-0.012331321179815653,-0.008646467089619143,-0.006398965461414972,0.009153662928870819,0.00197339376351546,-0.017461105640615034,-0.00863662006390033,-0.012712890476290076,-0.007122868999785611,-0.006394011897768164,-0.016866548931753343,-0.016029553408958973,-0.012388488357217772,-0.003995571747580056,-0.0031206548600695217,-0.011626606032672562,-0.010975878926002401,0.010223174291841925,-0.0050303407488363795,-0.011729850721483779,-0.012551101819841773,-0.006652366346026476,-0.01041875081473435,-0.022980023482366753,-0.020697282470861958,-0.004309190881075144,0.011505325186596853,-0.00751556360483552,-0.013357767931925264,-0.010283473201977963,0.014412928222404623,-0.007541656932867615,-0.017900291746064827,-0.015101319016676093,0.042337752662318394,-0.007484160980180005,0.0032749053779745152,-0.024444921566028885,-0.006279270610698112,-0.012002029895414395,-0.013315638005475656,0.004969771293208189,-0.013443082185522663,-0.018228658904686522,-0.01324099784786797,-0.02242743678110605,-0.007919175591873084,-0.00801439326390092,-0.012812111452844102,0.0023002980764161977,-0.004209092898368484,0.020509548581008473,0.031217633404030193,0.004119084670036727,-0.013484836725811642,-0.009941980010434927,-0.027107251654075015,-0.008190112752034354
4,-0.00653235010701486,-0.013810095027530011,-0.009674054151478742,0.005492197478369898,1.0,-0.01425380535428325,-0.012155269784559799,0.029277947813195947,-0.02022103021848516,-0.02427220195189545,-0.005958045518743977,-0.0077026608456341504,-0.023947009879554684,-0.020451007627807924,-0.008680698782200272,-0.02887395413943371,0.022295939693247998,-0.01119056353636975,-0.027059259295326682,-0.004583806725482404,-0.00611725027010013,-0.04646447500567816,-0.012987274717623603,-0.0023459614537143314,-0.0019253339621771546,-0.016114928199597315,-0.01186783504439907,-0.009430086869639972,0.12316215136598258,-0.003934251440581632,-0.007928025246044225,-0.006794996905481802,0.2514117605413205,-0.010068976019106567,-0.020900964301275228,-0.019564634586651357,-0.022348625907775532,-0.017253430676136005,-0.0059070071107838705,-0.012157101010768872,-0.007540800750941643,-0.014735074611038453,0.12044437248919322,0.00981860535755396,-0.019307238302484698,-0.017018083398677775,-0.006939407117478152,-0.013361884240432968,-0.02218480617138848,-0.007366070128509416,-0.009287929465304203,-0.010820822086679047,-0.015606124660026132,-0.01896962174600967,-0.007824024963919339,0.0174174492340233,0.043368620697994784,-0.015524130819289206,-0.02125209475295881,0.013336426631581182,-0.019974103825161196,0.019314872399476376,-0.03497089265602839,-0.009008426552948104,-0.014495806187006209,-0.021687322343808546,-0.03546546454068634,-0.02224224155448427,-0.02340488195471009,0.022789652924763783,-0.03082503074481143,-0.009406377357390989,-0.011226484849360958,-0.00783964299389103,-0.010850359787494143,-0.02280667841924862,0.023049339027168853,-0.03492080132903913,0.000149609914900364,-0.019548055672290045,0.09579204877389985,-0.036783404624598344,-0.01211068247653678
5,-0.007178809083452916,-0.018091567726820343,-0.008421151121740517,-0.010202770676077682,-0.01425380535428325,1.0,-0.017623771387697516,-0.020799087179556357,0.001070700026544428,-0.020958697373444152,-0.009661193976622165,-0.015001714175666607,-0.015902494055826742,-0.01734814071318041,-0.012587011986769708,-0.019243243598766863,-0.01823210841762401,0.14228519269081014,-0.03120935613752378,-0.026864692333795903,-0.009433840572229586,-0.03567775793664439,-0.031809021772630904,-0.01017549519827789,-0.009550391547721394,-0.012620931377382042,-0.010696946995211794,-0.006549005619441531,-0.04226232327756698,-0.030441610002284528,0.06106873189057599,-0.007488376553807506,-0.02939005456371766,0.06239778973836322,0.09189532051044808,-0.004193342203741127,-0.021422488882051914,0.07695983058580202,-0.0047677122239348875,0.006855432841625007,-0.017441701217099377,-0.013449080402201436,-0.04793287375247568,-0.006929147846332102,0.09858444077767597,-0.018394906852251418,-0.00814636553000412,-0.012864258184251779,-0.018203796322987548,-0.04331076702794485,-0.008860008468889688,-0.011092478765454526,0.00588492588007193,-0.01628699723392713,0.018399532172114777,-0.007276631383852865,-0.03105642889685594,-0.02512112382235751,-0.01333388824096087,-0.010057713636403218,-0.01975511370320498,-0.007943765468387197,-0.032765225289151746,0.13138421365598957,-0.005796601236300456,0.016154431188044757,-0.03117046724559848,-0.017293195431458713,0.03186890631474863,-0.018407544969642177,-0.025814624806178042,0.014114743325076498,-0.004205129782432001,-0.006674119169395115,-0.01119069552687776,-0.023064863814989567,-0.0213357948784286,-0.027762957693267545,-0.005612963276925241,0.4006487892280092,-0.023380166115492117,-0.031203428215014532,0.0012129418813893525
6,-0.034252081002971314,-0.02740374509282344,-0.006463291387585772,0.07455943029485064,-0.012155269784559799,-0.017623771387697516,1.0,-0.029720818267167208,-0.026611966473816782,-0.03258799681941575,0.01640431973564714,-0.020732852320336188,-0.010753650272539623,-0.02373062238118573,-0.007391294499465341,-0.04004108193627903,0.08311786211131318,-0.01588636902935637,0.021871170765654667,-0.03714574952984305,-0.009998347047632195,0.07826848093094527,0.4322302329470881,-0.017403293249431233,0.0003810858436409845,-0.0238082806149982,-0.01692398316494994,-0.012080766251912931,-0.041528225445199365,0.023409976320673417,-0.027832011801986703,-0.020259636826780086,-0.02702784524385627,-0.012252468105267584,-0.00509743574299624,-0.018902602019664642,-0.022056861607834793,-0.022721916495025744,-0.007635435097159015,-0.018978822962566283,-0.01385671982287558,0.0018776655815200298,-0.02155331281089264,0.013362967956112068,-0.024180711275785454,-0.014280972632114475,-0.015987808151993875,-0.014920903913578983,-0.0439557350675626,-0.013821844071452833,-0.010290794511884662,0.013312217311350913,0.06851242065326316,-0.02515306314529355,-0.02552235410800288,-0.01921830280047762,-0.04635799894430832,-0.04283757056212545,-0.03207228463211187,-0.012786962435505034,-0.018983793201366166,0.006827112125710813,-0.052201023632353016,-0.012090257338048985,-0.022077814459864217,-0.029664327961879483,0.08313574982813036,-0.030232205600646204,-0.03534445689115051,-0.02528259762214844,-0.039376106291811014,-0.014087411473563108,-0.01481460753891253,-0.02516853591629204,0.024891738609827522,-0.01712804172533998,0.006398653661072568,0.041229349967754646,9.6102472102864e-05,-0.02562074527823953,-0.007455321373042114,-0.05287284578122335,-0.01699148574488165
7,-0.01897675298711909,0.2506134990476432,-0.013478824518352573,-0.013799832136701901,0.029277947813195947,-0.020799087179556357,-0.029720818267167208,1.0,-0.02873892703216748,0.03614320226244063,-0.013696439730144054,0.047478529545043516,-0.037970990447631414,-0.026935887636938143,-0.032276607000242596,-0.0031264957903280807,-0.015372375292180768,-0.01697546878308588,-0.04991450544752416,-0.014292461903999793,0.008099088187028834,-0.06186394540597309,-0.04728209545314887,0.008901988079249105,-0.01949379427626171,-0.025342096765316978,0.006591132102649836,-0.012987683956765358,0.05383504514626917,-0.047639210677883695,-0.027595460217116168,-0.019078259275858635,-0.0036039784278509256,-0.014729584868832368,-0.052709251351198055,-0.03354831051406344,-0.034087533522883184,-0.025060141791887626,-0.008126854378161606,0.011101237108570656,-0.019764078722398232,-0.02356434510909787,-0.0014453109623492927,-0.010099459725648293,-0.028170505251680238,-0.022909993661589915,-0.011475564991441357,-0.020551265654846603,0.10943276153893433,-0.04997574241593035,-0.013829417793666417,-0.018122040683144734,-0.029963561413585537,-0.0116159988106641,0.02914593586658943,-0.028566096699778096,0.031838900211563353,0.06917567418540911,-0.023400504383259142,0.06596359884502061,-0.02704010876890526,-0.012982678761620944,0.09534884781312745,-0.012784819118105289,-0.023630446419536,-0.03179648029127491,-0.05497687655374871,-0.035581056119409656,-0.02143984797562726,0.03392588911268188,-0.03662192094038135,-0.009621637957685829,-0.016208534346870387,-0.026343989318467504,-0.019696454268484903,-0.032251932944247406,-0.03342476316110153,-0.05632113992901755,-0.0049923786689401485,-0.027208659653900343,-0.019214098528076512,0.12799921662153796,-0.017744827358169506
8,-0.03429884085625877,-0.02475080241459409,-0.011531958170283055,-0.013934185924569367,-0.02022103021848516,0.001070700026544428,-0.026611966473816782,-0.02873892703216748,1.0,-0.029024996857531574,-0.0133568950612341,-0.025971274740682594,-0.025542873517916453,-0.023872537580737985,-0.032264946174130046,-0.02949512405787293,-0.01838592634140485,0.004072246159419575,-0.041557655558182034,-0.03692677862505042,-0.012260063462371788,-0.049193368126066034,-0.04422521637711607,-0.01536301255543841,-0.016861920901113995,-0.01116389248647092,-0.014871051879617287,0.18608457598696748,-0.05254903868550674,-0.03942152945919708,0.031004891241989248,-0.01796424196568664,-0.040015822683980476,-0.011470285393137178,-0.0289999204375702,-0.006487745475108936,-0.022631887779442826,0.059078718462623886,-0.006511904632867407,-0.013720746808414497,-0.023803299755331415,-0.01831741803439141,-0.06305626808051691,-0.009522813000343102,0.16506141384380563,-0.02499359193908135,0.002591873679636107,-0.017594489645811874,-0.032738034170330985,-0.05136641811722159,-0.008896823806431298,-0.014925929339664128,-0.01817012009335981,-0.02229103477337966,-0.021235818465138494,-0.04052222286625013,-0.04754507898822752,-0.038406457868871556,-0.02561315348774073,-0.013849697805734149,-0.015528494074212428,-0.010705925074952596,-0.0466345059314283,0.0038649713082284168,-0.019028375163640532,0.01114200818248807,-0.042927839743554616,-0.011098311673049843,0.06924631951542493,-0.025285387875041303,-0.037194187744177994,-0.011948416875438104,0.08080451015912316,-0.010973327731540172,-0.01622580014484619,-0.013204091163251976,-0.03056507533596177,-0.04619994247736668,-0.007737828407213283,0.0831074630591309,-0.032395604066818295,-0.04681710516164193,0.02162153410712337
9,-0.03867159555997636,0.08163851244891962,-0.014133185452521208,-0.016548742502123605,-0.02427220195189545,-0.020958697373444152,-0.03258799681941575,0.03614320226244063,-0.029024996857531574,1.0,-0.01632951314522385,-0.007882607068598694,-0.038428229267690184,-0.02910274090871922,-0.04542753722126931,-0.022741272131552328,-0.030544961448110874,-0.017354460754086795,-0.05423341261091142,-0.04118256663630379,-0.010555865917371026,-0.06683832257542019,-0.05191014514457403,-0.015476945405478764,-0.021092885097347223,-0.02562866849202383,-0.014458176444991032,-0.013097832268363304,-0.0653860400548284,-0.05141072769676869,-0.035370064105952045,-0.021788151818319994,-0.04354062490459772,-0.014922864733385607,-0.054089291651472395,-0.03550868967340008,-0.03614627512026511,-0.025606167027758146,-0.006234787273051808,0.0793672888188891,-0.028964468681425437,-0.024410159215326365,-0.07705181459008431,-0.011526848919906331,-0.027053619892632077,-0.03037755570140515,-0.015838882109947983,-0.0215165006128733,-0.03681188317124015,-0.0749824598427728,-0.014573841719933717,-0.018651708299293534,-0.030503337558043048,0.048581042265404537,-0.028549852715073817,-0.045466406364431604,-0.05328537522711452,0.25488575828872057,-0.027823341281849306,-0.016594393297809512,-0.03146251525006108,-0.013375664636929404,0.7200956795009602,-0.012989927804801737,-0.0198881923546167,-0.027501650366022957,-0.05526552362545217,-0.03501166918909177,-0.036473717365116676,-0.020756196656814992,0.12625879267548398,-0.01372047469902902,-0.016478544363649088,-0.01419966077526037,-0.02003355465878761,-0.04391499453205651,-0.03978776115094864,-0.05803155766221602,-0.00935566565273504,-0.027726044961083076,-0.021429921640035626,0.05430867247320478,-0.018212903004537123
10,-0.020008809145898324,-0.013824786192563956,-0.006060181675359147,-0.0068974881919692905,-0.005958045518743977,-0.009661193976622165,0.01640431973564714,-0.013696439730144054,-0.0133568950612341,-0.01632951314522385,1.0,-0.015067702806935743,-0.01731566855390101,-0.0047471995296316525,0.13641299424748124,-0.019145668833299413,0.012289243261911997,-0.008029465533086014,0.051395596435576535,-0.001521289689426275,-0.005189510609738882,-0.028040883633891785,0.02553602926274512,-0.004755081805168966,0.07085565194125676,-0.01186658934522259,-0.008382035618311967,-0.005995366788014967,-0.025101419565102628,0.035327300736246556,-0.014028182239029335,-0.010079099703711673,0.007156083546757176,-0.006895846472134295,-0.014331183720624176,-0.01761119723745322,-0.016341549846719535,-0.011951902183581966,-0.0037850839729954453,-0.009472410954858753,0.012313426182263068,-0.011037221456171377,0.008820148217079757,0.028661861968904412,-0.013023950330082473,-0.010742535279755203,-0.008120962827891286,-0.009129856767628057,0.004098582772531658,0.08696067129532427,-0.006851749087112672,-0.00773588802980775,-0.009684666755706388,-0.012081136515627942,-0.013065532788006269,-0.023965374405135974,-0.01613039788172721,-0.02145689122755243,-0.015330678938704122,-0.007893653792109677,-0.013036992364301269,-0.004525769760060192,-0.026228677089486615,-0.005977304425973013,-0.011932630282716388,-0.015023559684186536,-0.0043868767446402415,-0.010244547867393454,-0.01841309903113579,-0.006483427564556263,-0.021113299865209538,-0.00751118988211184,-0.007618672475973209,-0.012677195371403297,-0.008665846789426111,-0.014052612327508065,0.04709331481972029,-0.013556270327689721,-0.0029452239820800504,-0.012831518148447414,0.021826088683020984,-0.025653002412602207,-0.008472718292301784
11,0.10911745831822028,0.14118624578309086,-0.01301190048257329,-0.0057549651214825375,-0.0077026608456341504,-0.015001714175666607,-0.020732852320336188,0.047478529545043516,-0.025971274740682594,-0.007882607068598694,-0.015067702806935743,1.0,-0.03371886307256595,-0.026301209632194192,-0.024622572975661117,-0.037702796498075564,-0.02290601493508862,-0.014482976309549374,-0.033106843045328155,-0.025101268519627358,-0.0022186977262259088,-0.044805186528261945,-0.019244884674253396,-0.007876175383822204,-0.01739157213345815,-0.010312700886403636,-0.007345646898498519,-0.012099883551273907,0.07274313431334997,-0.039840928384775334,0.005128896723119544,0.0023824059188070823,-0.013823684931314799,-0.009754356264672841,-0.02582171094293061,-0.020322078118865244,-0.027792726783873914,-0.022604349716527396,-0.007574227114091867,-0.004086401381940763,-0.02433808345393415,0.018396154678425574,0.005728419190701879,-0.009955115773683812,-0.0035943902094977527,-0.02106281133315997,-0.012733797007925632,-0.019899255855902215,-0.005291948359475127,-0.05498345396909822,-0.006635675537505594,-0.0029934462053282634,-0.02140243357707912,-0.025366197110942044,0.003602866661769729,0.15642223080862386,-0.011903972550292482,0.06317720139476148,-0.02165477113358106,0.009777902642712949,0.02078636016235945,-0.008514952201353787,-0.017825285211779177,-0.01209935901574342,0.01615590039646031,-0.009530785760037092,-0.02783419484233154,-0.023967476111675413,-0.022620087461969994,-0.008210207802195283,-0.04028075788982714,-0.012258568084540884,-0.012493998731297043,-0.018688185143406484,0.02138822954727235,-0.034941460767234755,-0.019574987059001715,0.20640539613236242,-0.006597117057815792,-0.025282544541947977,-0.021409556099141747,-0.05112777916198586,-0.015072420986726004
12,-0.0189533795724314,-0.03209803289837808,-0.014867316846118224,-0.01822963020419401,-0.023947009879554684,-0.015902494055826742,-0.010753650272539623,-0.037970990447631414,-0.025542873517916453,-0.038428229267690184,-0.01731566855390101,-0.03371886307256595,1.0,-0.03175830480987684,0.07471621893191606,-0.048145918916313556,-0.003708869022796094,-0.006208055210773274,-0.0208689384457115,-0.04872542800661017,-0.01670389641118125,0.07920427819096568,-0.037078749938374414,-0.020365983533405144,-0.004108194710979,-0.014807624486523731,-0.01980994883055576,-0.012648706300169947,-0.01206866281050211,-0.039539326740994946,-0.021733451736939823,-0.011647477958343635,-0.02668878430775054,-0.015287623222692205,0.3487023090005813,0.02149741353371023,0.004382209309796689,-0.01164909907091232,-0.00876429363841912,-0.021914919650106328,-0.03134547058732806,0.09008735038087684,-0.05602908987187946,-0.012490163875570932,-0.019739477654372593,-0.032258692003967124,-0.017998984161777677,-0.023057475097597833,-0.04466950682589456,-0.05298526039216818,0.06550858533578241,-0.007188595176766049,0.002588580276643785,-0.029657787772790288,0.06473034345848906,-0.04314643173947678,-0.06248709374142068,-0.050853097710912634,-0.037438019842372224,-0.013808644457970516,0.061589619593284226,-0.010622116125357484,-0.06195644401219537,-0.013556683023311263,-0.027578093760483847,-0.033242026309448405,0.09088424831142708,-0.02191688873530931,-0.02838069949632479,-0.03356471975148642,-0.05012937406994607,-0.01701524596727235,0.009103812335495088,-0.028255684116707935,-0.010646455595443475,-0.02370981595584192,0.05736611951472817,-0.03807317234745563,-0.009676013841186206,-0.025883911391342117,-0.03501979834758276,-0.0620583846286595,-0.01917692577339919
13,-0.03311361804127587,-0.023675590099984718,0.054491052679398785,-0.012819551784297549,-0.020451007627807924,-0.01734814071318041,-0.02373062238118573,-0.026935887636938143,-0.023872537580737985,-0.02910274090871922,-0.0047471995296316525,-0.026301209632194192,-0.03175830480987684,1.0,-0.009769443008031052,-0.028669917931681537,-0.022992179677013252,-0.014412809221864194,0.12379759376252746,0.03989328094410621,-0.011669658025506182,0.007821550233803444,-0.03532273989672245,-0.01382159184340992,-0.01623389698005511,-0.021286337308288383,-0.014299889130691197,-0.010015373001638416,-0.05501954717428731,0.1744764154974861,-0.027826742135751772,-0.018052127016317015,0.030654426800472402,-0.012353553279440092,-0.045114925899156444,-0.03053992235517803,0.006574122749816218,-0.021489656442875843,-0.006798776821051745,-0.01700026629762715,0.026851549382067963,-0.0201539682034753,0.10308337331649312,-0.008657845784006905,-0.023016675951088937,0.15857692885108587,-0.01418606454486045,0.12315169697101311,-0.03398611908675395,0.1226284728681824,-0.01142566437854943,-0.013817124117772866,-0.00765446602514112,-0.022461115075781295,-0.01991169969709524,-0.0425503146276994,-0.015226778285314211,-0.03722161075538848,-0.026073339169074793,-0.01435711275612159,-0.02628733466325938,-0.010353237120427869,-0.04638962165518211,-0.010786686961919112,-0.020198993048139137,-0.026859123706697255,-0.026500616124875837,-0.017992066166486284,-0.03301374320801526,-0.01951009529873588,-0.037998335956952324,-0.013389745211958208,-0.013674518586966443,-0.02275951160742465,-0.016456664043108346,0.03657309306094145,-0.02956243891532764,-0.05129749800498923,-0.00018379478362829955,-0.022940177416896527,-0.004290958430053209,-0.0455572745821546,-0.015423744304010816
14,0.09355291743475382,-0.023790676759582366,0.00478195539923019,-0.018369924614400065,-0.008680698782200272,-0.012587011986769708,-0.007391294499465341,-0.032276607000242596,-0.032264946174130046,-0.04542753722126931,0.13641299424748124,-0.024622572975661117,0.07471621893191606,-0.009769443008031052,1.0,-0.03784383432298183,-0.0028820539757415118,-0.009371575411163124,-0.014158981308240006,0.09142819219188314,-0.0013406184718571341,-0.02849880388005708,-0.0337768394104323,-0.018585616822653046,0.025188353977117564,-0.03322815305215898,-0.022303282935299852,-0.0038979354063661724,-0.007756726224826007,-0.0042609716188367844,-0.01932728627259263,-0.0277442320800683,0.0021835976279686977,-0.019424316501866244,0.01999618898121289,-0.029601777137837647,0.038835288945508466,-0.012372643723964169,-0.010453274825866325,-0.015731190528277313,0.06076062785711024,-0.013324443060768996,0.04705067722135278,-0.001971933414858974,-0.03137197830813622,-0.001943552874951275,-0.012811102419311148,-0.005794671969759418,-0.00455927611577642,0.13622865228971817,-0.010519201269667324,-0.019487957708637475,-0.025585574732432132,-0.02959377961780106,0.05174633425451815,-0.054449014471027464,-0.0011268160702180355,-0.049502653336416694,-0.017203257382394373,-0.01867222257183742,-0.0037126582562548626,-0.014910794697860299,-0.07239515481613376,-0.017033082555123355,-0.03213860192269897,-0.018721877800420773,-0.03003378322780461,-0.00622823846513041,-0.028026681505975624,-0.0099703971429928,-0.059215849813606475,-0.02016943770557738,0.0006158970558221544,-0.03537519136142009,-0.023137561964913587,-0.010383961571773272,0.061694366102093556,-0.03882865229178959,-0.003979685835919923,-0.032859804614941986,0.048627447698436695,-0.06866740113528191,-0.022308975780821028
15,-0.04628798985637015,-0.0027773856525305013,-0.01695556524678719,-0.020689022633478594,-0.02887395413943371,-0.019243243598766863,-0.04004108193627903,-0.0031264957903280807,-0.02949512405787293,-0.022741272131552328,-0.019145668833299413,-0.037702796498075564,-0.048145918916313556,-0.028669917931681537,-0.03784383432298183,1.0,-0.03260480221752114,-0.013296735090323076,-0.06658634103768876,0.033632889095309385,-0.016829104937612978,-0.08142009032869069,-0.06796463738950331,0.01819206210016197,-0.02634819420307762,-0.03227515488743751,0.26697661105022547,-0.016240020518351023,-0.07177992156043,-0.0630995640654811,0.0011473481453695231,-0.0254722784794374,-0.046560400544644595,-0.01866719868136201,-0.06851588223334937,-0.021134140584903927,-0.040946431777698716,-0.032290998411503624,-0.009688189708775082,0.0024606895605779316,-0.020139420986877526,-0.030649414326602797,-0.083624992593753,-0.013803886454588405,-0.03477086305078937,-0.020492590202134703,-0.005457395970724373,-0.025541960720189612,0.13013773590668568,-0.022179643592131863,-0.018683884270277833,-0.023363014473002642,-0.038401447393075855,-0.027732558985564152,-0.02533994529555515,-0.06297145800222509,0.013545548428247001,0.11244949407211942,0.19991034756398668,-0.021514364250091827,-0.026571612138192348,-0.016782423706356776,-0.01917382666541945,-0.01603304223317656,-0.0299811444125352,0.0020037687566378626,-0.06973913886943978,-0.01802687631697741,-0.03748921891186537,-0.025853158831383456,-0.04635725072659934,-0.003959762303226921,-0.020484469431586758,-0.030663122511835398,-0.025246035236020457,-0.005142127541972531,-0.049444174106644825,-0.07182374145184925,-0.011724608480114265,-0.0333024047697632,-0.037054371918171236,0.05750242284167198,0.006232411192483651
16,-0.00762301215917207,-0.01844786666953966,-0.010399404564318933,-0.0011664036042867434,0.022295939693247998,-0.01823210841762401,0.08311786211131318,-0.015372375292180768,-0.01838592634140485,-0.030544961448110874,0.012289243261911997,-0.02290601493508862,-0.003708869022796094,-0.022992179677013252,-0.0028820539757415118,-0.03260480221752114,1.0,-0.0011540607938147086,0.0012285662920346494,-0.033246373959498594,-0.0031558326236572403,-0.0012330275722165392,0.03153534587785861,-0.0069419812890075296,0.0076485661533078125,-0.012537911489479591,-0.01670726375806023,-0.008997003913445507,0.016681213806088425,0.1062453984029168,0.0005983598744238421,-0.009624901695384214,0.03302818447221435,-0.011911806239872466,-0.014418137432600266,-0.007840254228142897,-0.016341273499748364,-0.014894093357357585,-0.00748080314142789,-0.013957767466595144,-0.015316162351468435,-0.011876791160216546,0.11709330047736956,0.1099569924000572,-0.02331782083041005,-0.007488146949611624,-0.011143857019531337,-0.016237080010019986,-0.0027522635877857,0.01037155101970131,-0.01167604734259426,0.0022945202068688636,-0.0034029803502036967,-0.025574606885470898,-0.00734987934943959,-0.0008559421815793819,-0.02040332533250979,-0.03266364690542406,-0.02473503211521637,0.01852198130860729,-0.013362453850839503,0.0030041622586127487,-0.04951592474458158,-0.011630954283838507,-0.015195276830880637,0.014549105414064373,-0.0003833077579496764,-0.02029020521625525,0.005912172047647486,-0.012378452396390557,-0.04364061621679036,-0.013685448752350289,-0.012704171371965667,-0.0068871511211470605,-0.012366025517831742,0.01862622740624562,0.10681509361873168,-0.011051827591020334,-0.0010975066789448644,-0.018767578578219275,0.05284467367983343,-0.04968835854921863,-0.013437447474163398
17,-0.0021835349445995978,-0.014061397758493188,-0.006945795541877288,-0.007763444190622597,-0.01119056353636975,0.14228519269081014,-0.01588636902935637,-0.01697546878308588,0.004072246159419575,-0.017354460754086795,-0.008029465533086014,-0.014482976309549374,-0.006208055210773274,-0.014412809221864194,-0.009371575411163124,-0.013296735090323076,-0.0011540607938147086,1.0,-0.021751308071075608,-0.021807241889020897,-0.005402595873611487,-0.01978419617333345,-0.025920453503748435,-0.007801653169349297,-0.008897067939303525,-0.009015821403253053,-0.008555689935965782,0.002806805067331765,-0.021658146187319816,-0.021994752470717582,0.06984063286643771,-0.006532988323397381,-0.018394875318542565,-0.005302043037274426,0.045508989566864694,-4.499900198137903e-05,-0.010659027389779321,0.0005619873406701301,-0.002565170169314508,-0.005769329477063777,-0.014273792392286717,-0.010610201561497645,-0.030393586247824678,-0.005674398479839903,0.08278831752497631,-0.014960980738684317,0.0006841104698682618,-0.010566298548562926,-0.0118699645854842,-0.012283019602887213,-0.0059608262588457805,-0.008889469591803078,-0.005264291080560583,-0.013439559476773874,-0.0029190651068566557,-0.021637371243493443,-0.023133570305467283,-0.02144127360118797,-0.010782124136189208,-0.008147955141309277,0.006037373668419355,-0.0065275357897604195,-0.026238485580731385,-0.003888231328385576,-0.007131260987974407,0.05871343792041904,-0.019464050874662745,-0.00945446407296989,0.11341426051040658,-0.015025426109766569,-0.02206987045032023,0.005015796367253319,-0.004599184795908035,-0.007614287240829716,-0.009318662105028151,-0.009155424982351482,-0.015603665644672148,-0.02338525289739741,-0.004580731462044077,0.11642978971151838,-0.019564478046668294,-0.024498440407841438,-0.0012918075456226983
18,-0.04996809704749699,-0.045499424380619886,-0.00978249027981876,-0.011759959949116994,-0.027059259295326682,-0.03120935613752378,0.021871170765654667,-0.04991450544752416,-0.041557655558182034,-0.05423341261091142,0.051395596435576535,-0.033106843045328155,-0.0208689384457115,0.12379759376252746,-0.014158981308240006,-0.06658634103768876,0.0012285662920346494,-0.021751308071075608,1.0,-0.03301516277008541,-0.010751187345287478,0.2569965947583174,0.07538855954256143,-0.028591002217016423,0.08072376419680992,-0.038998112766346626,-0.027969274922434777,-0.01885393523958684,-0.03923512329530447,0.12982704686432478,-0.03425161255158256,-0.03276211738781464,-0.014432363202270477,-0.02079032615954279,0.04209893669897158,-0.03019359684908267,0.039157505897267506,-0.0386263058858549,-0.011792175776469984,-0.031533591988824015,0.01188566339709341,0.01989094735893327,0.06387318522913403,-0.009859715541867072,-0.04047496209434792,0.08052929481491512,-0.021049728495145963,0.04948154569648582,-0.0666682494738474,0.052278049563722576,-0.0037601737828085865,0.01423335301121412,0.05978181233496033,-0.04105679539692327,-0.020690902334354784,-0.04888482286595208,-0.07682287317538317,-0.07104622389960805,-0.0522793052946746,0.011648451587114275,-0.005417963482271743,0.011840573716412438,-0.08734838669973882,-0.019814269837731158,-0.038407666424970524,-0.04063048436219869,0.16678231526345955,-0.043019912400280025,-0.047357337056778165,-0.041634183474214985,-0.07036461878852288,-0.01728019004032111,-0.024634189374569376,-0.03991083880579921,-0.013694131619064725,0.17442131629177016,0.12265664923039782,0.004547197201426081,0.12116850071449815,-0.04181050461591672,-0.008963663300082289,-0.08696906823516287,-0.023878776810379056
19,0.031193648612972368,0.006599522677151251,0.012113337665932722,-0.019157796777851403,-0.004583806725482404,-0.026864692333795903,-0.03714574952984305,-0.014292461903999793,-0.03692677862505042,-0.04118256663630379,-0.001521289689426275,-0.025101268519627358,-0.04872542800661017,0.03989328094410621,0.09142819219188314,0.033632889095309385,-0.033246373959498594,-0.021807241889020897,-0.03301516277008541,1.0,0.0014834868652196017,-0.07334934639462895,-0.06017805603257896,-0.0003101026905591034,-0.026541113462619913,-0.03294219592017866,-0.013402549763882849,-0.016101856835730507,-0.045864174777300065,0.029858296014472756,-0.03420510897067121,-0.02767443478125358,-0.01154515591950317,-0.019136538767851284,-0.06913989372018704,-0.04522007524969812,0.01998285367294901,-0.0332151783555667,-0.010395842146768612,-0.024638595447200567,0.020283572652688868,-0.030699043348999446,-0.05092087806712578,-0.008417543420344533,-0.03609075203240235,0.05216943550702265,-0.014925560268376652,0.0014945434677694196,0.026370739389188016,0.3117692505664156,-0.01873531732783324,-0.02355666391474775,-0.03792456497070236,-0.03411835258571776,0.04964880751766303,-0.05730063315558631,0.06780935643123286,-0.027961813637280824,0.018341405255566396,-0.011819030113532195,-0.02180698328932915,-0.016279156739688112,-0.06679570798496297,-0.016583434667320755,-0.03171750737883359,-0.039816013194186706,-0.0687719910772997,-0.003002265676298033,-0.044488860249714365,-0.006470118199146689,-0.05859130064797897,-0.02028688002645207,-0.021121933654524125,-0.03520278414433449,-0.025184681696923363,-0.01829081846514525,-0.04454473894741462,-0.0735604431473848,-0.0075573308084716465,-0.035352504469020246,0.07104671944988136,-0.06576471148860683,-0.023419974461980214
20,0.01081867272833002,-0.004235573758182827,-0.007073222471461605,-0.005799396424079492,-0.00611725027010013,-0.009433840572229586,-0.009998347047632195,0.008099088187028834,-0.012260063462371788,-0.010555865917371026,-0.005189510609738882,-0.0022186977262259088,-0.01670389641118125,-0.011669658025506182,-0.0013406184718571341,-0.016829104937612978,-0.0031558326236572403,-0.005402595873611487,-0.010751187345287478,0.0014834868652196017,1.0,0.09729867810420692,-0.005059504194557427,-0.005311057860791742,-0.00783889535272985,-0.008817338040487085,-0.0063993755349283305,-0.006178154665933954,-0.010284504332700672,0.001584799299228886,-0.011934282155816597,0.007357017122049943,-0.006580367824981865,0.07689638356855205,0.006686119792695634,0.007519125299658319,-0.012275958531366746,-0.01228567139246673,-0.004182614767066894,-0.006801122476066417,-0.008764834742836784,-0.00976011293530267,-0.0037176744820270526,-0.004213120476019975,-0.011024023656456706,-0.003116444708206857,-0.004768908641419341,-0.010231332831334638,-0.009994428275518646,-0.015375043836595105,-0.004664711175587061,-0.0077377483127708535,-0.01279982429840681,-0.013691445317423322,-0.0011160658859373737,0.02169041104685572,0.0022482021358012855,-0.01933229258453097,-0.007385369231762662,0.005372330155664837,0.00013398218913334434,-0.003143678205136139,-0.006537189171049676,-0.006663468429919499,0.005132781914672825,-0.006706336811579941,-0.006920384566500015,-0.00599238955556031,-0.001750003562489633,0.027491830360284148,-0.02339502995080093,-0.0033213559863165738,-0.006248691240711439,-0.0076631076305833995,-8.257821524589645e-05,-0.011459211830166027,-0.009171493709259708,0.020680408168124997,-0.003588654438613194,-0.013693256720708176,-0.010311062083777517,-0.023247783933604632,-0.008708777855274122
21,-0.05711182513721459,-0.05498292024582614,-0.009111489427432678,-0.01590491935532395,-0.04646447500567816,-0.03567775793664439,0.07826848093094527,-0.06186394540597309,-0.049193368126066034,-0.06683832257542019,-0.028040883633891785,-0.044805186528261945,0.07920427819096568,0.007821550233803444,-0.02849880388005708,-0.08142009032869069,-0.0012330275722165392,-0.01978419617333345,0.2569965947583174,-0.07334934639462895,0.09729867810420692,1.0,0.10149783814170615,-0.03482043893186999,0.05194216478045721,-0.045738834836811945,-0.03452047181473869,-0.021643592106451462,-0.029396447446258352,0.18667192887493383,0.005697450729993326,-0.0410118293080879,-0.015560117274227767,-0.025436229164940205,0.12015471668608381,0.013175483995690383,0.03872641255682836,-0.04494725896812896,-0.01500816697011538,-0.0388647547785191,-0.03719558006501038,0.023479808670334407,-0.025658871696565895,-0.02031772677792858,-0.04309753113019939,0.019511084715584888,-0.03135412619542558,0.015707395689789225,-0.07724854667487502,-0.0034524583228540537,0.0514024154450337,0.09423878828496726,0.15894062300801237,-0.05131150148377199,-0.002780356312699641,-0.058425479338245184,-0.09447645630599673,-0.08948071975501443,-0.06232245549289626,-0.009478983617962499,0.046560661157402775,0.028531302746752182,-0.10664658612266109,-0.024267857692870855,-0.04581337169489535,-0.0542580184231287,0.37338462532436867,-0.053673344796469236,-0.05492847032564131,-0.031204969695759317,-0.08711484453534743,-0.020679877800358494,-0.02870342090093547,-0.05020534391992516,-0.024162720104706777,0.14358036930142665,0.05328293265255662,0.07427923724606408,0.0026341001932069716,-0.05052967837436331,-0.055960313745132016,-0.1061342056090211,-0.029629546850050058
