,0,1,2,3,4,5,6,7,8,9,10,11,12,13,14,15,16,17,18,19,20,21,22,23,24,25,26,27,28,29,30,31,32,33,34,35,36,37,38,39,40,41,42,43,44,45,46,47,48,49,50,51,52,53,54,55,56,57,58,59,60,61,62,63,64,65,66,67,68,69,70,71,72,73,74,75,76,77,78,79,80,81,82,83,84,85
0,1.0,-0.021981489058788724,0.04049734689670559,-0.014727756326815701,-0.009721618121302908,-0.006408859434606257,-0.031225574585162827,-0.022121537332602713,-0.033497435411296836,-0.03777226664775487,-0.01942635801127752,0.02555330053914917,-0.017857903064196226,-0.02515369057538677,0.09415169895497613,-0.04471042611368134,-0.009588344625530668,-0.002390432911457886,0.018067390145385668,0.030742167272624486,0.011691895681447156,-0.0010181044470616335,-0.054784047826144905,-0.016114118870010782,-0.018740436980018694,0.0041873150646906925,-0.01776463139014798,-0.014609660685769722,0.10759927018770954,-0.04708261789390267,-0.017181714590546147,0.026780905118073475,-0.00530419161420039,-0.01170649835197226,0.020955464243952317,0.06307856040410932,-0.017640310189882834,-0.006667045025129182,-0.010179669879605627,-0.013401731088314505,0.022427887936423665,0.00025839684312374545,-0.03158645191636582,-0.015762221721571462,-0.01498193262040618,-0.009387728915128162,-0.008725850306607583,-0.02537920539514069,-0.017699550102786794,-0.028041373503761936,-0.003446932962044066,-0.022324149674253363,-0.05625107274299487,-0.03396995952258519,-0.011516150916595672,0.189177940853023,-0.045388678977225455,0.010658611557539607,-0.023797451027033192,-0.00937492281951441,0.0033294357680163224,0.005601057401087826,-0.056550401541567305,-0.015748818898858288,0.01267916909391122,-0.014945312499815398,-0.040250013720824554,0.009149236364559905,0.003878199518680939,0.058278947752178054,-0.056552075978610214,0.00541101934029334,-0.010824601375540456,0.015780276485312834,0.01787436766922676,-0.04434184179186283,-0.05191755797974565,0.08524331772079735,-0.00970780857013722,-0.02066481297214015,0.05409129177450101,-0.06971133970902303,-0.018945694421998803,0.034413354278986764,-0.012542898695183546,-0.010165380674837578
1,-0.021981489058788724,1.0,-0.0700070222171395,-0.014104240341361284,-0.030563176747015704,0.48546872961941856,-0.026604754386943527,-0.02847218549915063,0.09856834513271229,-0.028779232846052258,-0.013435969298699878,-0.03164833946259968,-0.027110489621002726,-0.004168041268963753,-0.03492952527497935,-0.03569997010328093,-0.018753683589686033,0.08569648611913468,-0.016226097476410906,-0.03698475590209267,-0.008237794955184797,-0.012593888765100088,-0.04522093798618883,-0.015278824703290556,-0.016702463777088866,-0.01918876698751381,-0.01504819300468788,0.004776466417144783,-0.025745099537097006,-0.04218425307402486,0.08972989594883006,-0.01629476319189703,-0.020495827032472082,-0.007227501005369178,0.07261538741112988,-0.00222403215632339,-0.02801415321945549,0.20451873755080682,-0.0062745155691743566,0.0016851645428181878,-0.02396520102961428,-0.019104042238189692,-0.024014153531708132,0.027685668562230786,0.156347277780058,-0.025465844912263978,-0.007214986086725446,-0.016835757769718945,-0.03510995215398661,-0.062194760018942495,-0.012147881556467718,-0.015058513731011688,-0.05281290383627464,-0.022336754325559448,-0.016131398911402292,-0.027622521122195993,-0.03895624981140337,-0.02499771223414555,-0.0270908887490448,-0.014150359434441538,-0.028502308485256485,-0.011014082111204382,-0.044885881880634054,0.11462718565667396,-0.015559837782766971,-0.010763595404454287,-0.04274522406797432,-0.024574991537697724,0.18429225045074038,-0.05958854920936705,-0.03635181127632886,0.007224203589664526,-0.00334990209555408,-0.017010284184513044,-0.016292992668971863,-0.030075955947480408,-0.04371964395781143,-0.04810553489562899,-0.007719051387362108,0.01821576287634911,-0.03214798270756439,-0.04641572756497982,-0.012333787402428848,-0.03787029724974613,-0.009158438417271389,-0.025048344709793977
2,0.04049734689670559,-0.0700070222171395,1.0,0.008821401894974525,0.05446166947666813,-0.05560350353225131,-0.018245667589898852,0.00961772817295451,-0.06844255754225027,-0.08101249649367798,-0.002189918964407368,0.047286714942791366,-0.07179899711854763,-0.03110058840151912,0.040009484199204026,-0.06390251721505885,0.05788196733872705,-0.03302341355533733,-0.005968163381036838,-0.016908370669204136,-0.0017730826546024075,-0.0013492561331050537,-0.05008390648785874,0.029731837985240137,0.010073211303547972,-0.058823555019627737,-0.02858203487153392,-0.022018637398936138,-0.0004806985992900619,0.06509403194062632,-0.07257878691640524,-0.03295713304607012,0.11190061635400497,-0.03495615690889706,-0.07226002096185533,-0.014228765046260873,0.07679615446140337,-0.05109178951595907,-0.02089737583008667,-0.025048760701396278,0.026996861965433945,-0.049104400079109704,0.06000504951808243,-0.030525527678807108,-0.05677919379647854,0.009873539033600144,0.0054700059691850985,0.061705751122627786,0.047007029280272956,0.12314239893328505,-0.02100636588153722,-0.03635935990091636,-0.06878019194250137,-0.06605790248126814,0.006828693625529968,0.014902497351835919,0.010488227533274675,0.005157635296609371,-0.053806176846451205,0.009874749120910908,-0.03751100376383551,-0.02185254338024272,-0.07327978822155973,-0.03172138275343868,-0.03695172486287794,-0.04068465329940345,-0.08177333131130625,-0.028674970381035694,-0.04749145124588533,0.29479568449255333,-0.1056921533115224,-0.03486584955555029,-0.03851187697097222,-0.04095424160436272,-0.04009064186878272,0.05600825746504165,0.004549285177615456,-0.0608122728417752,-0.0077281035344590005,-0.04712277304903831,0.015956189914418523,-0.10706592818992416,-0.042936632345275436,0.1802722612050524,0.018588671907437383,0.11330721468945161
3,-0.014727756326815701,-0.014104240341361284,0.008821401894974525,1.0,0.02082024358137813,-0.011031982518209402,0.06462918407201082,-0.01377134359002092,-0.013964998409099628,-0.016433472665490556,-0.006976190079250544,-0.005170009713509376,-0.018231304364919064,-0.007841716400127749,-0.01850829867154391,-0.020648757447530308,-0.0007870781565977993,-0.007910469802436594,0.00034968353233935743,-0.019128271140351007,-0.006593806136867592,-0.003891574957828741,0.13405057356848932,-0.00876218396131419,0.0046519122715320835,-0.01233348902285795,-0.008662522497452634,-0.006575517280925673,-0.005501081994530668,0.0017830196142378388,-0.017402975073889475,-0.008554656706068099,0.00549688016022653,-0.00702777325310555,-0.006429476614474401,-0.016826155061659978,-0.015680824920548495,-0.012406519179739764,-0.00399569986727045,-0.0030922571427371213,-0.011682191214334739,-0.010988769654018026,-0.012755588592829652,-0.00639862177763546,-0.011726969427115833,-0.012512999393998206,-0.0041844630197196125,-0.010007353962420302,-0.022970022810495552,-0.020767530881269244,-0.004284043547735595,0.01154153765928187,-0.015743161711260296,-0.013360599994434876,-0.010266726488979827,0.014394527473850628,-0.017749420913869704,-0.013441542117471277,-0.015087120341902453,0.042277321381155336,-0.0072728095625927735,0.0033040656537059983,-0.023736114226495394,-0.006293928833044835,-0.012028276456578316,-0.013232285713938202,0.005263418963481219,-0.013387881442194714,-0.018208771837984538,0.006321269192070226,-0.022402075740515833,-0.00786344652252791,-0.008004179895157273,-0.012770873221437783,0.0022298956762599803,-0.004203844608245941,-0.011818086811049776,0.03128866261195741,0.004111333947960076,-0.010242874436816832,-0.011921969751144595,-0.027061135384304325,-0.008123095699417547,-0.012726435042918368,-0.0049102885016825285,-0.013296791070384874
4,-0.009721618121302908,-0.030563176747015704,0.05446166947666813,0.02082024358137813,1.0,-0.023705731353540434,0.009669648926419541,-0.03347108499744876,-0.03062926164636605,-0.039550329691585666,0.04770026748965882,0.03472579648432194,0.05728644261647728,0.006982733964554304,0.06157172483941879,-0.049739805646816876,0.11254882954890472,-0.015882268198225725,-0.016679508934293576,-0.04491603257706586,-0.015705257379832423,-0.00448635268278746,0.04846209805166345,-0.02086370841359686,0.07881895062343934,-0.01843070072544584,-0.020151179848488993,-0.017748363140565854,-0.019371726561982352,0.02850822476910159,-0.032519796590767855,-0.017137962928303673,0.025099903364531283,-0.010689568348567123,0.06943875530227828,-0.02657565327012459,-0.03399458883576604,-0.024907031941348468,-0.009181754869355735,-0.022843525450502715,-0.024451365287625315,0.023045031611394637,-0.029554754783011578,-0.014622714062283751,-0.02842353160672966,-0.023615034483671304,-0.005842908869523916,-0.022659099957092574,-0.046832702556766415,0.04248942203403963,-0.012803022684810431,0.008189415854474365,0.05344715313354531,-0.030665455293947583,-0.025744930598943568,-0.029555970325541782,-0.0519029294302074,-0.03236239483447162,-0.03779548057136904,-0.016238693257307237,-0.010809099920649908,0.06897626916138791,-0.06225563396706835,-0.013789171498942095,-0.02697053931744251,-0.03534314638509914,0.036235382440251804,-0.033439973747282595,-0.04247442525072892,0.06132723454586545,-0.051721792144003284,-0.01472010405944396,-0.01208644593628721,-0.026855557683257137,0.0008570806315750645,0.0013429822240125008,0.12243881923357855,0.08583681100312957,-7.945598367415513e-05,-0.018900541605231497,0.03858169870776676,-0.06362631692808807,-0.019948447026014286,-0.01154597602493729,0.01417633313446745,-0.023094333638450093
5,-0.006408859434606257,0.48546872961941856,-0.05560350353225131,-0.011031982518209402,-0.023705731353540434,1.0,-0.020463730290140494,-0.022290934286172702,-0.004047855483935957,-0.022504723876339956,-0.010453987729519786,-0.02372770604260853,-0.017440987084293223,0.005631245911379498,-0.014925816748997314,-0.02019146522434246,-0.019998036607808564,0.38167023909076014,-0.01134610483884382,-0.02890796650295089,-0.007727848879984987,-0.009705141351781972,-0.0349899710729385,-0.01009949192913136,-0.010846429258126854,-0.011494184809205658,-0.011297031795399575,-0.007811983535514557,-0.01819041689785189,-0.03320158143332631,0.08064313506328571,-0.006032491672025225,-0.01578400004693832,0.02567114061571371,0.10368367052603003,-0.007985159942110957,-0.023170963610869833,0.05771960725623359,-0.005212859758449547,0.00074209604743628,-0.01880237308289403,-0.014666975651305453,-0.018785253436903807,-0.005347812755121549,0.09461011176968001,-0.019892945488196846,-0.005829705770405686,-0.013337465968101245,-0.02917642647016777,-0.044351871232882686,-0.009506586861536147,-0.011992102009861887,-0.03783462211488736,-0.017554416894060176,0.015311748926969663,-0.018536060611622683,-0.029564477010119654,-0.019418267354609706,-0.011913549373567442,-0.010902187438896316,-0.021103893910378993,-0.008565056954316332,-0.03439638410636964,0.12487939860715726,-0.006429668515221313,0.0030539813526788574,-0.03426956278726821,-0.017119319113064677,0.07745238084081611,-0.04813434586954224,-0.02842746191021414,0.019253323360726913,-0.0041320480395769825,-0.010617861461244795,-0.012214271001062408,-0.02624817836005445,-0.03419398475989148,-0.03179842876111977,-0.006107190394306782,0.16694332732107237,-0.024395322807741926,-0.03147569154411682,-0.011679481719436174,-0.031238986518097905,-0.007166515019956459,-0.02010663613693616
6,-0.031225574585162827,-0.026604754386943527,-0.018245667589898852,0.06462918407201082,0.009669648926419541,-0.020463730290140494,1.0,-0.02952033273472216,-0.026439201235857378,-0.032145635508115084,0.02130145943269234,-0.0052672249962427194,-0.010668427746309033,0.06969297625022977,0.001327970970937089,-0.03972342730036389,0.08725989103415813,-0.016248951228805878,0.007480430784425281,-0.036226911234770995,-0.015975412733493156,-0.007172323861022981,0.47493418662052306,-0.01732565653915414,-0.002708451576560542,-0.023643436884523448,-0.016801573346427012,-0.01570386524446093,-0.0193347978456646,0.0302003010166423,-0.02696959490397937,-0.019920343705785326,-0.008152637570784563,-0.011617795874837489,-0.00655028101323016,-0.019763975359715386,-0.021836550376476544,-0.022735939247184325,-0.00758822614057403,-0.01890879472828204,-0.012870313814278141,-0.0031725596771391236,-0.023622025479139754,-0.011970047147292648,-0.02413611841610872,-0.010768508730742775,-0.00712046614354351,-0.012983510518239379,-0.04098834019512802,-0.0008124582393370192,-0.00926131088767873,0.010009317998876607,0.07082753954262933,-0.024873345624635175,-0.02572354760819257,-0.0233503760297707,-0.04355600130910388,-0.027290681374511995,-0.03191356796993433,-0.013823259909323591,-0.019530292773796462,0.005535452163782211,-0.05064672672156431,-0.012048204917836418,-0.022025702873758005,-0.029549531458114852,0.07031498592723986,-0.02976333928497695,-0.035489486085187566,-0.0399906924840048,-0.03916185335429305,-0.01418770928994103,-0.014672160592143347,-0.024955161230155204,0.0243560636531074,-0.017896076747661614,0.017758329690306572,0.037463642230683776,0.00039735354343064643,-0.016453676584351686,-0.0014486057327881292,-0.05223419073772494,-0.016876663127229803,-0.017549160397733334,0.020566777826413682,-0.023705670848348886
7,-0.022121537332602713,-0.02847218549915063,0.00961772817295451,-0.01377134359002092,-0.03347108499744876,-0.022290934286172702,-0.02952033273472216,1.0,-0.028756736196647217,0.035483244706301396,-0.01367946998634624,-0.01878659281133787,-0.03796633255373444,-0.029646710434506753,-0.032305339614299,-0.0029409984532045557,-0.015378043305357489,-0.017535915427331183,0.07002039565269255,-0.014352418703604045,-0.01277563772036898,0.010258807341642844,-0.0481228161378884,0.009020069357713502,-0.019537074141998484,-0.025313490453022995,0.006661927378832584,-0.011373352879710811,0.04768847426950637,-0.04785722464504889,-0.027520481244667334,-0.018994679058478625,0.029613928445695784,-0.014598125198742398,-0.0527402261047064,-0.03348155077273443,-0.034262379484426696,-0.025095616884029656,-0.008128535279653293,0.011104567150032,-0.019579078013408822,-0.023564163472594338,-0.02693821786440228,-0.012974188289687496,-0.02817587201356252,-0.02309617865734091,-0.008632256836969134,-0.019834316805563388,0.10969635685232096,-0.05005230537055516,-0.013887504205175335,-0.018124086146041662,-0.06173314796793483,-0.011518493145094172,0.02931565386586516,-0.029403606586020523,0.06666499952389587,0.24980277159958647,-0.023339886774761457,0.06546050796609722,-0.02696353829368256,-0.012958932671318826,0.09192649523743979,-0.012814857669079197,-0.02356481621472325,-0.03166333485250883,-0.05490752980758576,-0.0353686898264213,-0.02132530789327816,0.05700706069641488,-0.03659816751770905,-0.009507559803332078,-0.01619135784940722,-0.026255485104352827,-0.019674948388490564,-0.032795941693697366,-0.04999405518954471,-0.056243634824056435,-0.005040610965186259,-0.021527261806024232,-0.016932805558458188,0.12823998030434536,-0.017629189537474332,-0.0035666805103133233,-0.009675802257584397,0.0341178002508968
8,-0.033497435411296836,0.09856834513271229,-0.06844255754225027,-0.013964998409099628,-0.03062926164636605,-0.004047855483935957,-0.026439201235857378,-0.028756736196647217,1.0,-0.028809583010090165,-0.01335490098627181,-0.030688509542800647,-0.025548099506027006,-0.017236077315081564,-0.03233849405288675,-0.029590974887033748,-0.019225242311052333,0.014762282237267357,-0.014664368688442387,-0.036947933454509946,-0.0022239148566648437,-0.010821560803758581,-0.04477671681480085,-0.015407419110380436,-0.016879373889912154,-0.011016225173063282,-0.01489851777648876,0.0021829759280220665,-0.0259710404447986,-0.03979518886001127,0.03107177803188267,-0.017874813557694984,-0.020286581784049074,-0.011527713329877516,-0.028705868861190083,-0.006341163602380672,-0.022856642639345816,0.06118432567911704,-0.006523279970746226,-0.013721235376992724,-0.023785032965970426,-0.018319542193735598,-0.02388191102487173,0.18032440009782408,0.1640680983816047,-0.02503327829682951,-0.0034491712130653674,-0.016956227782910893,-0.03283037906032091,-0.05153006276773154,-0.008831183819967203,-0.014937953390595473,-0.04914692866928157,-0.022310926053015743,-0.02133086376337953,-0.04052625327187574,-0.03937781012179308,-0.024921492333311777,-0.025772326332442797,-0.013779982394502004,-0.015534158042519135,-0.01072524002025053,-0.045510235935099154,0.004527384051245937,-0.01913610147044114,0.010355816937432007,-0.04292428932058444,-0.011191562434051104,0.0697355463961373,-0.05306432714570805,-0.037217498158402244,-0.011856711628228822,0.08165825978819372,-0.01141677116632928,-0.016219915129609,-0.014074769114347746,-0.041563772284650115,-0.0465023502774004,-0.0077474688822576215,0.07982192492578699,-0.03065863868495173,-0.04683349905296573,0.021175177929929442,-0.039890960026326625,-0.009089442187885814,-0.02564258303064029
9,-0.03777226664775487,-0.028779232846052258,-0.08101249649367798,-0.016433472665490556,-0.039550329691585666,-0.022504723876339956,-0.032145635508115084,0.035483244706301396,-0.028809583010090165,1.0,-0.0161869447633623,-0.02661817734477116,-0.03809590741104747,-0.029765901116167177,-0.04496217976465908,-0.02297382536475889,-0.03030427465390296,-0.017828774124194362,0.01115333477984332,-0.040693864419534265,-0.017968062259481582,-0.007819820608941944,-0.05229371639699709,-0.015466669660618881,-0.020931276600872684,-0.025423139927862392,-0.014674375593648913,-0.0155527546108684,-0.006886802423631749,-0.05131296674421615,-0.03511365284596085,-0.021505974438590057,-0.02411667257733107,-0.014676315675250635,-0.05370003651910932,-0.035330886609362996,-0.03591468819311845,-0.02544413118259722,-0.006183737592777261,0.07757158649406115,-0.02870707564543972,-0.024205659773534532,-0.02887110465968145,-0.012979707724519783,-0.02685082736136544,-0.03020491580610066,-0.009115223170442683,-0.020541829056875148,-0.03685575449266837,-0.0745525608454683,-0.014439530338411737,-0.018509269693151763,-0.06611681753054519,0.048462700688418583,-0.02851979624968826,-0.04526604683451502,0.24897947090313136,0.08126474931574929,-0.027686748793027648,-0.016371512825507625,-0.03120032944898814,-0.013252864624519311,0.716731789909004,-0.012922811942453958,-0.020137222929756206,-0.027216152692556183,-0.05475924761764987,-0.03485169205160983,-0.03625161750076367,-0.0667152141375973,0.12481316096758185,-0.013568127586745525,-0.016328056934368576,-0.01397960150498374,-0.01984516080895347,-0.04375331350691292,-0.05376622601942098,-0.057524509221829764,-0.009338176640249756,-0.020816273692723854,-0.016303614075996987,0.05255817053975312,-0.01801226565843308,-0.04299163661036613,-0.010914070564789491,-0.022270560878501648
10,-0.01942635801127752,-0.013435969298699878,-0.002189918964407368,-0.006976190079250544,0.04770026748965882,-0.010453987729519786,0.02130145943269234,-0.01367946998634624,-0.01335490098627181,-0.0161869447633623,1.0,0.024217594331103424,-0.017282174123624327,-0.011865384301105434,0.13645110725692627,-0.019146192998245846,0.013426028047345296,-0.008294256742741993,-0.008692050345885344,-0.001508396106003391,-0.008769845590070054,-0.0030950345259910814,0.025733931919319653,-0.00477925443698515,0.07093748628638422,-0.011859887013390143,-0.00839502250914024,-0.008008243700349856,-0.014930286247630972,0.035175235962032925,-0.013991550871957012,-0.01000394040858871,-0.00589872375268181,-0.006831329422570703,-0.014283883858758638,-0.017591803442555128,-0.016226957320993905,-0.01196234788734009,-0.003783263486324026,-0.009454153365098802,0.011981071855965123,-0.011010274295955486,-0.004729592917944375,-0.005986833316991569,-0.013023183111628176,-0.010817943016660423,-0.0035787271526547784,-0.00886119874648374,0.0040010987222629454,0.08682163163205123,-0.006799858202851153,-0.007718392678849729,-0.02798791216518634,-0.012075138567257376,-0.013124801057525679,-0.023929418263222757,-0.022022962899673464,-0.013855735991786525,-0.015322357321811645,-0.007766032050409433,-0.01296344177058549,-0.0045074175790817995,-0.025574564575441598,-0.0059913033286371035,-0.011978501579040256,-0.014977530718411469,-0.0042890924038634344,-0.010310308389229405,-0.01840734793483699,-0.029526661328996284,-0.021097756563586655,-0.007459414358909015,-0.007603367789953753,-0.01266036316979028,-0.008657469865489492,-0.013821736392936608,0.05150117689681681,-0.013238858299120452,-0.002960925903044468,-0.010110851497269296,0.01757303893289951,-0.025620253786663934,-0.00842606064475885,0.007168338999088834,0.0287167982695751,-0.007118631271292062
11,0.02555330053914917,-0.03164833946259968,0.047286714942791366,-0.005170009713509376,0.03472579648432194,-0.02372770604260853,-0.0052672249962427194,-0.01878659281133787,-0.030688509542800647,-0.02661817734477116,0.024217594331103424,1.0,-0.035710755787121296,-0.018268590826694305,0.03742689529961898,-0.03266878703420871,0.03683365761182024,-0.018696627855679618,-0.013612985007446536,0.07079198518362945,-0.012040532627219235,-0.008830284145981915,-0.01713962672273296,-0.016836691594200558,-0.00960302681867697,-0.02804544079299218,-0.017537944264150028,-0.017029785506577168,-0.015693150713544025,0.002924187311398515,-0.020552044904897485,-0.018320123658815676,0.10170870501738548,-0.016183078673489323,-0.048783772845218704,-0.03872165391144894,-0.032361362830067436,-0.02815205218040607,-0.0089643453134977,-0.01665247219997585,0.0495669477671147,-0.02412167785230295,-0.0067972066013711864,-0.013897840546390297,-0.029604128354230423,0.03446606422269577,-0.007837186024258848,-0.011726726687142105,-0.014498341191987393,0.07453323407856377,-0.014781073280740516,-0.017943686543779706,-0.04880513284722077,-0.028336464683452398,-0.015642507413846003,-0.04382684963044713,-0.03964631941794854,-0.0168076111308247,-0.03524468914487342,-0.013574106931976554,-0.027851250620318065,-0.01331685753680797,-0.04123797914349461,-0.014195005057261144,-0.027647843383862326,-0.033139369476045934,-0.04660702607770294,-0.028974705342313885,-0.022453598459867614,0.10790239121747727,-0.04683006840321573,-0.01748617531375847,-0.017310302880025687,-0.02593781670808632,-0.006369460610592433,-0.020973425006541195,-0.013692224209427693,-0.03562298889764435,-0.004687404455096493,-0.022815257559039653,0.7224218676467906,-0.057919224458869836,-0.019154382697603972,0.0760491331597628,0.051610561441246317,0.020782002287141072
12,-0.017857903064196226,-0.027110489621002726,-0.07179899711854763,-0.018231304364919064,0.05728644261647728,-0.017440987084293223,-0.010668427746309033,-0.03796633255373444,-0.025548099506027006,-0.03809590741104747,-0.017282174123624327,-0.035710755787121296,1.0,0.004038205215048256,0.07472218550055172,-0.04814935128725391,-0.0035977696507873014,-0.004952072103448409,-0.020325720821215913,-0.04872325551170454,-0.012563844444338848,-0.015499190231764982,-0.03600193144657648,-0.020428764848005355,-0.00406626897953353,-0.014787769380033906,-0.019828227506838304,-0.017785371320876594,-0.033460696392615466,-0.03998154443831322,-0.021696131750489043,-0.011475772359000278,-0.024002759392939065,-0.015154985493699496,0.3497473694304227,0.0214246698218511,0.004138789009437003,-0.011671063860543809,-0.008761049096585174,-0.021882623891378645,-0.03132963138761965,0.09008028412511371,-0.03171680750971478,-0.012634387139790704,-0.01970268343677793,-0.03223887393386465,-0.005412638811645886,-0.022050998295016395,-0.044886148746136376,-0.05304538639814477,0.06553289813535604,-0.007181147417793659,0.07936549194538811,-0.02965135983929699,0.06451247429337532,-0.04305895809945806,-0.052153023400859776,-0.032285978597338186,-0.037442137099837576,-0.01369943185855619,0.06140490887342846,-0.010606185460873422,-0.06040264162710131,-0.01356282995193257,-0.027710633279929807,-0.03315416393227233,0.09094926032178594,-0.021969542218113466,-0.028379839377795063,-0.0044225582635027474,-0.050108655718578296,-0.01690410633877834,0.009220168972072916,-0.028249692368505983,-0.010647145238649208,-0.023582931897114953,-0.020842391872121793,-0.03810844623098018,-0.009682294921608242,-0.01910578324116793,-0.03140408987609705,-0.0620182108465455,-0.019156267425396313,-0.027059091500123568,-0.01183323634105074,-0.03404470548124243
13,-0.02515369057538677,-0.004168041268963753,-0.03110058840151912,-0.007841716400127749,0.006982733964554304,0.005631245911379498,0.06969297625022977,-0.029646710434506753,-0.017236077315081564,-0.029765901116167177,-0.011865384301105434,-0.018268590826694305,0.004038205215048256,1.0,-0.028333043141323046,-0.037571573110049994,-0.004382406032768513,-0.0047667580143142315,-0.013184373066440333,-0.03755217013655483,-0.012376093892642532,-0.009108575093779164,0.07256713775558421,-0.01563667215863455,0.02254355036885369,0.03837921018834323,-0.015721066355981427,-0.01122198126659502,-0.02160244640611628,0.07463483548143338,-0.0030138744328232986,0.013770719425561934,-0.016870414093705047,-0.01089607978056462,0.010324061565677403,0.022367000210856556,-0.0007931724270262798,-0.008090468997975518,-0.0069189682162224654,-0.015648811826155278,-0.023733867471163638,0.012596838325247092,-0.006021027493408802,-0.010125399907711656,-0.005900749444417914,-0.011342762216847041,-0.00297155438757293,0.0034940156739316185,-0.03625010200864568,-0.03287102192657059,0.0005512124015764454,0.0258594130541157,0.1618749003370677,-0.023406419286307566,-0.018606178257408172,0.003635364791584012,-0.038364651047012636,-0.025962953080952405,-0.02850500267396261,0.004505493631767382,-0.006691925218402048,0.016751998483533728,-0.04593587269270134,-0.0060830066819045495,-0.01565743306971743,-0.016655400023000304,0.15238059646805693,-0.021198169639203956,-0.006815152492761541,-0.024011523364213277,-0.03942309315174714,-0.011577963432742502,-0.010234870346669762,-0.012301071277970133,-0.00766366593145198,0.0007940275730846375,0.06057632305745257,0.0402434169425568,-0.005426199094164963,-0.013664933692680806,-0.027146056053439463,-0.04885296631653753,-0.012852056048160412,-0.023092528495152483,-0.005989977493464815,-0.02596807013606184
14,0.09415169895497613,-0.03492952527497935,0.040009484199204026,-0.01850829867154391,0.06157172483941879,-0.014925816748997314,0.001327970970937089,-0.032305339614299,-0.03233849405288675,-0.04496217976465908,0.13645110725692627,0.03742689529961898,0.07472218550055172,-0.028333043141323046,1.0,-0.03780161887620366,-0.003254186570725725,-0.009005507038667968,-0.004308811274128033,0.0915208817522046,0.0063337734167738385,-0.003967086384224125,-0.032672502201811414,-0.018619696865523835,0.025195431824594126,-0.03323211544344862,-0.02229600480060103,-0.012734881759567263,-0.02501699791613992,-0.0038409668240423763,-0.019291589554296787,-0.02794587842376895,-0.008886058229739896,-0.019340996826278642,0.020005101365165194,-0.029561559868816555,0.038915603931990846,-0.012441822652958723,-0.010456463208307674,-0.015719006719037237,0.060775698657398604,-0.013328706078766867,-0.00980039393396345,-0.003889013710004111,-0.03140156209187547,-0.0020136336320946474,-0.006948617771780908,-0.0018121405609094312,-0.004489893617393539,0.13619985628354514,-0.010502534072082143,-0.019495497554838245,-0.02830906783412959,-0.029592254732447497,0.05170799566638794,-0.054540663579801474,-0.05191536362042236,-0.023717984124754003,-0.017150797921891066,-0.01864311963917347,-0.0036246426521395706,-0.014895241313810655,-0.07072176434562605,-0.017141624865099035,-0.03227409271627593,-0.018559822748934376,-0.02997117700625198,-0.007063943243690636,-0.028062212657548026,-0.005673702642086345,-0.05921915456737188,-0.02009610686407539,0.0006648519014484152,-0.035344852761018855,-0.023205851171139803,-0.010243587232465656,-0.014050569073301974,-0.0389144891164543,-0.003809249827908632,-0.020706430494302788,0.051564859362307494,-0.06866535990782366,-0.022190702574412653,0.0020271487384556546,-0.0018339128503032662,-0.01020123725781015
15,-0.04471042611368134,-0.03569997010328093,-0.06390251721505885,-0.020648757447530308,-0.049739805646816876,-0.02019146522434246,-0.03972342730036389,-0.0029409984532045557,-0.029590974887033748,-0.02297382536475889,-0.019146192998245846,-0.03266878703420871,-0.04814935128725391,-0.037571573110049994,-0.03780161887620366,1.0,-0.03348559814186636,-0.014326302200340773,-0.020445524804378126,0.03382744797307233,-0.020631849723972105,-0.012758259471369469,-0.06869835164438842,0.018263834550920805,-0.026426451432001827,-0.03228712130495333,0.26703651850762933,-0.005164631918310311,-0.037607820171632875,-0.06346882210831101,0.0012080333048927173,-0.025377761485584474,-0.029234978115508167,-0.018554708825589863,-0.06859622561694456,-0.02101904761624919,-0.041386111686424504,-0.03238263112628098,-0.009689705517003003,0.0024515994471402654,-0.019907809682744068,-0.030648431766373,-0.02886957302217142,-0.016225614904634488,-0.034862523708173214,-0.020743112333762255,-0.011442206700843066,-0.024692390210988596,0.13091469689998944,-0.0216705013046357,-0.018656083226664684,-0.023395323042562127,-0.08119887284918001,-0.02773010258277534,-0.025145569457047018,-0.06295120206967716,0.12254819979947362,-0.002603452705290954,0.20013302483671705,-0.02130753503588287,-0.026101028904831746,-0.016760051120818496,-0.020894041787507665,-0.0161494182458466,-0.0299744764923776,0.0016818673524872092,-0.06968804472178541,-0.017914995317823083,-0.03751503861677023,-0.07565154148536145,-0.04638532168407286,-0.004063742523930915,-0.020558671544409317,-0.030655588051901314,-0.025212376276316797,-0.007653714731386624,-0.0666150404463923,-0.0717158674148361,-0.011740151300596838,-0.005142882623167806,-0.03646642792991557,0.05744069821501083,0.00621961615835861,-0.04612605343523059,-0.013492657349180898,-0.025845294083241103
16,-0.009588344625530668,-0.018753683589686033,0.05788196733872705,-0.0007870781565977993,0.11254882954890472,-0.019998036607808564,0.08725989103415813,-0.015378043305357489,-0.019225242311052333,-0.03030427465390296,0.013426028047345296,0.03683365761182024,-0.0035977696507873014,-0.004382406032768513,-0.003254186570725725,-0.03348559814186636,1.0,0.0006154003782301793,-0.008245908288455086,-0.03412981455071811,-0.007940916642370465,0.0005587037951966221,0.0421244456524935,-0.00703598859022435,0.008068626137043958,-0.012216983910485167,-0.016970101579062473,-0.011294149406283309,-0.02271777497706407,0.10910031449933161,-0.0004063859071423148,-0.009154004596663722,0.025679284421238784,-0.012176188140909625,-0.014150116005123514,-0.007867231246010695,-0.016993180549076996,-0.014907015871530066,-0.0074716300201222935,-0.014609323805315943,-0.014585386218729948,-0.011791729982114274,-0.02266202576626071,-0.00946226711608318,-0.023499854799606774,-0.007736943098667096,-0.005046458275641373,-0.015081884277268061,-0.00386957413857255,0.01039631887394496,-0.011331736891922038,0.003074213210199365,-0.0008726376176088173,-0.025508603093411637,-0.008670336100044923,-0.0010463884323091682,-0.03417606704804285,-0.019290952441571668,-0.025580289036948804,0.01888835067237642,-0.014567685356656219,0.003330273572155482,-0.048862154608696175,-0.0115696265856803,-0.01580250045430747,0.013451826079115853,0.0003519139170946248,-0.020693516043820172,0.005282621223220681,0.018207310398099683,-0.0435470214914591,-0.013596219421137085,-0.01267302463346771,-0.008076655864608128,-0.012081419009778018,0.014589150145939778,0.001869280888063798,-0.00985542665172282,-0.000984963894786165,-0.007048473474669319,0.056396500551123614,-0.04997932101273651,-0.013444530855031979,0.03650586252715603,0.11087872905117829,-0.012628887485465673
17,-0.002390432911457886,0.08569648611913468,-0.03302341355533733,-0.007910469802436594,-0.015882268198225725,0.38167023909076014,-0.016248951228805878,-0.017535915427331183,0.014762282237267357,-0.017828774124194362,-0.008294256742741993,-0.018696627855679618,-0.004952072103448409,-0.0047667580143142315,-0.009005507038667968,-0.014326302200340773,0.0006154003782301793,1.0,-0.006238282488256872,-0.022344095424453134,-0.0018565689086266996,-0.0048849373360566675,-0.026989297101622338,-0.008415669793850217,-0.009209086885884513,-0.010184299417681574,-0.008942832753749293,0.0018344177042773674,-0.014981186218544013,-0.022411103373399875,0.07083944916020612,-0.007959440203944812,-0.011558464893593412,-0.005369422527302009,0.042879121683926956,5.513127599410684e-05,-0.009565645048273348,-0.0019677096907673797,-0.002490247966490694,-0.004992759784486694,-0.014695394746090561,-0.010845567185337898,-0.0148886569445912,0.00443867747100289,0.08428793075927503,-0.015381825637827255,-0.003943998558119711,-0.010488054671535353,-0.009413066421022694,-0.010749153375552444,-0.005839093837407044,-0.00912878918448809,-0.019476309689267352,-0.013897666483262041,-0.003600581243391512,-0.02240484931191291,-0.022681010886844453,-0.01460715847091926,-0.012847235866385035,-0.008349447862217373,0.009368915842103993,-0.006711824552758026,-0.026628747026329082,-0.003361499059182833,-0.008228190859776573,0.0721293443574661,-0.018848260809225668,-0.0097128183153675,0.11798581910998468,-0.020858289461896308,-0.022960893474684475,0.002102708671138759,-0.0051463469331354955,-0.008114124817708714,-0.00962491182189038,-0.008843601088137205,-0.02167740708107737,-0.023856166635011857,-0.004725414310276878,0.007818394711033416,-0.01908322889753205,-0.02636266401112604,0.001448307820350509,-0.018537624479580954,-0.005594057303644365,-0.015589151687685054
18,0.018067390145385668,-0.016226097476410906,-0.005968163381036838,0.00034968353233935743,-0.016679508934293576,-0.01134610483884382,0.007480430784425281,0.07002039565269255,-0.014664368688442387,0.01115333477984332,-0.008692050345885344,-0.013612985007446536,-0.020325720821215913,-0.013184373066440333,-0.004308811274128033,-0.020445524804378126,-0.008245908288455086,-0.006238282488256872,1.0,0.02083688691738808,-0.006207121971761826,0.022139127225648435,-0.013526744196161837,-0.0061072817866184076,-0.010351867634716749,-0.01458037869598618,-0.005713439938712159,-0.007218222205486759,0.04462539522599944,-0.024270243649687183,-0.01786041496527545,-0.012081629049676896,-0.00965821671121788,-0.003406722361874579,-0.024715377540828087,-0.014280405369490923,-0.012525405378850165,-0.014343485541303436,-0.004583056788098433,0.010505898229007115,-0.014768754575456853,-0.012625197079500265,-0.015930387536649226,-0.007008859046526714,-0.013069617276684367,-0.013094672487927698,-0.00468504016960213,-0.01147394354566103,0.005924495185028031,-0.025688262193949814,-0.006805207668870717,-0.009379658500295197,0.003814766098458624,-0.015184578865154112,-0.004163831070816035,0.09586116163309247,0.043634404088519214,0.05026930314387083,-0.009407273393054142,0.09343286160125377,-0.002234406747189779,-0.006855148404409019,0.017213195738439584,-0.007336819189551233,-0.0019436541243495345,-0.008295052629998221,-0.028535103646420007,-0.01212626472900153,-0.012158416484848644,0.01338796156478889,-0.02523995839763541,-0.008641663252367518,-0.0089500846555484,-0.014344303898241473,-0.006495228552691308,-0.018751989649476847,0.021389182410783813,-0.007202484320922046,-0.0008829827714428764,-0.011443283177214082,-0.0077950640782633905,-0.023201522067304428,-0.008895879542935695,-0.012153864839466465,-0.004732443385516525,0.027073219591970097
19,0.030742167272624486,-0.03698475590209267,-0.016908370669204136,-0.019128271140351007,-0.04491603257706586,-0.02890796650295089,-0.036226911234770995,-0.014352418703604045,-0.036947933454509946,-0.040693864419534265,-0.001508396106003391,0.07079198518362945,-0.04872325551170454,-0.03755217013655483,0.0915208817522046,0.03382744797307233,-0.03412981455071811,-0.022344095424453134,0.02083688691738808,1.0,-0.02039309649420703,0.005591801516502426,-0.06112702114984314,-0.00015325165301703506,-0.026500348269415292,-0.03294538696737143,-0.013313213742452914,-0.014730893591458025,-0.02542346857095032,0.0305615658714257,-0.03412572703732998,-0.027480014994883874,-0.004558950428832703,-0.01895371322817406,-0.06919159379823574,-0.04505454013004806,0.019174193791720785,-0.03326797559121988,-0.010397454663670095,-0.024602852561422174,0.020427494148143842,-0.0306954720081547,0.03941567545074898,-0.016082937273401085,-0.03610014171202838,0.05231187857568927,-0.009671929806941223,0.005956633919418839,0.026861051090401333,0.31096298127437927,-0.018730675272490584,-0.023570923065445108,-0.07317824252678824,-0.034122775716456596,0.04985444214241988,-0.057612673236820906,-0.02768959759926746,0.007722842034305893,0.01857481745715048,-0.011950823534384782,-0.021424405642187345,-0.016272331624653566,-0.0651518004029665,-0.016634170381044595,-0.03136715248790585,-0.039564791711183225,-0.06871518649073477,-0.0024737910451636848,-0.044462225621768006,-0.053959676920268235,-0.05860022987332987,-0.020136670288713902,-0.021096410031686205,-0.03511039986152042,-0.02512982410470723,-0.019784820123404386,-0.03304272082530171,-0.07348047894246512,-0.007639282147198516,-0.028150334656580275,0.06511493961195158,-0.06577528267847191,-0.02328438813224456,-0.011182080073486294,-0.009721179500282286,-0.004755521154582222
20,0.011691895681447156,-0.008237794955184797,-0.0017730826546024075,-0.006593806136867592,-0.015705257379832423,-0.007727848879984987,-0.015975412733493156,-0.01277563772036898,-0.0022239148566648437,-0.017968062259481582,-0.008769845590070054,-0.012040532627219235,-0.012563844444338848,-0.012376093892642532,0.0063337734167738385,-0.020631849723972105,-0.007940916642370465,-0.0018565689086266996,-0.006207121971761826,-0.02039309649420703,1.0,0.03777734411780094,-0.02466887250829841,-0.008609934236687385,-0.007483440988857483,0.002573249858708238,-0.00938677072209405,-0.005946333318447374,0.0006212049307511018,-0.026769139845451578,-0.005640220033979616,0.04661005004373842,0.000298769304224519,0.04790297596396115,0.041153882767856635,0.00465930902211022,-0.017907931037933037,-0.006197902653039361,-0.004562808784573973,-0.003925695052778756,-0.01564825016629972,-0.006676476872933885,-0.015189722093372809,-0.003667315030427349,-0.003283109807255883,-0.016445969431025154,-0.005067009535381196,-0.011535660006096087,-0.015526157289877525,-0.0349178213660987,0.00015960947096179865,-0.008520879662031319,-0.03472434412878275,-0.01514930608643446,-0.0030057438028589633,0.05622839903361798,-0.015852358945293774,-0.011663279504687015,-0.013296402167002772,0.02678201025847442,-0.00039354877141466486,-0.001121327426744498,-0.007470720186570197,-0.007191345770601895,0.02609392330396138,0.0013468975358360506,-0.02779380734162533,-0.004519806558309638,0.017460683572697346,0.006971113729735172,-0.025067508194091988,0.0011176535130862468,-0.0021852263029629613,0.006561341674109528,0.015590422552202408,-0.021778914987242215,-0.028579477055227877,0.0750681284869549,-0.005162128947348572,-0.0034635398464806524,-0.013535324056831574,-0.0292226045817007,-0.008447881448387358,0.0103193269479722,-0.006264993538490917,-0.012842706521461009
