,0,1,2,3,4,5,6,7,8,9,10,11,12,13,14,15,16,17,18,19,20,21,22,23,24,25,26,27,28,29,30,31,32,33,34,35,36,37,38,39,40,41,42,43,44,45,46,47,48,49,50,51,52,53,54,55,56,57,58,59,60,61,62,63,64,65,66,67,68,69,70,71,72,73,74,75,76,77,78,79,80,81,82,83,84,85,86
0,1.0,0.03801609386483523,-0.012472749950431999,0.0005300865858659117,-0.006566421736621739,-0.011424468919467752,0.010283918788043855,0.06449039999081284,-0.014624113763003464,0.0037072832157830087,-0.00732654635871032,0.02026235134752271,-0.02022984085255593,-0.015984702246379733,-0.0023340953327184565,-0.02007849064702845,-0.02125142232300684,-0.0058747905396856655,-0.005791622985311854,0.019352521800035525,-0.006030284993979445,0.024060460774167344,-0.012465216021631169,-0.005550480425946145,-0.00988549120237403,-0.01463859588540061,-0.005734759025878161,-0.006885214703338197,0.034622929915526006,-0.021564555766585888,-0.01730172231539312,-0.012105549606749567,-0.008490458830571533,-0.0037260887652559326,-0.02405699578159983,-0.013900421030452428,-0.010595431248980554,-0.01441341481418029,-0.004495245250029924,0.0071321515472688515,-0.014183402462104427,-0.012584844472111997,-0.0006334112508745455,-0.00706228851769648,-0.013075989537391221,-0.008625353045765935,-0.004543581912429256,-0.009342158567197905,0.005030508550232507,-0.020210552330006022,-0.006770490507331732,-0.009421605390359578,0.004457835117870219,-0.015181866678810621,-0.002690695513793681,0.09566922830962613,-0.0019217127488925945,0.029101470767242687,-0.008166158079386577,0.09233679478930287,-0.011923685048304215,-0.006626725325070682,0.01040224020049145,-0.007365182028630069,-0.0016398891371824289,-0.007508070132677907,-0.027492951228036612,-0.011510031313438177,-0.012193756643646565,0.008399609613702612,-0.025030723786914427,-0.011398580442726979,-0.00898720751628079,-0.01437131744832763,-0.006089988384779305,-0.01767318122288246,0.022912300969526858,-0.006556662210174603,0.0004074403640496882,-0.016315163005238845,-0.009152762748966961,-0.022778971922734106,-0.008672910346307197,-0.010439952843313206,-0.0014553712315615187,0.02852128151466999,-0.014042121193937836
1,0.03801609386483523,1.0,-0.01775369490209549,-0.013415887571633131,-0.011165582727274363,-0.01927993006084294,-0.027440209304853053,0.2494291024748188,-0.024756720890149183,0.08114283619128115,-0.013769754177644429,0.010208102176978439,-0.03205189076821478,-0.023572769160201183,-0.02382468192972522,-0.0023619593910430073,-0.026285841712536867,-0.01455164864057185,-0.018424002677561127,0.00670158214739864,-0.011781283590630479,-0.0021452972628728823,-0.044008805841494074,0.013552797066864337,-0.016128984054976803,-0.019398566600947444,0.07092287379975096,-0.011389802665917775,0.1394592959149228,-0.042000107861774084,-0.02259316086685139,-0.014104177975446972,-0.013740593252607323,-0.012540582593666449,-0.043722302273959304,-0.01879872438345946,-0.029865018395185607,-0.022043263929861716,-0.0068992917867774116,0.00031036203107848246,-0.008080564148939333,-0.019803104245620415,-0.014594296503526628,-0.011250315897376515,-0.02375849445997953,-0.011642758051776933,-0.007725391233728065,-0.01402311813831658,0.09924007843830315,-0.022547514201892372,-0.00899451156018053,-0.01605054070586996,-0.05474532015254795,-0.017817426727178533,0.034717827743562524,-0.017132944964214122,0.03053805683372835,0.09409760593005159,-0.0025644729875022995,0.07570103262058908,-0.009863999195742577,-0.02630003793467306,0.09370722933310224,-0.011210084867931179,-0.017215422662360993,-0.022587992915896506,-0.0466979211575613,-0.027302725102835983,-0.007575466778341184,0.05360478609409804,-0.025094278935235106,-0.017522677759427133,-0.013917446802672748,-0.021692914119453538,-0.01711482318784256,-0.03017953574120079,-0.04537653009304267,-0.04491601614347575,-0.0072207573030113326,-0.02480941964922173,-0.019518955311022428,-0.014085030743008127,-0.01452197847631473,0.00016211608090352966,-0.009144336435507938,0.006341574324086211,-0.031979012257119604
2,-0.012472749950431999,-0.01775369490209549,1.0,-0.010823422638450805,-0.006829529517273157,-0.01444138185000494,-0.016787314825201346,-0.021827461735089274,-0.018303175781374477,-0.02229524696531561,-0.009322886998102065,-0.028412046892271142,-0.024201281963969687,0.14610396646529827,0.0076541671696814615,-0.026549536320209767,-0.022836998829728103,-0.011397071104381287,-0.016297217218533395,0.0199898689743441,-0.01265655699777429,-0.009080214114126284,-0.02825274179571991,-0.010315312462214949,-0.013351390045298842,-0.016303139648225776,-0.01143745790330104,-0.008517010471504053,-0.020750037232135282,0.17031110966094687,-0.008706913155780127,-0.014176664904502367,-0.014447757011481785,-0.009402541646853311,-0.034791912402373976,-0.022265577887931827,0.04976466740075662,-0.016458976027771917,-0.00487627747311866,-0.012967015448691558,-0.011703932986503771,-0.015459431037131136,0.08440067588990505,-0.005247214147264731,-0.01807757634533564,-0.010122618601704686,-0.000834481767741254,0.7594868147956348,-0.016538969204139227,0.00867978915768851,-0.004790441608885584,-0.01164014169887443,0.019732112328084153,-0.01707676107576311,-0.01800582510490891,-0.032871423359433063,-0.026911363910173167,-0.029588698742216216,-0.018669266434609266,-0.010958961726130742,0.2099043613928403,0.0007626722188701788,-0.03475435437754529,-0.008281979164653954,-0.016196383032320738,-0.02052117374975504,-0.03163807758666727,-0.016878241799207605,-0.025359138145414788,-0.02886330667814553,-0.02825857518568747,-0.013933120110009328,-0.010471057327825481,-0.017391675015373517,-0.012761328340805301,0.04341819217649852,0.047396493196727514,-0.038951616038692,0.011772067034431836,-0.018295141487724008,-0.014271344411330532,-0.03526096017954019,-0.011409760143452463,0.10253638714202878,-0.006876692935849236,-0.017892522163943526,-0.024953764260232263
3,0.0005300865858659117,-0.013415887571633131,-0.010823422638450805,1.0,0.003301953825273692,-0.01103074417990691,0.07459030334011774,-0.013789840026558857,-0.013991897264590235,-0.01648689612405936,-0.006813167991998172,-0.014807755600051199,-0.018207185474892397,-0.0128096877197125,-0.018346212031693614,-0.020650658203540714,-0.017720823989703375,-0.007955717208654848,-0.0008470063856596817,-0.019243520776083982,-0.006494308967886598,-0.0038602582780019826,0.13265059754483954,-0.008823857201842894,0.004684837745995213,-0.012323750539002844,-0.008651193682421203,-0.0064893819728168494,-0.005578259424159999,0.0018139880724610585,-0.017440661684761508,-0.008563255848412232,0.0056168399893328095,-0.0070258019451792005,-0.0063768750304921875,-0.016841342183415618,-0.015376950673811226,-0.012388969000638267,-0.003923904635595906,-0.0030966723684501883,-0.011628897768539702,-0.010969772277024628,0.00874479713144326,-0.006420733856440988,-0.011734718462392678,-0.007817673618368229,-0.004224719654051101,-0.008188544468828303,-0.022983962011892137,-0.02057512338385338,-0.004329654300273033,0.011508731515758285,-0.01587008551911666,-0.013322331251739844,-0.01039795168195056,0.014361195241231261,-0.007329102461045937,-0.017530719465915858,-0.015040335781730318,0.04233589443622578,-0.012537585241005822,-0.0074532872634875515,-0.023709275869856113,-0.006294134675871414,-0.012017335415716045,-0.01333752700555352,0.005059967085307489,-0.013373980176786902,-0.01821475385967788,0.010083880692530345,-0.022153130974782304,-0.010234692056612909,-0.007998471501694795,-0.012787101618557051,0.00228842298654203,-0.004118770823148984,-0.011772659370517788,0.03126399732469621,0.004127374323629882,-0.014098246198045627,-0.009929200577654635,-0.026933638053056375,-0.008160016502559915,-0.01269324699364432,-0.005024640991453461,-0.013245386801538476,0.02069514076867455
4,-0.006566421736621739,-0.011165582727274363,-0.006829529517273157,0.003301953825273692,1.0,-0.008596062134405374,0.0069681909508225275,-0.013017026333950701,-0.010817183905352658,-0.013391421462051308,-0.004532243697787168,0.005222492281779535,-0.010564951666304364,-0.010395523037579905,-0.015007792245932666,-0.016801961456285493,-0.013526243908291886,-0.006848156618042218,0.002983366734884817,-0.01634962149727073,-0.0010399181258236028,-0.0031222543787991852,0.01699771365641512,-0.007136720300309761,0.011899783105132752,-0.009129306209708591,-0.006940167556335504,-0.005857150767945449,-0.008273436008750041,0.007444319226273458,-0.01433158955547947,-0.007671588698902226,0.01930331046386036,-0.005053835538635426,0.001243989537945871,-0.011036967650377913,-0.008541599435378433,-0.009607560219725246,-0.0030596582638612977,-0.007622651383876251,-0.00715461242874864,-0.0074396620726611875,-0.015191388680195095,-0.00491871785013346,-0.008702999563866921,-0.0035052401207013575,-0.0031963853451392977,-0.006325691028785325,-0.017544818967474028,-0.019263358244779125,0.0010436905567594152,-0.002137723386558844,0.028504179859319165,-0.01037651134823597,-0.010394986262591903,0.0019626268966584305,-0.021006432046911702,-0.017056794372992453,-0.013107400552577211,-0.0034372757420872897,-0.0029625869034707927,0.01646908938411508,-0.02094756469817411,-0.0049528448011793924,-0.00792341727646006,-0.012235826895173555,0.015247867560398653,-0.012943923472459522,-0.014405134257400535,-0.013771233344510766,-0.017411469491512347,-0.007852321305656381,-0.0053205483650867885,-0.006447513432143646,-0.002800970140149699,-0.008028958318914913,0.012072430118279139,0.08225755231837587,0.04404675026942534,-0.011073555958960486,-0.014195099086410638,-0.021604108859858476,-0.006793606123039038,-0.0016411489271651956,-0.004132522092447047,-0.011287504957052188,0.06944732202979347
5,-0.011424468919467752,-0.01927993006084294,-0.01444138185000494,-0.01103074417990691,-0.008596062134405374,1.0,-0.02055688670545439,-0.02228197652481117,-0.004082348570157834,-0.02258888269903625,-0.010454433752427779,-0.007616514750850302,-0.01750225064589176,-0.018773496730294992,-0.014925948912664386,-0.020140603169660837,-0.023524138516930908,0.3815878651964153,-0.02006676465716319,-0.028905206513484664,-0.0077484453766739625,-0.009807144251589253,-0.03463661685677252,-0.010066863195850673,-0.010863314354596315,-0.01149564186162166,-0.011283315703221128,-0.007728503359366534,-0.01826524730166883,-0.033218895787356144,0.08057254506311476,-0.0060356716719573815,-0.015800251051635992,0.025677153827199664,0.1037172396810799,-0.007946371454813883,-0.023826996854802603,0.057716675307826246,-0.005122481968291884,0.0007460860609557994,-0.018832614610487835,-0.014676632838297657,-0.05168724404571505,-0.00535747685902493,0.09460950262015855,0.019319063946049788,-0.005783972209090847,-0.010862090429283683,-0.029145308903338177,-0.044318317720643374,-0.009555953433809782,-0.011988889820370219,-0.03792332858245232,-0.017524989019961634,0.015323478324269092,-0.018538713824934324,-0.03820005008405111,-0.02861544482328194,-0.011823851576912745,-0.01090435148722085,-0.019864332492399626,0.004881956946684701,-0.03434951504593037,0.12486353020256319,-0.0063337267438208274,0.0029963335412124086,-0.03427921150875514,-0.01693164673771932,0.07739097167255124,-0.04703114686490866,-0.028065681281142514,0.16696225149713184,-0.004133807716995503,-0.010603440719352705,-0.012211710911493433,-0.026046224799243668,-0.03419982041167555,-0.032148118766712225,-0.006102222927964056,0.48541767990639123,-0.025488846401697716,-0.03125601337782202,-0.011708843451392482,-0.03135087251814416,-0.007493706196431052,-0.01980306813746597,-0.02368552842525816
6,0.010283918788043855,-0.027440209304853053,-0.016787314825201346,0.07459030334011774,0.0069681909508225275,-0.02055688670545439,1.0,-0.03018157846074703,-0.02661895415218346,-0.032414002949937834,0.016502375232658274,-0.035318770892987045,-0.01067412960757137,-0.02364900304648313,-0.007263112849788727,-0.039897131395930555,-0.034523616763841684,-0.016390237691527136,0.08312129772703733,-0.037230417030361604,-0.015977728940120645,-0.007098709480256038,0.43573128842099473,-0.017381696846113487,0.0005047238545600585,-0.02375367822821202,-0.016896253461861178,-0.015704917798245382,-0.020849710597277783,0.0238341479234113,-0.027689385718715473,-0.020070356527838687,-0.012001878926930665,-0.012201588814711298,-0.004854548072665089,-0.018818722179416054,-0.022993455523760885,-0.022884700378075593,-0.007491300099897469,-0.01903259203245006,-0.013830587345745323,0.001965356798313835,-0.02202915528033892,-0.012113646883290138,-0.02429932889666871,-0.013844018947764384,-0.005081202550080626,-0.007740626603760666,-0.044023263460959874,-0.013446585898862213,-0.010282422078326836,0.01313090400346633,0.07780296261931065,-0.025065700605863755,-0.02555486900438583,-0.020683328324444125,-0.046408262064475625,-0.04245965498705425,-0.031858964619074004,-0.013962048030944519,-0.013988161614123893,0.06867793877342321,-0.05087926891838963,-0.012118603251778057,-0.022074494163527567,-0.029690832505554828,0.08365631802018503,-0.02994280228099868,-0.035325015031375764,-0.04163978488731035,-0.03876929373148042,-0.01654522068041879,-0.014756541302487932,-0.02508855343805365,0.025051315367190553,-0.01700665678473108,0.021807303024250053,0.04121778564153143,9.97862749004399e-05,-0.026781068457819312,-0.0072913599228412035,-0.052468353655438824,-0.016914228823842237,-0.026839481300584785,0.013492047468832494,-0.025431193711632404,0.00675515514628835
7,0.06449039999081284,0.2494291024748188,-0.021827461735089274,-0.013789840026558857,-0.013017026333950701,-0.02228197652481117,-0.03018157846074703,1.0,-0.028787822980091193,0.03576455871492662,-0.013681489335670786,-0.021677765166871345,-0.03795592791842496,-0.026902897605278836,-0.032275935200299144,-0.002913600829685041,-0.028667466277945038,-0.017580044272552154,-0.015100743304790314,-0.014373484974391752,-0.01250157168049992,0.0102922904779203,-0.04726429184687334,0.008931618200556563,-0.019453236622390645,-0.02530471868400489,0.006598888215648789,-0.01123698619494785,0.04696948171725687,-0.047910168837121785,-0.027506439304883234,-0.018984712731614353,0.029625806597909598,-0.01459013281285922,-0.05270533183087864,-0.033508225802808114,-0.03543915528807076,-0.025079992643920194,-0.007975509946345712,0.011079214784584514,-0.019725795148647692,-0.023528192590947117,-0.005688466595550031,-0.013032177082149599,-0.028163649627019914,-0.009404854406464427,-0.008560692980748373,-0.015682501190837198,0.10977259687717071,-0.049613309930919336,-0.013881284122838254,-0.018113944763455517,-0.06183257766736175,-0.011696912090787074,0.029104356979033023,-0.029330813894030146,0.03215332578940071,0.06901144729855166,-0.023218981061986443,0.0654447484672445,-0.022889225764542304,-0.02988598935255097,0.09193334437419502,-0.012804509312059379,-0.023575514829982096,-0.03172733599971274,-0.05488207836641446,-0.03541855927069368,-0.021417046299429664,0.05380927556810172,-0.03597188231501586,-0.021486164766531517,-0.016176761930119438,-0.026268529217673784,-0.01966318342600759,-0.0322086053450744,-0.050000953339002785,-0.05661782576821532,-0.005000501719043197,-0.028454722673047612,-0.01915237605062428,0.1288536411706018,-0.017659471325549382,-0.0032389424867585604,-0.010102983926826226,0.03357545791252326,-0.03338960204858047
8,-0.014624113763003464,-0.024756720890149183,-0.018303175781374477,-0.013991897264590235,-0.010817183905352658,-0.004082348570157834,-0.02661895415218346,-0.028787822980091193,1.0,-0.02897570688249152,-0.013387567607664458,-0.033623629047843724,-0.025559902266500182,-0.02392048082143519,-0.0323328130416645,-0.02955940307571909,-0.03017654632873532,0.014677293201026585,-0.018849178805107118,-0.03701353226148099,-0.002663088237581295,-0.01084123380955358,-0.04435542110725314,-0.015396932529914416,-0.01692241988992047,-0.011068625915021472,-0.014904036251975384,0.0024143072692045103,-0.026050894450032114,-0.03988058041998366,0.03118456558029084,-0.017910131593178454,-0.020336829896234795,-0.01154788588657391,-0.028724105584240708,-0.006402682786852991,-0.022890509096891647,0.06106977302616959,-0.006410069833024444,-0.013744582786406629,-0.023860890132490813,-0.01835363762510516,-0.06310699175107377,0.18638237550616749,0.16386292006879422,-0.011797913320857917,-0.003254304061536751,-0.01382049938878465,-0.032849632220513646,-0.05115115437816053,-0.008929243432085539,-0.014960376200324681,-0.04927863806101213,-0.022305348849080572,-0.021267655987273797,-0.0405973618188952,-0.04774770006727859,-0.03814687186527149,-0.02570103409446837,-0.013799798996662477,-0.025036361348524487,-0.01800407943937715,-0.04552462182504355,0.0044971839324435044,-0.01906386264052151,0.010267233644914001,-0.04298832148032476,-0.01104363300496717,0.06955508825590087,-0.05277591820265565,-0.036839002420854146,0.07980427174956621,0.08152076071780345,-0.011434248498725659,-0.016251172353404616,-0.013729389502085644,-0.04163404432711268,-0.04666119717088163,-0.00775459292721969,0.09866137203425104,-0.0324699255820782,-0.04663206377763813,0.02110359587891202,-0.040086668887553974,-0.009551294409353655,-0.025308579672113612,-0.03068943650644816
9,0.0037072832157830087,0.08114283619128115,-0.02229524696531561,-0.01648689612405936,-0.013391421462051308,-0.02258888269903625,-0.032414002949937834,0.03576455871492662,-0.02897570688249152,1.0,-0.016262757104241757,-0.03854171704306024,-0.038283446532000075,-0.028980134106481637,-0.04527023304381329,-0.022897389049547964,0.041876120266932756,-0.017980014842166187,-0.030435246290498135,-0.04104633802598332,-0.017976943449182187,-0.00794457062940104,-0.05177525507291336,-0.015431422440008946,-0.021022300170162836,-0.025527334170064156,-0.01451728058645265,-0.01568538873937983,-0.0085344384457457,-0.051553032530514076,-0.03521656289049469,-0.021594480548165818,-0.024211571179512715,-0.014741847883435164,-0.053898419953481214,-0.035400684903050525,-0.036858256225807295,-0.02554386768071191,-0.00641526802252571,0.07855945021013012,-0.028842646475308126,-0.024311607976515052,-0.07684030314509663,-0.01309933580991068,-0.026948305751064022,-0.01379281694381917,-0.009101420370981845,-0.016808221369691144,-0.03671628792551648,-0.0744688575197807,-0.014553986704920417,-0.018584167468031286,-0.06651247802716484,0.048779730305923676,-0.02850462293836686,-0.04545576816118491,-0.05313265820455346,0.25446270101790347,-0.02803681940688897,-0.016538578119074318,-0.0302671606721829,-0.03036344721043453,0.7199483239744575,-0.012977311395013421,-0.01982621430374724,-0.027331277232754168,-0.054993187102152175,-0.03514136212511636,-0.03637741474847751,-0.06528785938254025,0.1252970408747412,-0.020998847735038715,-0.016400417455215366,-0.014061437765251792,-0.019933616717321065,-0.04376860538085148,-0.053996091250363594,-0.058218637024131895,-0.009351463095366944,-0.028899678010873425,-0.021363093755543575,0.05291135912479866,-0.01816146620559162,-0.04337364976318502,-0.011491333747840452,-0.020875098105995558,-0.03966497624601271
10,-0.00732654635871032,-0.013769754177644429,-0.009322886998102065,-0.006813167991998172,-0.004532243697787168,-0.010454433752427779,0.016502375232658274,-0.013681489335670786,-0.013387567607664458,-0.016262757104241757,1.0,-0.019891895068655522,-0.017312450201571166,-0.004741428631579924,0.13644368884523406,-0.0191122935378924,-0.017321730349535824,-0.008329624145505324,0.012553564661602564,-0.0015256164693194778,-0.008724676308124998,-0.0030859201521416715,0.025548357314843298,-0.004753517008593996,0.07087737636975165,-0.011865148744135436,-0.008383225222401104,-0.007965908026171935,-0.015033798525488386,0.03511874047784034,-0.014001267888123402,-0.010004115297774356,-0.005931087296068945,-0.00683498451158602,-0.014308032851763795,-0.017609505193419264,-0.016940219779243263,-0.011969418457233816,-0.0037217695153858297,-0.009459372980448385,0.012289596462691085,-0.011033329165866601,0.007698599761658312,-0.006016797235412235,-0.013033923735513889,-0.007413508072570425,-0.003662838540589843,-0.007400534183394959,0.004124266794243305,0.08745193031686017,-0.0068631536754868265,-0.007738562098831262,-0.027992677854155698,-0.012071044293306842,-0.013090203731459332,-0.023960829687399838,-0.01609399091869047,-0.021230053701750275,-0.01533526841992382,-0.007803223431435727,-0.010834932848921617,-0.009623541224386332,-0.02555944005231948,-0.005992410810372611,-0.011925857875373654,-0.01501507459501714,-0.0043341699956783285,-0.01015060599475006,-0.018408922696543206,-0.02488601048886757,-0.02086169002171383,-0.01010167498536225,-0.00760614016214772,-0.012660247156385581,-0.008662353312525265,-0.01412934365540219,0.051477314560943344,-0.013490386353397426,-0.0029418388787989295,-0.013444350893162954,0.021826180046508128,-0.025461363027482958,-0.008450156622747989,0.007129595829678304,0.02867237800006151,-0.0064436591013172125,0.04695511071745725
11,0.02026235134752271,0.010208102176978439,-0.028412046892271142,-0.014807755600051199,0.005222492281779535,-0.007616514750850302,-0.035318770892987045,-0.021677765166871345,-0.033623629047843724,-0.03854171704306024,-0.019891895068655522,1.0,-0.0173204566226146,-0.03255396136187477,0.09492050596197901,-0.0451453471629594,-0.042076269576542175,-0.0021374718253086523,-0.0068140183574092366,0.030507380881066453,0.011765509206927694,-0.00037584271533337406,-0.055639775625813,-0.015754524624171838,-0.01908987019504939,0.0031935430672595973,-0.017893607234453865,-0.013916736823147046,0.10910521585268358,-0.04822842183378242,-0.01732239964026053,0.026084680401963257,-0.005488897754268208,-0.012173888641773354,0.018786028722825233,0.06076902906478056,-0.015178288881617489,-0.007902232746779004,-0.010173203325628093,-0.013438657780847234,0.02318513193166679,-0.0001444023841060335,0.05320679223519592,-0.015867312314047595,-0.015454771982019467,0.005031477662014878,-0.009015237236862452,-0.021185663746021148,-0.01684199389350334,-0.026474014791881335,-0.002663858260756635,-0.022704903651227362,-0.056769428718952214,-0.034367151166346505,-0.01001216668646393,0.18979230457353796,0.008215736043352122,-0.042954761740435124,-0.02310181717360038,-0.009625390449387768,-0.009456066133223329,-0.025707529807362104,-0.05675738620325901,-0.01608478092438324,0.012438208968848896,-0.013799309431179404,-0.040791116511641044,0.010565427504089914,0.004998742293032852,0.030130670623674107,-0.056949189019060834,-0.021062982152204302,-0.011398468159837916,0.014810983919336086,0.01829592464885364,-0.04497250122420357,-0.052281707477683514,0.08630186049535711,-0.009933673974547202,-0.02323975932993924,0.04986025323626913,-0.06998992197023479,-0.018509636810889636,0.03471035323842106,-0.012920680878019704,-0.011175811766700428,-0.010109152841832694
12,-0.02022984085255593,-0.03205189076821478,-0.024201281963969687,-0.018207185474892397,-0.010564951666304364,-0.01750225064589176,-0.01067412960757137,-0.03795592791842496,-0.025559902266500182,-0.038283446532000075,-0.017312450201571166,-0.0173204566226146,1.0,-0.031771332840344974,0.07471126257811729,-0.04801198517572912,-0.03992197016147721,-0.004647448215226704,-0.003617428337409437,-0.04881242673892516,-0.01241804072918994,-0.015289460581905025,-0.036995839522692725,-0.02036809102996543,-0.004142993285194415,-0.01483471974096693,-0.01980177551611028,-0.017587788798899308,-0.033273642930082586,-0.039968874057730475,-0.021710389641551836,-0.011498038516042534,-0.02395972272100503,-0.015165277902355249,0.3488970677293173,0.021541950253348416,0.020055739132982812,-0.011743647892185304,-0.008529012475433405,-0.02189298733858338,-0.03138103913610149,0.08987832003016372,-0.053945433843991225,-0.012801944078494535,-0.019718896020538723,-0.016790645168224202,-0.004662721607741227,-0.017818357729473443,-0.04467640861481394,-0.051509898802934814,0.06594938377634121,-0.007167344090033947,0.07929846442634164,-0.02960583124473714,0.06522142389751824,-0.04299683383076869,-0.06217257637979168,-0.050158264671271456,-0.037172523570577466,-0.013649745097278704,-0.03211072589268399,0.00231049722616835,-0.060352324443007616,-0.013573688141380744,-0.027567416652810237,-0.03273630989950717,0.09098293716932385,-0.02141721646816619,-0.02781893903446647,-0.012559886744370143,-0.04951031683398037,-0.019035130698355482,0.009159341343140549,-0.028240319656511786,-0.010625408960157947,-0.023374650563356088,-0.020795435303573542,-0.0353115756025667,-0.009680403845516616,-0.027155051260223897,-0.03502854978923876,-0.061681989558747395,-0.018887620971316584,-0.026776252301023394,-0.012499558030903968,-0.03353238357811113,0.05684600126759108
13,-0.015984702246379733,-0.023572769160201183,0.14610396646529827,-0.0128096877197125,-0.010395523037579905,-0.018773496730294992,-0.02364900304648313,-0.026902897605278836,-0.02392048082143519,-0.028980134106481637,-0.004741428631579924,-0.03255396136187477,-0.031771332840344974,1.0,-0.009784054908858263,-0.028625520432745594,-0.028888190285619224,-0.014950830271807793,-0.023157868141443737,0.039852277346902124,-0.015418403211900675,-0.008952303591518284,-0.03533667230427627,-0.013818080801014494,-0.01625413199587509,-0.02128025011314682,-0.014298485085805775,-0.013853273185700359,-0.026225845225473512,0.17707218973840244,-0.027776796188169587,-0.017959514402666632,-0.020552260796343334,-0.012239540803645024,-0.04511904845993955,-0.030543522458284768,-0.0013079032165947393,-0.021515886419837277,-0.006679760250354052,-0.016972267074856794,0.026831010754458113,-0.02015650521664964,0.11253968725619029,-0.009906662282217784,-0.02302386823047027,-0.01320650769243726,-0.0024033778456960062,0.05645691387441725,-0.03395170839275556,0.12097234848031051,-0.011569936399193476,-0.013824518484583607,0.007838806840396345,-0.022436707615043006,-0.01998240749804399,-0.042519595795816476,-0.015573966827588924,-0.03689787772341372,-0.026013288827421915,-0.01426938623077533,0.15690785267082022,-0.007756451606203453,-0.04519531031704756,-0.010810430942764742,-0.02017693032190631,-0.026839046768725443,-0.026456387723498717,-0.017774972892402815,-0.03300085509894278,-0.05528886999113319,-0.03755724289202345,-0.018217630463439834,-0.013653187423706619,-0.022724113040998747,-0.016437766666702013,0.0362321774466219,0.12380324651070901,-0.0515631252506023,-0.00022282881758166513,-0.024006325778456968,-0.004287885591350401,-0.04529550232440993,-0.015373453212194368,0.03051689399800592,-0.00865883961086613,-0.01946269899238229,-0.029622276542252343
14,-0.0023340953327184565,-0.02382468192972522,0.0076541671696814615,-0.018346212031693614,-0.015007792245932666,-0.014925948912664386,-0.007263112849788727,-0.032275935200299144,-0.0323328130416645,-0.04527023304381329,0.13644368884523406,0.09492050596197901,0.07471126257811729,-0.009784054908858263,1.0,-0.03772420930498609,-0.046086084870277974,-0.008960358757766877,-0.002753945142247478,0.09158588397486607,0.006284643781294839,-0.0035093315986399983,-0.03373129337456722,-0.018585339789830062,0.025180300991395167,-0.0332305082145105,-0.022328252801877415,-0.012498029632470672,-0.025044672828527646,-0.0038913567045751737,-0.019280614751779047,-0.02783422394212938,-0.008594200691012221,-0.019344631703648463,0.019988641630694137,-0.029609804917685868,0.03290971068236287,-0.012437135722262575,-0.010286076387415043,-0.01569739375268406,0.06083330401228761,-0.013366720995831933,0.0459152164210012,-0.00367473708184557,-0.03139283784155222,-0.019959684652396274,-0.006734658528149067,-0.010706055600088322,-0.004522440557042428,0.13670404676101133,-0.010542044052932213,-0.01949307110516891,-0.028322250270785422,-0.029543021885363986,0.05172024736487926,-0.05451666659662481,-0.0010051054527965841,-0.048963454382326306,-0.017035554032612275,-0.01860210266173909,-0.00218547604147464,-0.02557554090686441,-0.07061102661163551,-0.017134643579696796,-0.032164934460736,-0.01851388487750984,-0.02996770570018352,-0.006304359644198656,-0.028080315372976394,-0.0075187843435605105,-0.05851629542446497,-0.02066010663368425,0.0006628594611847083,-0.03534588586711359,-0.02320497402625246,-0.010059246713612698,-0.014082126599066307,-0.03824234478448597,-0.0038382204900816765,-0.03493341056122741,0.0486191562987183,-0.06821580122203993,-0.02217187119499918,0.002121946876892827,-0.001973432664617622,-0.009954567624680798,0.06112787633488268
15,-0.02007849064702845,-0.0023619593910430073,-0.026549536320209767,-0.020650658203540714,-0.016801961456285493,-0.020140603169660837,-0.039897131395930555,-0.002913600829685041,-0.02955940307571909,-0.022897389049547964,-0.0191122935378924,-0.0451453471629594,-0.04801198517572912,-0.028625520432745594,-0.03772420930498609,1.0,0.04059474210051394,-0.01432100841621704,-0.032404597619888245,0.03374736018133049,-0.020744598440940634,-0.01270833063357208,-0.06790320598515774,0.018275145302070694,-0.02629814559136557,-0.03222079909191988,0.2674564090776247,-0.005279685681535712,-0.037601526518230496,-0.06339095353920132,0.0012853384424706357,-0.025351697254248573,-0.0288341120765543,-0.018526241987602585,-0.06842247991718878,-0.02102578465683041,-0.04074862256631155,-0.03230970446152992,-0.009625398811783098,0.002695075957268076,-0.020096036380001694,-0.0305993985595493,-0.08452972375765622,-0.016270982945784523,-0.034794601873711244,-0.00392447497221036,-0.011321774622028647,-0.020124447805440274,0.13091238542437855,-0.022021528754720195,-0.018655225270042,-0.023334118364992884,-0.08117756553955191,-0.027572858966590653,-0.025295952188792298,-0.06278750731407226,0.013931779188955487,0.11145349367963633,0.1999955566595122,-0.021298853905880773,-0.020358535705591,-0.038289506938749676,-0.021110722206683856,-0.016127905428853305,-0.02990318032586327,0.0018215375950048776,-0.06955066842173402,-0.017963253494065252,-0.03740225645433683,-0.07085205738409572,-0.04705334427476986,-0.00499716955052779,-0.020515678757456492,-0.03060125607683433,-0.02517069397217915,-0.005205028902411113,-0.06644908331025354,-0.0715876199701507,-0.011708376894848922,-0.035639145216834645,-0.036958575842689696,0.05664523077395704,0.006173436268466386,-0.04644274651078467,-0.013773634239703174,-0.025665189490363394,-0.04944634326155634
16,-0.02125142232300684,-0.026285841712536867,-0.022836998829728103,-0.017720823989703375,-0.013526243908291886,-0.023524138516930908,-0.034523616763841684,-0.028667466277945038,-0.03017654632873532,0.041876120266932756,-0.017321730349535824,-0.042076269576542175,-0.03992197016147721,-0.028888190285619224,-0.046086084870277974,0.04059474210051394,1.0,-0.018086327148289807,-0.031986491809189894,-0.04317281128911066,-0.01952043253148939,-0.015837563944122852,-0.05631954620049441,-0.014820692869419193,-0.02226114543812821,-0.027915114738487845,-0.006892002854265021,-0.008925566754037412,-0.03001250784633263,-0.05207939088146997,-0.023692766979415462,-0.022998230997793523,-0.02418932807539117,-0.01439703372238922,-0.05859080093542396,-0.038510446192204145,-0.02458577405123274,-0.027675280513887304,0.00017870570812672949,-0.022231319084848364,-0.03163884457179211,-0.02664024129944735,-0.0822963496313042,-0.01422013918320391,-0.028869501210604012,-0.0072537397367289005,-0.008654323513899487,-0.017978602518281126,-0.04461128324397556,-0.055268487459513155,-0.013439122845942987,-0.018583355946982176,-0.06757948991722058,-0.0023430724042719474,-0.02730582390641271,-0.049930159666828934,-0.054853834092975846,0.019387269797518904,-0.002868887241585962,-0.017737545342452147,-0.030533903255909642,-0.031828696113499796,0.05871690674885185,-0.012561965401318452,-0.025054540624744895,-0.028665998535390765,-0.057802921592890036,-0.020101582756259957,-0.0382285534148059,-0.07014840131552741,0.144907553401651,-0.021041794579580726,-0.01704545185474759,-0.026951113099529852,-0.020179336169463317,-0.036443556761233536,-0.05514002717778029,-0.0496492160940228,-0.009665149945255634,-0.03027342134448011,-0.043125779548941756,0.1163329291000418,-0.010341582901435279,-0.049357873329280766,-0.01262530855826193,-0.03246686129314543,-0.03934723679248227
17,-0.0058747905396856655,-0.01455164864057185,-0.011397071104381287,-0.007955717208654848,-0.006848156618042218,0.3815878651964153,-0.016390237691527136,-0.017580044272552154,0.014677293201026585,-0.017980014842166187,-0.008329624145505324,-0.0021374718253086523,-0.004647448215226704,-0.014950830271807793,-0.008960358757766877,-0.01432100841621704,-0.018086327148289807,1.0,0.0011528125536449888,-0.022408025283096253,-0.0018477952622430664,-0.004537762225973118,-0.026716466100085427,-0.008407788535883441,-0.009197227911341005,-0.010260416345375365,-0.008963451931198612,0.0018741062022980333,-0.014892168734350616,-0.022342262721777383,0.07071499973185685,-0.008004841220561588,-0.011522556910886828,-0.005405791969254036,0.04277776493780527,2.9118906755145647e-05,-0.004072208113488897,-0.0020518991891919076,-0.002410058514372541,-0.005042970337784155,-0.014786989029510568,-0.010919449619099767,-0.031189872096658168,0.004360055234312616,0.08420995165937978,0.0021041182769851907,-0.003802598103722637,-0.008584785764333363,-0.00941418451188896,-0.009822298488970947,-0.005605845430060366,-0.009162612690410209,-0.019378529907073914,-0.013934197384209635,-0.003227795552217744,-0.022391662112097685,-0.023406597674025198,-0.021827208304258314,-0.012665423751094054,-0.0083294045183489,-0.01538455300554131,-0.005612197524490931,-0.02672397501818051,-0.00339267553922495,-0.008257335366452628,0.0723523537620187,-0.018864587731492393,-0.00944367847931709,0.11839811989625589,-0.020595674846027374,-0.022774910507289227,0.007739960222309439,-0.0052197730860268085,-0.00820393339149307,-0.009597111170403762,-0.008172541433456757,-0.021660370721976355,-0.02266429366567272,-0.004739645477655833,0.08557609682264081,-0.020068727211525687,-0.026316091893961974,0.0016500545188344496,-0.018645992145045642,-0.00584917371872505,-0.015444508358656241,-0.015875616861372052
18,-0.005791622985311854,-0.018424002677561127,-0.016297217218533395,-0.0008470063856596817,0.002983366734884817,-0.02006676465716319,0.08312129772703733,-0.015100743304790314,-0.018849178805107118,-0.030435246290498135,0.012553564661602564,-0.0068140183574092366,-0.003617428337409437,-0.023157868141443737,-0.002753945142247478,-0.032404597619888245,-0.031986491809189894,0.0011528125536449888,1.0,-0.03325658258203138,-0.00764302274819584,0.0008148838943846616,0.03194320413674025,-0.006820384510952914,0.007850709772793504,-0.012624126214627948,-0.01672454103201077,-0.010734126970751798,-0.022886435609863615,0.1068677042450445,0.0003386238141664024,-0.009534974135207,0.022872983910868186,-0.01210602152124025,-0.01468886697196211,-0.008090994890916126,-0.018190575322274777,-0.01506924761067755,-0.007323130433896451,-0.014220075218225214,-0.015674111630145458,-0.012013856688365535,0.1155095675406144,-0.009193382752928822,-0.02354265688600758,-0.013526129353346123,-0.005059656603711844,-0.014267112502048804,-0.0029078619723645893,0.014639873143715617,-0.011632208424295574,0.0022769767993789667,-0.0016173063869994418,-0.02554499515868124,-0.007345040232017115,-0.0008892931751175465,-0.019827854562006406,-0.03183844484250706,-0.02441272016420043,0.018696413306984957,-0.007840496812386407,-0.003478084248070833,-0.04814305498930532,-0.011605935357014908,-0.015553012123492044,0.014365967778453255,-0.00040185219189015856,-0.020180301958533077,0.005636324924243981,0.01807758229182381,-0.04312353914739825,-0.006790496399384883,-0.01275659587278602,-0.007087956066064992,-0.012306800265947989,0.018490743279752104,0.001388462780101722,-0.01138302623818178,-0.0010875880081360986,-0.018775277284704912,0.052965611518654726,-0.0492550406038722,-0.013228370094371354,0.03319804707356331,0.10992879269318231,-0.012232780312159248,0.10772110454030753
19,0.019352521800035525,0.00670158214739864,0.0199898689743441,-0.019243520776083982,-0.01634962149727073,-0.028905206513484664,-0.037230417030361604,-0.014373484974391752,-0.03701353226148099,-0.04104633802598332,-0.0015256164693194778,0.030507380881066453,-0.04881242673892516,0.039852277346902124,0.09158588397486607,0.03374736018133049,-0.04317281128911066,-0.022408025283096253,-0.03325658258203138,1.0,-0.0209521612422107,0.005687714246777735,-0.060216529452612966,-0.0003139761864653333,-0.026566986321619288,-0.03293925110411512,-0.013417012480945244,-0.014621742146723488,-0.025668733283296316,0.03049900746476095,-0.034111590124253945,-0.02752589824297446,-0.004597963599162189,-0.018960073867701308,-0.06917457032823494,-0.045215923062601235,0.011325561097390833,-0.03326358208916203,-0.010237285678277143,-0.02462531244754501,0.020268603969933716,-0.030715702527505287,-0.04931266524563453,-0.01604416000383794,-0.036106337397414194,-0.020019350174038032,-0.009606936548849417,-0.007737007789033501,0.026449560557216874,0.303871512514201,-0.018800555977923454,-0.023566651577894497,-0.07316929331122014,-0.03410967273429272,0.04945478177883035,-0.05762531642167695,0.06762596839934142,-0.027498169665766337,0.01854212442262696,-0.011970988036802018,0.05193990376859682,-0.03788270166581893,-0.06506704820394912,-0.016628362082608664,-0.03169242074310032,-0.03968989816564153,-0.06871052523848964,-0.002825449375468159,-0.04452714811488366,-0.046245914798969445,-0.057928140816321444,-0.028121536725519487,-0.021094555360023838,-0.03515596601581013,-0.025139938743097088,-0.018389308923403222,-0.03302348200271024,-0.07407680440814836,-0.007545188629064027,-0.03698961679704251,0.07104606991715462,-0.06531587011179846,-0.023332569516728477,-0.011518141610210031,-0.008427885786719852,-0.006559259751864955,-0.04478049029427464
20,-0.006030284993979445,-0.011781283590630479,-0.01265655699777429,-0.006494308967886598,-0.0010399181258236028,-0.0077484453766739625,-0.015977728940120645,-0.01250157168049992,-0.002663088237581295,-0.017976943449182187,-0.008724676308124998,0.011765509206927694,-0.01241804072918994,-0.015418403211900675,0.006284643781294839,-0.020744598440940634,-0.01952043253148939,-0.0018477952622430664,-0.00764302274819584,-0.0209521612422107,1.0,0.03767975903977961,-0.024009938119793996,-0.008615122745869556,-0.007026093054465569,0.002811658453514913,-0.009440288714789042,-0.005841546386810332,0.0011787683047388632,-0.02673310918265587,-0.005614778746561714,0.04696867467292031,0.0010929473167338112,0.04791974202302708,0.04138339074781085,0.004427273479772618,-0.016784214797909397,-0.006360709943304116,-0.004475287517239239,-0.004076221238578946,-0.01579620248904018,-0.006599275989792815,-0.011497042574057913,-0.0038547437230092374,-0.003506715679131692,0.0011385470839759984,-0.005029796012514277,-0.009280380784962829,-0.015912235211163694,-0.03445623436297843,0.00035205641570190346,-0.008447295518226532,-0.03489483433197198,-0.01515836910122968,-0.002979971626131117,0.05603481736924483,0.009474705818208784,-0.015337562714011524,-0.013374802208357758,0.027034070712281064,-0.01638766179693292,-0.012774938456040445,-0.007485320562784623,-0.007199267024456208,0.025575851272555253,0.0010042953391667714,-0.02760606151552456,-0.004875692317641912,0.017328435430362887,0.007505523662132282,-0.024784486413288603,-0.003497207252876764,-0.002120283027633391,0.006367123470471684,0.015662805692662398,-0.02073196646130743,-0.028495373076544744,0.07638021308110031,-0.005139133504230174,-0.008463391667603397,-0.013707219867990679,-0.02892526076012874,-0.008330824779231746,0.010402174853025132,-0.006477331923708396,-0.013127738844003537,-0.01515717937056471
