,0,1,2,3,4,5,6,7
0,1.0,-0.10578265874025586,0.00394548312641705,-0.06696705163574937,-0.1137305016308672,-0.058212749626463466,-0.039728002338458614,0.031034674492023812
1,-0.10578265874025586,1.0,-0.0576329384538706,-0.1411173480968643,-0.2520657957655943,-0.10161876297779529,-0.06977134162728763,-0.09368386554067477
2,0.00394548312641705,-0.0576329384538706,1.0,-0.028484311217822696,-0.009752718950738525,-0.027817172679763295,-0.019087814323606636,0.10829938291002889
3,-0.06696705163574937,-0.1411173480968643,-0.028484311217822696,1.0,0.09091973285851968,-0.06697937698487091,-0.04448596050541344,-0.03719474650710419
4,-0.1137305016308672,-0.2520657957655943,-0.009752718950738525,0.09091973285851968,1.0,-0.09681517329289935,-0.0691069609821054,0.0036038691497719956
5,-0.058212749626463466,-0.10161876297779529,-0.027817172679763295,-0.06697937698487091,-0.09681517329289935,1.0,-0.008318425060898372,-0.04598122675222105
6,-0.039728002338458614,-0.06977134162728763,-0.019087814323606636,-0.04448596050541344,-0.0691069609821054,-0.008318425060898372,1.0,-0.03113657091647984
7,0.031034674492023812,-0.09368386554067477,0.10829938291002889,-0.03719474650710419,0.0036038691497719956,-0.04598122675222105,-0.03113657091647984,1.0
