,0,1,2,3,4,5,6,7,8,9,10,11,12,13,14,15,16,17,18,19,20,21,22,23,24,25,26,27,28,29,30,31,32,33,34,35,36,37,38,39,40,41,42,43,44,45,46,47,48,49,50,51,52,53,54,55,56,57,58,59,60,61,62,63,64,65,66,67,68,69,70,71,72,73,74,75,76,77,78,79,80,81,82,83,84,85,86,87,88,89
0,1.0,0.041753974368243144,-0.011837344750261262,0.010029082143305876,-0.006615244772677603,-0.010923217122120993,-0.014012829415391805,0.0664948159124081,-0.01409056011479971,0.006248615470112081,-0.008459003412336408,0.018780532774932603,-0.019547687651645364,-0.016637561436007607,-0.005209328586857113,-0.019604059914674905,-0.02040832841190853,-0.005892450877611845,-0.005827446016317805,0.019865462509479043,0.01807716338107309,0.006489233923358649,0.005467812959314398,-0.005581745872526174,-0.009802613394214281,-0.0140965767408589,-0.00561864475525954,-0.006663406164530478,0.03698008741154603,-0.023535481725412557,-0.01688181056512885,-0.011713948673984152,-0.009415897319285715,-0.0030902487011787074,-0.023832448801883847,-0.012278361861266051,-0.01161176764382214,-0.013852503677565294,-0.004343081075852724,0.008474433878669575,-0.014159997435040091,-0.011954937565987275,-0.015399992704248161,-0.0066860401569427364,-0.012563881399021771,-0.00825332758949899,-0.004265013847670421,-0.010965278970371063,0.005619761777842633,-0.02437438856511933,-0.006286191920584986,-0.008849614982418983,-0.022611049629007618,-0.014654136720146083,-0.0037110578562571006,0.09674228371121461,-0.003559373530402697,0.034932678239441295,-0.008634512837822692,0.09328021911893696,-0.0012835021492073242,-0.01207593084180769,0.01376816519327109,-0.007086954048808749,-0.0012216456415027601,-0.007768445031991672,-0.027455232468657675,-0.0070043949507407905,-0.01179423857428899,0.009544178125222118,-0.024081152378649256,-0.010989941007863515,-0.00863267319892402,-0.013843522301873414,-0.0061231137100878925,-0.017616036914166702,0.02306914595539296,-0.005950514900976391,-0.0006728141361507071,-0.0156765939395124,-0.010418627495712436,-0.021900846879253907,-0.008507835359779493,-0.011760747191354483,-0.005688877907720191,0.02828769823182752,-0.016062779853687485,0.0004124728385604083,-0.011427722836710359,-0.013239325377734052
1,0.041753974368243144,1.0,-0.008713571075201472,-0.01896361524526842,-0.011163085097844003,-0.019270253411644254,-0.04386297571742448,0.24798264403583875,-0.024693813550141813,0.0810640562267224,-0.013676201212199587,0.00980709532515017,-0.03196092353312931,-0.04674920463957447,-0.02377945805486029,-0.002380922120075544,-0.02600370461750058,-0.014470231792736304,-0.009828993690909343,0.0067399764436206315,-0.004677554415123859,-0.05429121193070939,-0.02615105972835078,0.01356598947222891,-0.015747345317185454,-0.019407062704824108,0.0709550402673364,-0.011357825279523283,0.1396971790792056,-0.04160591166554157,-0.022592806972365605,-0.014207814334203709,-0.013763195290952945,-0.012560967950848313,-0.04370352349114254,-0.009230515955359056,-0.028633073138841225,-0.02204045721057659,-0.0068880790323083,0.00031314089209040843,-0.008050415753782068,-0.019584468244724984,-0.023563186841050805,-0.011189410240728791,-0.023750754307660396,-0.01163836323617103,-0.007271027377406284,-0.016763569013277628,0.09927228502970714,-0.0224612016279221,-0.008867470733917046,-0.01598541327509272,-0.034091524314790254,-0.017785454873931156,0.03476558659602249,-0.017248094903595086,0.030502061092715478,0.09347921223510236,-0.0025117891637160394,0.07576703944384766,-0.02303230812905108,-0.02495565514788109,0.09403222972470549,-0.011207581344939006,-0.01723797253454011,-0.022467201155638557,-0.04660459393442881,-0.018226192882311254,-0.007490712628030805,0.05364933951922428,-0.02507522120734063,-0.017506800086402968,-0.013908016207172084,-0.021692352105453786,-0.017094563528833755,-0.027304046131383486,-0.04506963375113477,-0.044549204158404423,-0.006837328947869188,-0.02480804660528335,-0.019542546167959328,-0.014063639079628786,-0.014458997610124005,3.8219194617463185e-05,-0.008749288414925787,0.006326502860220145,-0.03134535525550307,-0.013393891135940948,-0.02728714915279508,-0.01852758842043043
2,-0.011837344750261262,-0.008713571075201472,1.0,0.008430225075194751,-0.005335705841203242,-0.019795793575415454,0.0035368361156489416,-0.0007090878320878072,-0.024484560094865403,-0.03151730449034272,-0.011016807057283213,-0.005461186731604202,-0.02117583856632503,0.14109860770425622,0.0007321568532603776,-0.016399287665753045,-0.029164233491785683,-0.013365602336346254,-0.016193803118139893,0.12240412343234054,-0.007771050782488571,0.04384657998045348,-0.007830832960914302,-0.010315215458588213,-1.777951310683772e-05,-0.010736943123801392,-0.008816354581433209,-0.013046928654864794,-0.021761679108994063,0.14117118635754744,0.0045257562280620845,-0.0041758831234555375,-0.02051503764589554,-0.011329683124925525,-0.03671965664603452,0.21203855727688342,0.03879860156453442,-0.02122782368489544,-0.006883069814249257,-0.018247793022526316,0.03007502339753354,-0.020672037763799042,0.12588262032057385,-0.011397100291966507,-0.024841042958073073,-0.012812591696836718,0.0036499070722089974,0.1884001717225215,-0.020968956442422488,0.10443862442961231,0.005907863181375785,-0.006436133488631068,0.015497795239683523,-0.02448099575703359,-0.008315144217915606,-0.01290909392667213,-0.023844545207069016,-0.03354136738141321,-0.014536213522662808,-0.01575257290955303,0.05515590649131415,0.0020703082561089083,-0.04361853284544727,-0.01209386844672575,-0.020438732934700724,-0.02787731188378832,0.03854381774997542,-0.0110104749344298,-0.011718910974525886,-0.03162227704357066,-0.041537070250864956,-0.019175186560878243,-0.013541253279362047,-0.01767858952604575,-0.0037332144928352374,0.12843698355746422,0.034883890201531154,-0.03947459790885239,-0.001154993087541562,-0.025941812249255132,0.00025522052543738155,-0.044875676786403786,-0.014934617767847085,-0.02361032931084705,-0.009693572923248484,-0.020306810962973515,-0.01614442236967404,-0.010663092755158496,-0.016061857647485786,-0.007339741498585054
3,0.010029082143305876,-0.01896361524526842,0.008430225075194751,1.0,-0.0020165405091297564,-0.015912073935947235,0.05797491945103789,-0.015338762164431767,-0.02012599945848854,-0.02439357055188503,0.03297419615599583,-0.0037599399982315845,-0.022092372388014692,0.003090678058902782,0.04045818036506522,-0.028850623927070017,-0.025871639778710577,-0.011537664264395606,0.06553964364043625,-0.019244202862729036,-0.00417246569911176,-0.012091261440943434,0.10232364137205881,-0.01143923899025662,0.0018558112534391913,-0.018077199982883922,-0.011775489165393078,-0.01156443675256007,-0.001447353706167145,0.052257611981641236,-0.024684321639883395,-0.014910515052525518,0.02202296146067917,-0.009958379560848567,-0.015149576362375551,0.014822791023367365,-0.0215928315868053,-0.01809877469366523,-0.005660515427842006,-0.01409798489907741,0.0015506259339328702,-0.01303558783363056,-0.014989573714251924,-0.009183491763313113,-0.01838951448029494,-0.011101504288654215,-0.00560684750071699,-0.012068386797017928,-0.012105214822487921,0.08162264157866266,-0.009418834114311301,-0.009880640999577332,-0.015378043466323297,-0.018447925020399034,-0.014742118922567996,-0.030243827364570795,0.017499741887102974,-0.030275310842713826,-0.02150187327917675,-0.009132295023054737,-0.011464124949467115,0.0446381183514705,-0.037184798055737996,-0.009209731590403291,-0.01592946476680135,-0.020345265740059945,0.004023866212569465,0.045316631793564,-0.026987961501280636,-0.0091296087743087,-0.03195688542345795,-0.013911555183244502,-0.011516145112788742,-0.018842149068245617,-0.010304589489173205,-0.008747101366300521,0.0019375674383539545,-0.0004935264989533329,0.0023829134206259208,-0.020522723297283517,0.03060471966159943,-0.037605062601447053,-0.012482761295994547,0.037077378431940464,0.0893152094506489,-0.0024965433170245225,0.04118737497609632,-0.0002212392439058502,-0.017807903790823303,-0.02119589153192726
4,-0.006615244772677603,-0.011163085097844003,-0.005335705841203242,-0.0020165405091297564,1.0,-0.008590996940095897,0.016675909025930993,-0.01298183344896363,-0.01074819463685001,-0.013356746783340409,-0.004473007240858281,0.003551160614119679,-0.010573569070460854,-0.011604645334005795,-0.014915838990915593,-0.016780693952618053,-0.013677048779793562,-0.006755617394499279,-0.014329079131419682,-0.01628712383833919,-0.002785470734019566,0.03146687068671708,0.009558969700721422,-0.007126792654860013,0.012008093552547172,-0.009191321546631333,-0.006928460861348381,-0.005848370083516773,-0.008807000688853442,0.008140955595989267,-0.014338791098056285,-0.007643474340429519,0.019261351395067478,-0.005034863961224888,0.0011521144882964485,-0.00268052623997715,-0.00963172380792512,-0.009616141537634732,-0.003047268222138748,-0.007611879553074567,-0.007085124036700054,-0.007355337793610986,-0.010281120133893347,-0.004901604749106661,-0.008660337707905296,-0.003525357466290059,-0.0030573881190418665,-0.006887616903155053,-0.01759560058408518,-0.019066810104085268,0.0012284905849877484,-0.002090547142348778,-0.007121348310935569,-0.010368206632384974,-0.010400860528413663,0.0019807963772342303,-0.02077062658772506,-0.01715274266386796,-0.013112857709378086,-0.0034579321075269417,0.0033230935485272393,0.019288484276241757,-0.02069150600969971,-0.004949338544407659,-0.007878248840111905,-0.012177056791733093,0.016277388057054906,0.0030888006153830857,-0.014456018364623333,-0.013789423388276323,-0.01739721945933135,-0.007868736133719093,-0.00536115569833615,-0.006476395739909916,-0.002930390664640136,-0.006225279598889346,0.01308439799467039,0.08150457289564471,0.05002321075415078,-0.011056085597201427,-0.014157648239872037,-0.021587929995582213,-0.006787470460749867,-0.0023122751625521405,-0.004068673081719696,-0.011254548583270345,0.07049831756461727,0.0032633122006222883,-0.01304306929043503,-0.01095466369349863
5,-0.010923217122120993,-0.019270253411644254,-0.019795793575415454,-0.015912073935947235,-0.008590996940095897,1.0,-0.03455075168891754,-0.022254080093385167,-0.004039778664295476,-0.022558059388604383,-0.010398622718211953,-0.007235982753601347,-0.01740648518243737,-0.03647806917887675,-0.014905878409528285,-0.020131802505991343,-0.02298265271967351,0.38167996235627777,-0.051258118848050996,-0.028901106758679053,-0.010193055197198403,-0.03755114762223439,-0.01953139962177622,-0.010066782487630124,-0.010586501930568374,-0.011495419429224798,-0.011277510500609104,-0.007751902018701674,-0.018194788218114585,-0.03298020019932829,0.08074893070326764,-0.006109375851307204,-0.01580052373585374,0.025647104010689405,0.10358193930851994,-0.019423087994763295,-0.02296319068424172,0.0577050473289925,-0.005112894458136757,0.0007388399467766118,-0.018831244278358632,-0.014501454298298626,-0.018744898596187446,-0.005340775707293691,0.09460012376932095,0.019315784861639172,-0.00541832958214215,-0.013279725160407423,-0.029146279143682403,-0.043923108570575145,-0.009479569450939267,-0.011936641293544784,-0.024704240835534633,-0.017515135498757245,0.015458938615452238,-0.018553774508838605,-0.038085355006583776,-0.02860542037695331,-0.011779893393946849,-0.010915835692199075,-0.02036393116882991,0.008486709410562928,-0.034004131695392535,0.12487714015572289,-0.006343686910316526,0.0030793227984689704,-0.034195079847275656,-0.01980229016036867,0.07746344748898348,-0.046727902177091205,-0.02805852227719037,0.16693873216031394,-0.004130466199148084,-0.010607247644400299,-0.012187724719981056,-0.024020185397618393,-0.0339971510092423,-0.03165221238677995,-0.005817957892109653,0.48535625665675397,-0.025482140224617235,-0.0312573858660591,-0.01165703215089917,-0.03130953113193634,-0.007210800536614401,-0.019812891574014307,-0.023224922939373234,-0.011014853489998505,-0.01694624426927695,-0.007661876743802263
6,-0.014012829415391805,-0.04386297571742448,0.0035368361156489416,0.05797491945103789,0.016675909025930993,-0.03455075168891754,1.0,-0.04706980136642347,-0.044163132260101726,-0.05153464722577256,0.022170861179233815,-0.05553950201212432,-0.03713184831024867,0.017439257267603,-0.033809361179529596,-0.06775915972005433,-0.0559665829124354,-0.02663842265128229,-0.01966331656920838,-0.06018221673078383,-0.004180837570679005,0.10152518184415019,0.42479843014137597,-0.02872812492197108,0.06076901032859873,-0.03922775873923848,-0.027997228047720826,-0.024050392501939293,-0.01870621241286206,0.04909868236007485,-0.05692864501735791,-0.03235325194151598,-0.012824261086195566,-0.021472370650678536,0.008661842283105126,-0.025962338174634315,-0.020355293501725907,-0.03938369683789,-0.012268510961586671,-0.031422041817711265,-0.019295088741749695,0.03393364965474267,-0.0355114397997046,-0.020052636115132305,-0.03947735764812688,-0.019948690154164037,-0.00979539484110926,-0.026788137926433295,-0.07338614266252667,-0.02793086357559195,-0.0004251317460957126,0.05418131485523135,0.04836337691308531,-0.041592706761500245,-0.034380068200000745,-0.029753499074647496,-0.07775910326923943,-0.06927639539528682,-0.04882766772299269,0.026736582454669318,-0.014255655094942884,0.06968171171707088,-0.08068613685260606,-0.020080144718432787,-0.03245770683584843,-0.047613085692899515,0.17281004830359745,0.031355783580138255,-0.05534380388788235,-0.049436372350801006,-0.06787915139875098,-0.031412644055319044,-0.02485951736784041,-0.040455358323656175,-0.006260011558876505,0.012949397180860307,0.07619574276394848,0.060371004698940425,0.002578243236450411,-0.044629185858585024,-0.01305792589528109,-0.08702989646952788,-0.027063310891242698,-0.038787656155540605,0.004637853331870816,-0.03851461854461516,0.0509945119822149,0.13127750235997554,-0.04810709751065066,-0.02989073725668611
7,0.0664948159124081,0.24798264403583875,-0.0007090878320878072,-0.015338762164431767,-0.01298183344896363,-0.022254080093385167,-0.04706980136642347,1.0,-0.02869287942730476,0.03548415446730542,-0.01357050717013713,-0.022823400438344528,-0.03783322188064711,-0.05011622377589351,-0.032227431566174296,-0.002928120649967069,-0.028465408447058128,-0.017498874058797173,0.00027406991396400956,-0.014438144636522285,0.00639580652545272,-0.061038791820336044,-0.028919544576546167,0.008909417968608014,-0.01896145171497588,-0.02529092862914132,0.006496769770206829,-0.011210291612335287,0.0469529166977669,-0.047460479184107444,-0.027505195524391866,-0.019113130576413964,0.029662919619016036,-0.014595000090485616,-0.052627943041575156,-0.022867832098584694,-0.033881397360561394,-0.02505647981746721,-0.007956089737989343,0.011092303377332247,-0.019761279166588888,-0.023216832411397808,-0.026914071014103473,-0.012938577496644094,-0.028131089669634173,-0.009379591181925134,-0.008195202082488386,-0.01976009721431477,0.10987536751021419,-0.04984234147456089,-0.013774491490456162,-0.018009246369885733,-0.04286198278577983,-0.01163809149879302,0.029134555750300214,-0.02948175085819737,0.03185315028288155,0.06871786697909521,-0.023227684209091465,0.06535730412577094,-0.027219581012680003,-0.028634884340486583,0.09016184385107412,-0.012790634871416188,-0.023574245005465417,-0.03161253976794588,-0.054750149543314294,-0.015070968280578358,-0.021351573056881235,0.053696106595258856,-0.03592005664883599,-0.021450441548853446,-0.016151871309270864,-0.026244603630548514,-0.019620870314591043,-0.02967017052683663,-0.04960432923606224,-0.05628098105287086,-0.0045895063038858775,-0.028424146478297895,-0.019120571488549534,0.12896003630328134,-0.017574192150907622,-0.0034640866692129957,-0.00970239784770481,0.033598293031175556,-0.032855218729266306,-0.013756227963288615,-0.03543855239653023,-0.033224730792872366
8,-0.01409056011479971,-0.024693813550141813,-0.024484560094865403,-0.02012599945848854,-0.01074819463685001,-0.004039778664295476,-0.044163132260101726,-0.02869287942730476,1.0,-0.02887232156200883,-0.01328895729595752,-0.03372703076247174,-0.025499589363176152,-0.04144346311571137,-0.03232706527026765,-0.029475106944181005,-0.029528549415158672,0.014758323267429275,-0.06237602368896055,-0.03692289842903885,-0.011695365574683949,-0.04882134685299313,-0.025305974034168347,-0.015363811096267712,-0.01658634904349126,-0.010998134677440182,-0.01486853034599957,0.002298702184487509,-0.025975454956331905,-0.03954360572046526,0.03108003127138951,-0.017937484621015416,-0.020303844715935753,-0.011525081061898569,-0.028673313714910845,-0.024609146250554575,-0.02258546714390358,0.0612417599005305,-0.00639206023148739,-0.013703036499625829,-0.023802395071950175,-0.018143961546073506,-0.02383412637758672,0.1789440224345798,0.16415023277630947,-0.011762477403157827,-0.0029803018621255453,-0.016879648507864962,-0.03278363656515796,-0.05107325714395656,-0.008793251981514092,-0.014879022094652118,-0.030053718392865802,-0.022250944274915984,-0.02119075911763553,-0.040488806624029434,-0.047621686973241276,-0.03808204310702886,-0.025595869712705433,-0.013782755228284569,-0.014467666646077222,-0.016742628255475497,-0.044889627609835,0.004542587174169579,-0.018964281279669704,0.010397241661086474,-0.0428774515087473,-0.01840775561683346,0.06979593976351542,-0.052546591023144476,-0.036752938268616586,0.07987710294446682,0.0816992884312899,-0.011406423637154663,-0.016188205976419588,-0.01012150055952914,-0.041327512754628856,-0.046165355589611407,-0.00742769138926826,0.09863766604526873,-0.03239703739959722,-0.046537320737813276,0.021216465914170847,-0.03995330583534984,-0.009179604470447113,-0.025269366628386424,-0.030136528134033023,-0.013937752528177274,-0.010923041690207545,-0.005964986591708388
9,0.006248615470112081,0.0810640562267224,-0.03151730449034272,-0.02439357055188503,-0.013356746783340409,-0.022558059388604383,-0.05153464722577256,0.03548415446730542,-0.02887232156200883,1.0,-0.016138670281359773,-0.038426210476402205,-0.038149077644575244,-0.05844167428353815,-0.045168552823719836,-0.022865744648021866,0.04255511315102248,-0.017868810810736983,-0.07577229254954679,-0.04093914854106942,-0.010179380300121159,-0.06582841179491367,-0.030770275076369685,-0.015404182932785278,-0.020541703578048246,-0.025489970950562654,-0.014551041524827293,-0.015673151230280468,-0.008245765581728555,-0.05104310020895795,-0.035158653345014786,-0.02163540360279652,-0.024188175061906677,-0.014748302721854768,-0.053814749224205774,-0.029537693104101866,-0.035746836283560166,-0.02550973737754447,-0.006389702751629704,0.07784797333914326,-0.02878524390763925,-0.024022196134526476,-0.028887161008809142,-0.013001811711287357,-0.026908480086339875,-0.013793317276234309,-0.008518929015333698,-0.020509435201595306,-0.03664787756020503,-0.07427328700594024,-0.01441941435178218,-0.018472558635318943,-0.043044452063353736,0.04928278207484037,-0.028391340890365834,-0.04540294512433245,-0.05295246333544405,0.2546311146413799,-0.027942538180101263,-0.016523282300770242,-0.03117565984690407,-0.028902612204134082,0.7188544788700559,-0.012958683153780994,-0.019890727659615894,-0.027206211169702416,-0.05483591683593325,-0.030075876849851947,-0.03632338612154013,-0.06494389992775182,0.12513172750216572,-0.020953393522529336,-0.016367263856768736,-0.014005464223135186,-0.01987467278165809,-0.042336273182413175,-0.05356016646455855,-0.057729783576429126,-0.008891416224882724,-0.02886382869537508,-0.021362022552521256,0.05285582381633198,-0.01807482317304255,-0.04325888474187077,-0.011032027056608957,-0.020893462538065802,-0.038918974199210886,-0.016465068154606157,-0.0350801802482951,-0.03500498282680188
10,-0.008459003412336408,-0.013676201212199587,-0.011016807057283213,0.03297419615599583,-0.004473007240858281,-0.010398622718211953,0.022170861179233815,-0.01357050717013713,-0.01328895729595752,-0.016138670281359773,1.0,-0.019514455100497867,-0.01725572143732482,0.02621511573847292,0.13639504897267973,-0.018977919658977358,-0.017145781357773445,-0.00826276799058066,0.0016914011206144203,-0.001534521792938422,-0.004887150768808175,-0.027713500545862815,0.015883874337820854,-0.004697644669052779,0.07130978827360282,-0.011797455736773352,-0.008333058505992641,-0.007920086807391376,-0.014923619221402954,0.03560181613413616,-0.013964984477607412,-0.009985190194479467,-0.005882201983773167,-0.006804471656567119,-0.01426214032192753,-0.010296972221534223,-0.016409318499708822,-0.011904357533434377,-0.0036943868256227334,-0.009404253298229304,0.012312436891662011,-0.01090555477221296,-0.004951647960331707,-0.005952737864394287,-0.01297235468984244,-0.007362918314148597,-0.003856014306677757,-0.008829633788803642,0.00420887004525064,0.08695409791302988,-0.006791276708835336,-0.007629681230256211,-0.018256307353616278,-0.011982731662739044,-0.01304509048975959,-0.023812081379271932,-0.01598879064785911,-0.02110691606800899,-0.015155658831670603,-0.007769823648993683,-0.012485568543044974,-0.01202983849638713,-0.025108834738590956,-0.005957537769018804,-0.011860889751708605,-0.014892626425787566,-0.004637890347978516,0.012604997761485935,-0.018314445471469244,-0.024746654569780833,-0.02072990347984524,-0.010036228801994096,-0.007564303393929182,-0.012584104077501122,-0.00858015903105809,-0.016831616163623137,0.05140533279539035,-0.013247844557902292,-0.0032323235389547884,-0.013370588418693711,0.021830409871081136,-0.025302045508895418,-0.008397969755640803,0.007171580457498995,0.028017708262214388,-0.006359193132072508,0.045909271195703066,-0.006839250651183413,-0.010083474500570113,-0.01737637908311412
11,0.018780532774932603,0.00980709532515017,-0.005461186731604202,-0.0037599399982315845,0.003551160614119679,-0.007235982753601347,-0.05553950201212432,-0.022823400438344528,-0.03372703076247174,-0.038426210476402205,-0.019514455100497867,1.0,-0.017397323400934604,-0.04649379991063424,0.09469129027505446,-0.04556564618698844,-0.042829445082887135,-0.0024945746677667276,0.058301841671032514,0.029618820205650216,0.0101893474189554,-0.05733134111776669,-0.034608220474405794,-0.01612966673484714,-0.01881078628342392,0.003887318612427155,-0.017992425380296842,-0.014191522851934035,0.10810616632491876,-0.04826415390261044,-0.018453859828886775,0.028103934861790077,-0.005115563677597602,-0.01152156802268611,0.022336402027808774,-0.008923289705197632,-0.01778100821611023,-0.007470741940517696,-0.010203367164321278,-0.013307140726218029,0.023469494249168717,0.000915577639585421,-0.03234951008217005,-0.01574773929246436,-0.015313437239381297,0.005462036303698348,-0.008730987138815904,-0.02614177385145998,-0.017315449869393033,-0.02790145182443294,-0.0032051478022890293,-0.022774722532899274,-0.037084410560096884,-0.034338580967455706,-0.011440302580109519,0.18988487348365352,0.008891737647174443,-0.043064951076480965,-0.02441597804178981,-0.008836471194707258,0.004843139272983674,-0.024901941853107845,-0.05543842594634237,-0.015985615043053084,0.013190990248790727,-0.014875525866019144,-0.04119403974917481,-0.006890898756837945,0.004556166606619108,0.0307115760636816,-0.05700435905398286,-0.020683660988576748,-0.01106952713500577,0.01541202670921201,0.019218815782992393,-0.04362713293999181,-0.052438969970266924,0.08736293231239209,-0.00945145278679265,-0.0228252529432316,0.04911957788928943,-0.0702795406413623,-0.01935878673734965,0.03575865215049851,-0.012738789088985075,-0.011461629972750331,-0.009349456847829892,-0.014797972797044458,0.009836649320293153,0.06178966021185604
12,-0.019547687651645364,-0.03196092353312931,-0.02117583856632503,-0.022092372388014692,-0.010573569070460854,-0.01740648518243737,-0.03713184831024867,-0.03783322188064711,-0.025499589363176152,-0.038149077644575244,-0.01725572143732482,-0.017397323400934604,1.0,-8.493097107279812e-05,0.07474852227591335,-0.04795831225658827,-0.040604258407214766,-0.00497720903752674,-0.053043395853834586,-0.048632494914532635,-0.015617979041802295,0.07637190534392473,-0.010470992036765428,-0.020330240087583707,-0.0045698273086456995,-0.014756891411496742,-0.019767433406156033,-0.017638804612469985,-0.033428982273348735,-0.040464216472059694,-0.021745829393108485,-0.01152324537223446,-0.023952316192429643,-0.015154389482872038,0.34924797955864983,-0.03206758633283825,0.004537629873959177,-0.01163011978715948,-0.008570913590980254,-0.021853286278665604,-0.0312974284380083,0.08947894350395434,-0.031725755009657956,-0.012636829472384425,-0.01963746396508434,-0.016743549382710762,-0.004858858305787682,-0.021995591380864002,-0.044639277516675964,-0.053007056650426584,0.06528600211902215,-0.007421936731042687,0.06634025707199165,-0.029539387207675398,0.0648673526084675,-0.042966131820871944,-0.0622873795018898,-0.0502817748670702,-0.037163408717266394,-0.013657815139204083,0.06204578907549055,0.002471379498786152,-0.05951331121326303,-0.013538710253843133,-0.027515889775724306,-0.03303867831596,0.09072289761797667,-0.0036544621462378194,-0.028305959724097496,-0.013129623615413295,-0.04941248432920045,-0.019018136732954386,0.009257874914822821,-0.02817203857457335,-0.01069534906111837,-0.026560422367885382,-0.02151128004239514,-0.038421596876099695,-0.009658498809088433,-0.027074743860252493,-0.03494748337957895,-0.06156793892289219,-0.019091142437617413,-0.026599934658750476,-0.012107079647660429,-0.033465030030204984,0.05702660407078883,-0.018171450597352125,-0.021666455991940475,0.020742438901692542
13,-0.016637561436007607,-0.04674920463957447,0.14109860770425622,0.003090678058902782,-0.011604645334005795,-0.03647806917887675,0.017439257267603,-0.05011622377589351,-0.04144346311571137,-0.05844167428353815,0.02621511573847292,-0.04649379991063424,-8.493097107279812e-05,1.0,0.013820929454595855,-0.06760984441892118,-0.056975988608423705,-0.01939608323139789,0.11142302311705454,0.03292493778855462,-0.005886809835327448,0.2374609898228235,-0.005963780511817571,-0.027054079821175404,0.01614698872196753,-0.04253624014715641,-0.027115027713539,-0.02467822918764077,-0.04137877979944343,0.3676576320282936,-0.005184298425211083,-0.036334506729218646,-0.01953508105146865,-0.023155018133569707,0.004634393729508588,0.07116640766452885,0.09397082699104854,-0.04201753757399049,-0.012312708995143818,-0.03384707449237506,0.017485463365378047,-0.02208169446010213,0.1490027666470305,-0.019197118507824282,-0.038428258465607365,-0.025974558482841283,0.02045649283823862,0.02630546995930691,-0.058175907286092954,0.1953590979688566,0.026914606699988162,-0.0051324297007531265,0.10880233089631179,-0.04487090905424233,0.006347655866483977,-0.07782946056341267,-0.055548929727958475,-0.07632568018636106,-0.04668234141854372,-0.02569668697409553,0.044280331144758545,0.039540682026700844,-0.09037360967841111,-0.02161415033206946,-0.0409101513975132,-0.04418469674467718,0.204522062817147,0.047124847841922085,-0.03575270100708636,0.01604972902404093,-0.07358022295758188,-0.03239166272678468,-0.02706566340887217,-0.0449461260030324,-0.0212010782398869,0.2599425757092579,0.20377290475679977,-0.053770010014123196,-0.00046355541830649886,-0.04720918594132606,0.028231462681161865,-0.09164301938689726,-0.021402824021179136,-0.022080423417838786,0.010875107725067442,-0.034237933264407855,0.11015488450696949,-0.0075545296969656405,-0.049416242713963277,-0.028579850977406618
14,-0.005209328586857113,-0.02377945805486029,0.0007321568532603776,0.04045818036506522,-0.014915838990915593,-0.014905878409528285,-0.033809361179529596,-0.032227431566174296,-0.03232706527026765,-0.045168552823719836,0.13639504897267973,0.09469129027505446,0.07474852227591335,0.013820929454595855,1.0,-0.037701137108082906,-0.04601521151511811,-0.00893460120920724,0.041835326329923844,0.09156807290264521,-0.002552383939368846,-0.0279697968645281,-0.01033983093858341,-0.01857941603183137,0.025325129256777497,-0.033218472856482974,-0.022312482114213595,-0.012496716855893203,-0.0251702967176212,-0.004370046340369361,-0.01928596267080216,-0.027669311631394813,-0.008556492378390911,-0.019303891615579365,0.020011595986683207,-0.002023294936123443,0.039088884152221615,-0.012424607596013158,-0.010263541072819713,-0.015692716895185716,0.06080311993079334,-0.013281769697416642,-0.00978635442725027,-0.0038803968941282722,-0.031381482731659756,-0.019947025884386748,-0.006891695459270928,-0.0017509056772817386,-0.004475578597721955,0.13739167402270125,-0.010503319003987415,-0.01942667680419735,-0.019732333664615506,-0.029530915609917927,0.05173882822558895,-0.05443896644602696,-0.0012474739414272216,-0.0490631917880123,-0.01693219991229083,-0.01856558371688068,-0.003001554830124457,-0.02886287893641866,-0.0697953512017692,-0.017129029684459156,-0.0321268269091044,-0.018508076018058574,-0.030206970913263163,-0.003141185807163048,-0.028023938442492458,-0.0064776261531239755,-0.05848512082765038,-0.02061420515669298,0.0006819135995276959,-0.035334575042951046,-0.023054730768123706,-0.011817871706070491,-0.014032505795322323,-0.038471143128750496,-0.004117113496605212,-0.03491968996325233,0.048634986206578766,-0.0682018586136145,-0.02216101215430199,0.002159716243581844,-0.002767366347366169,-0.009865193649836094,0.05995189501445601,-0.01833131765277023,-0.005991817123978815,-0.029372411623180154
15,-0.019604059914674905,-0.002380922120075544,-0.016399287665753045,-0.028850623927070017,-0.016780693952618053,-0.020131802505991343,-0.06775915972005433,-0.002928120649967069,-0.029475106944181005,-0.022865744648021866,-0.018977919658977358,-0.04556564618698844,-0.04795831225658827,-0.06760984441892118,-0.037701137108082906,1.0,0.03950707543905558,-0.014221178002400334,-0.08159735717676367,0.03382156282146741,-0.01651273574886206,-0.08029495927188032,-0.037852780353232564,0.018276690196514282,-0.02574366044050443,-0.03222112264434106,0.26744688628795377,-0.005258265292273143,-0.03751437014499967,-0.0629648652852407,0.0012949077377647097,-0.025481500458913973,-0.028875195210152325,-0.018550773872793615,-0.0684081912977252,-0.01968219854912843,-0.040570151739154056,-0.03230922620670361,-0.009610141800585547,0.0027010902430434284,-0.020079908439331245,-0.030273991616562527,-0.028528033957360012,-0.01617863998093661,-0.03478735056139358,-0.003912077870285751,-0.01058166692512658,-0.024622865184354744,0.13085824819384992,-0.01966729284000534,-0.018525358386107787,-0.023227607959000814,-0.0543561217711557,-0.027540411369443622,-0.025205668717985637,-0.06284098631861122,0.013836091863096776,0.11239457376963319,0.20000998479436438,-0.021323561986214216,-0.026840003616213352,-0.03616074570413361,-0.021963841976463422,-0.016126135344274563,-0.029907452670994965,0.001946768707106111,-0.06949208815143357,-0.03227701527278733,-0.03738112446620388,-0.07075834901708308,-0.04703308819690359,-0.004988154841437669,-0.02050402046911276,-0.03059795252823235,-0.025145211920146966,0.007048965601666488,-0.06602473528180214,-0.07158770827177363,-0.011149488541886798,-0.03563604598656335,-0.036939612912385233,0.05669379431535583,0.006273912893898139,-0.04639646345896686,-0.013201651745832198,-0.0257328775905416,-0.04873479506988753,-0.020635077904432406,-0.01791956991309648,-0.020549311897091575
16,-0.02040832841190853,-0.02600370461750058,-0.029164233491785683,-0.025871639778710577,-0.013677048779793562,-0.02298265271967351,-0.0559665829124354,-0.028465408447058128,-0.029528549415158672,0.04255511315102248,-0.017145781357773445,-0.042829445082887135,-0.040604258407214766,-0.056975988608423705,-0.04601521151511811,0.03950707543905558,1.0,-0.01819580404940538,-0.08047032777659759,-0.04242540461924223,-0.01834376902291467,-0.06772900223269002,-0.032615240239345936,-0.01460790959012592,-0.021602642208341506,-0.02729244333793214,-0.006848698025737308,-0.009032768052074012,-0.03082174250622815,-0.05241556587531976,-0.02441492006277468,-0.022688446341648676,-0.023917758800914287,-0.014133984509231833,-0.05763733387489886,-0.02949568063671766,-0.030356902011053177,-0.027051073374748588,0.0004121099736265777,-0.02172154170477241,-0.03094264249319175,-0.025836826879504962,-0.028505460917997556,-0.013749559970867627,-0.028359133919329704,-0.006824546484152293,-0.008393501272577757,-0.021075037667955605,-0.04404998496462172,-0.0604797420213784,-0.014201607338921273,-0.018455937661281924,-0.04626783580674923,-0.0021249154980435515,-0.028101495961594253,-0.050403340479928824,-0.05388305851668945,0.019181805769589513,-0.0023647979309701964,-0.01779800333431257,-0.01754699465894492,-0.030145971959685006,0.05799141805474327,-0.012215658592814396,-0.024309629630978383,-0.02962068318432653,-0.05769883725432317,-0.0316791763214391,-0.037846377858742654,-0.0711566834032343,0.14519159405435306,-0.020520191816617205,-0.016579851507242924,-0.026045613477426496,-0.02028051041068662,-0.036188398088144676,-0.054859422326281895,-0.052901798001450034,-0.009075388754730532,-0.029561622194707236,-0.04247060947327856,0.11564667977352368,-0.011240653625128303,-0.04842669166891636,-0.011969670617854308,-0.03189943107147311,-0.039488762220837186,-0.017699037262503967,-0.019878470256676425,-0.03728732182592251
17,-0.005892450877611845,-0.014470231792736304,-0.013365602336346254,-0.011537664264395606,-0.006755617394499279,0.38167996235627777,-0.02663842265128229,-0.017498874058797173,0.014758323267429275,-0.017868810810736983,-0.00826276799058066,-0.0024945746677667276,-0.00497720903752674,-0.01939608323139789,-0.00893460120920724,-0.014221178002400334,-0.01819580404940538,1.0,-0.029880277506240623,-0.022346633777775897,-0.005051707809748096,-0.01937573610590257,-0.015580709319027861,-0.008374798787207791,-0.009051827494875776,-0.01016541209789201,-0.008929922728661905,0.001919920359672372,-0.014990265704937175,-0.022411804508340134,0.07100457820994655,-0.007863556999809422,-0.011486282732074343,-0.005388989138272565,0.04286414357534447,-0.015120539360845326,-0.009434039157389006,-0.0019411236123626676,-0.00241372832966518,-0.004946363393721249,-0.014736794285737952,-0.010731212401495703,-0.014871172705785385,0.0044442794144204595,0.08430479297346027,0.0021604609217963176,-0.003676725715614116,-0.010482986974542374,-0.00931067899998348,-0.01037491186998564,-0.005854842720556232,-0.00908784505095655,-0.016377334930183243,-0.013869699816366448,-0.0034472378820312706,-0.02233748086796893,-0.02336599953259499,-0.021857283873690403,-0.0127177895850067,-0.008333086294501047,0.010001876348140743,-0.0022198199736619224,-0.02626434092281385,-0.003362376144726711,-0.008148665061499388,0.07216636308710303,-0.019019549937145223,0.0010700728005095042,0.11804076610367573,-0.020709405676283526,-0.02265707578226004,0.007835397272283265,-0.005117878995981881,-0.008102107551910681,-0.009557756280635914,-0.005309956449710262,-0.02170188508836155,-0.02369024771743019,-0.00457345240376018,0.08568415834071993,-0.02002347300447481,-0.02618816963362737,0.0014690948040766393,-0.018532808166839713,-0.005630997345104454,-0.015418883940069654,-0.015743324620859353,-0.007912596941688244,-0.009391464889688462,0.00035249230197289833
18,-0.005827446016317805,-0.009828993690909343,-0.016193803118139893,0.06553964364043625,-0.014329079131419682,-0.051258118848050996,-0.01966331656920838,0.00027406991396400956,-0.06237602368896055,-0.07577229254954679,0.0016914011206144203,0.058301841671032514,-0.053043395853834586,0.11142302311705454,0.041835326329923844,-0.08159735717676367,-0.08047032777659759,-0.029880277506240623,1.0,-0.048224905296148646,-0.003934037458291061,-0.021130568804388558,-0.02805024286866124,0.007525850737849497,0.016736855274051818,-0.05153211498198304,-0.034963396848944,-0.022532031930934115,0.005528386473675014,0.14319170774901985,-0.06524089593513882,-0.023812305747740542,0.1174107186051028,-0.032194824651417375,-0.045973605283686825,0.038246432769657834,0.11083933833191377,-0.044091540351456626,-0.01901621228294127,-0.03151612409740384,0.007977882795753406,-0.042598413364973345,0.122535571427923,-0.027240298281108112,-0.056096582193674215,-0.033604063186514196,0.01503443291197786,0.10999784072338703,0.004295529271390792,0.10683290427866313,-0.011661577139380845,-0.022697380006268704,-0.035017069426647354,-0.06280663877709941,-0.0075115641582073865,0.026628573993175378,0.1294275402022563,-0.03207552954562189,-0.06313557084499448,0.012633043103013587,-0.025690113939128477,-0.019341817500450716,-0.0908372404447253,-0.029138290544129294,-0.046265169128001306,-0.05594266481954566,-0.052945405185580524,0.11168019331335904,-0.04577002676251572,0.2973705903249664,-0.09865868152822066,-0.046346354901954934,-0.03417087460390737,-0.05152964309421347,-0.03339629017063067,0.11416547981210083,0.07010685935529426,-0.04507024768329777,-0.005828210394057983,-0.06365606976476107,0.020743858126495242,-0.10725274330402294,-0.03805883791566633,0.13866201115698218,0.007241054293732278,0.05184635354120869,0.09319439140714092,0.008681194170397958,-0.04245562844809324,-0.014432447477416028
19,0.019865462509479043,0.0067399764436206315,0.12240412343234054,-0.019244202862729036,-0.01628712383833919,-0.028901106758679053,-0.06018221673078383,-0.014438144636522285,-0.03692289842903885,-0.04093914854106942,-0.001534521792938422,0.029618820205650216,-0.048632494914532635,0.03292493778855462,0.09156807290264521,0.03382156282146741,-0.04242540461924223,-0.022346633777775897,-0.048224905296148646,1.0,-7.086001210602003e-05,-0.07186659811929036,-0.03545673819520926,-0.0003095855016557172,-0.026165280711854404,-0.03294134048701693,-0.013401028776608754,-0.014551822826682487,-0.025618973629997065,0.02774417578896907,-0.03413751017895283,-0.027859862203676734,-0.00461379893571047,-0.01898538371832338,-0.06914973736721325,0.050005781498544614,0.020147829464091205,-0.03326583959201737,-0.010218992701028388,-0.02462712776388236,0.020294733922303625,-0.03035134454792835,0.03937680420591448,-0.016066789553659956,-0.036101913424335406,-0.02001216186978534,-0.010411411871818363,0.005501855983184069,0.02651890284617798,0.310643720766976,-0.01867430225992124,-0.02343191868888523,-0.0520753010387709,-0.03409204859597374,0.049587643220564165,-0.05778618058120502,0.06728935458863039,-0.027584107387947567,0.018723962326624523,-0.011999103844161122,-0.02233687925683316,-0.036196079900741265,-0.06430306020512067,-0.01662760042686793,-0.03170352912622072,-0.03961113902104385,-0.06896462537729828,-0.033456024694351716,-0.04450212563014831,-0.04590170206551383,-0.057916590166379775,-0.028102091112528968,-0.021086798479122475,-0.035151407129927786,-0.025141089391470584,-0.023124498747955816,-0.03283788703469833,-0.07325286563621547,-0.008159184532761462,-0.03698182522431499,0.07107882924272223,-0.06530776781649462,-0.02323639209806673,-0.011503790367246119,-0.007879436777670381,-0.0065364475851051995,-0.04608531885580594,-0.019187484336591093,-0.002920446368401817,-0.04482352796964495
