,0,1,2,3,4,5,6,7,8,9,10,11,12,13,14,15,16,17,18,19,20,21,22,23,24,25,26,27,28,29,30,31,32,33,34,35,36,37,38,39,40,41,42,43,44,45,46,47,48,49,50,51,52,53,54,55,56,57,58,59,60,61,62,63,64,65,66,67,68,69,70,71,72,73,74,75,76,77,78,79,80,81,82,83,84,85,86,87,88,89,90,91
0,1.0,0.012233780396371434,-0.01682225909676801,-0.010035980333382027,0.002428643897059893,-0.006649223074353295,-0.03350705437033539,-0.01945908065378009,-0.03406228711867613,-0.038081773733290275,-0.01963188086002801,0.024531501269475918,-0.018534684734765862,-0.03193897914178,0.09333431251321467,-0.04491958661516138,-0.0411182838929882,-0.0224681438716203,0.0038318768698114933,0.031887824616964,0.011186106623883495,-0.05563060316661844,-0.0544018301492489,-0.01604248834104193,-0.018715684900730063,0.003301716962420001,-0.017874806018266527,-0.014986494465806691,0.10902229300023644,-0.0482240229762729,-0.017888472623904562,0.025257564955508547,-0.006550733843374843,-0.011974122201560739,0.01919004718336361,-0.009495288209458799,-0.01763313042729215,-0.00741910758829047,-0.0101197409218139,-0.012822037333847743,0.02197592972317668,-0.00012185758196328438,0.0496165828541939,-0.01589787574343389,-0.015367532351594907,-0.0025321298712410777,-0.0092449210397595,-0.026740687521593247,-0.016504473912576784,-0.028545408494682616,-0.003944052153534776,-0.022509304665219786,-0.04070134407446636,-0.0342601745655913,-0.011462449141185757,0.19481218845903647,0.006329152869366626,-0.041287920995089405,-0.021264316593325266,-0.0023381267515414344,0.003955867333646122,-0.02491998462911551,-0.05648839626556245,-0.015822892307746146,0.013299392635639607,-0.014797528716207578,-0.041523792678059,-0.023654317848336326,0.003178489854789402,0.05642363825676824,-0.05669901784835361,-0.016997444078099132,-0.0112527516654087,0.015320694754294751,0.017333794897180517,-0.045533497554682605,-0.049509607837862235,0.08482932385126489,-0.009716646001871283,-0.020682252465983285,0.053363270389188526,-0.06966257168048148,-0.01897891412065342,0.033686542086732815,-0.012789002808424627,-0.00987723164802335,-0.010610466067104593,-0.014300990251335816,0.018961175131131516,0.060749982188568696,-0.0006585802939161837,0.0050492781547577656
1,0.012233780396371434,1.0,-0.011196656991091826,-0.018499953929166337,-0.011172495034716002,-0.01901097277044233,-0.02615005673175665,0.24695325177602823,-0.024807321914168897,0.08112318739836602,-0.013736040115430195,-0.016883994260951225,-0.03198490949519603,-0.02354224838877327,-0.02382823605264041,-0.0022300607362271884,-0.02615850409316515,-0.024873604136899808,-0.0011324911723551547,0.006609785764173483,-0.011771215672223669,-0.054413372719792,-0.04392094147984704,0.013318837033100914,-0.01580772657338693,-0.019415515994720134,0.07089323121646135,-0.01165980329895797,0.1399133619810135,-0.04178792623482282,-0.022466865875717536,-0.014165987897035933,-0.013768902553103774,-0.012496344342023794,-0.04376434717014024,-0.009754625831686577,-0.028771491892178293,-0.022047158664999282,-0.006873186824654012,0.00023007194078256132,-0.008287588616693969,-0.019614373482501564,-0.010742206851809846,-0.01119600307304099,-0.023766870627050594,-0.014425266414631304,-0.0077334772713340515,-0.017208558053180972,0.09975710710559213,-0.02247898964658608,-0.008933169688153157,-0.01599344847678994,-0.037152534084785534,-0.017886105240555332,0.034567925765256906,-0.01674363510102021,0.030363370252400282,0.09717586982092,-0.0026508174553694233,0.07492969412685717,-0.022909724177117022,-0.024996327926384093,0.09342457814989029,-0.0111808171955599,-0.01708401637086506,-0.02276673501774553,-0.04674037556780787,-0.0077136102565930785,-0.007621063125187692,0.06229415695689489,-0.025090246136785465,-0.01577068977799488,-0.013916540366124833,-0.021573142757916136,-0.017072952690143417,-0.029989272587208876,-0.04516456426920226,-0.04450208520178424,-0.007123577863024437,-0.016167091846452077,-0.018835562308368445,-0.01415102853582664,-0.014351732820432946,-2.9422365273529445e-05,-0.008320438727610437,0.006211838255965751,-0.031741422971704944,-0.013383422977583066,-0.02779985306877383,-0.018549357671495657,-0.01802432001111753,-0.011619293125061624
2,-0.01682225909676801,-0.011196656991091826,1.0,-0.010396922188797172,-0.004593032064118616,-0.008711327744182215,-0.0038339729598694085,-0.012259504129385592,-0.011186296267697009,-0.013664393948466913,-0.0056850264667769315,-0.0022902333959094823,-0.014257532614225887,0.03903421721608988,0.007815603134454969,-0.01606025044825928,-0.01369301780582393,-0.011178123742693714,-0.005809941556714646,0.007086767451090676,-0.007133406164586336,-0.003041859108723574,-0.01775262034403284,-0.006568424960635071,-0.007246207312290044,-0.009907408927773653,-0.006424890475137632,-0.006254244782049674,-0.012466370587482475,0.09679688030102847,0.011241134106217267,-0.008376404189319635,-0.009670805892724494,-0.005715815720946061,-0.02095687697868835,0.14330284586466888,0.024671469183956934,-0.01002978796293235,-0.0030703083074202137,-0.007901256172811733,-0.0061666584424390734,-0.009302570260980072,-0.004195878243880207,-0.004579069312918366,-0.010950777269993486,-0.006900296591574875,-0.002713139264633786,0.5767401736720665,-0.01805897357426937,0.045482988157723794,-0.0043747026202064,-0.006556645955949838,-0.004904322179683698,-0.010440129033619943,-0.004906603893537531,-0.019665143066548922,-0.01832408203877711,-0.017387313838608753,-0.011713761506136993,-0.0067181931259492735,-0.008586352247686042,-0.0030099824035940987,-0.021353530518998024,-0.005038637441265154,-0.009764452836898259,-0.01238965896115159,-0.017311539232982207,-0.013790652585387513,-0.015188793554725017,-0.028697234174934732,-0.017417412065911193,-0.007578915648686533,-0.00639702797344629,-0.010535925323121878,-0.00775062298380267,-0.0011141169740592593,-0.008358425561203666,-0.023481743810906758,0.00283615552192059,-0.008332260042279037,-0.00273627955670963,-0.021203458638908032,-0.006781661000802697,-0.009365010073076965,-0.0040568326222934215,-0.010218562382510269,-0.014475001902426777,-0.006513719262975536,-0.013202679815491843,-0.011694904284553624,-0.007882312379913405,-0.006175853635781461
3,-0.010035980333382027,-0.018499953929166337,-0.010396922188797172,1.0,0.003259688431650841,-0.01958533931702641,0.08075749235297089,-0.015259965448239895,-0.019419690259835427,-0.030477979279917182,0.013244733872126015,0.03669478523870476,-0.0035090504855807593,-0.022449833254724563,-0.002670972235956832,-0.03261041016255032,-0.031255070182341305,-0.018691331146625235,0.0001858217062830382,-0.03296141156993209,-0.008255772004155448,-0.0005680273264758971,0.03239541264947772,-0.006849141963294263,0.008221419846707335,-0.011977040729518119,-0.01661154706946196,-0.01089164646496445,-0.022584498492858075,0.10870747587855395,0.0005149213755637726,-0.009001292414307242,0.02330735119447514,-0.011826281325692682,-0.013920264407759933,-0.007660167563401023,-0.015965681990353975,-0.014876986630575876,-0.007260123319240606,-0.014275704648171128,-0.014649141588426192,-0.012003182660692863,0.11482799269269332,-0.00932964344924481,-0.023700355592076096,0.0008653855470865928,-0.005166244818562404,-0.015854630436984214,-0.003358195293516427,0.011454663079684204,-0.011628063143083655,0.002787492727039098,0.008236699551960967,-0.0252442153222522,-0.008044859236399433,-0.0008163223841942038,-0.020512032406930197,-0.03207684743370739,-0.023886256248399684,0.01904978538739645,-0.013153899572251264,-0.004042927665153445,-0.04864161406370636,-0.011396866142364986,-0.01679747851280702,0.012604473025533983,0.0002858437508027568,-0.002693802101156736,0.0055337506566926035,0.01575298370273827,-0.0426618225263367,-0.006460861999125699,-0.012475723736812513,-0.00916010476857696,-0.012256623846299462,0.018073624879376044,0.0015775428309086287,-0.009841915155340237,-0.0009423871197219208,-0.0030874787555044926,0.0561309113761871,-0.049142645345969974,-0.013329206809855013,0.03411320788261031,0.11153896719937076,-0.012131445293422095,0.10661567480778875,-0.0005225888462618397,-0.02033712981532827,-0.007486556246016005,0.04508549785414725,-0.013275603729247073
4,0.002428643897059893,-0.011172495034716002,-0.004593032064118616,0.003259688431650841,1.0,-0.008478353854960685,0.009479018439217873,-0.012965736642054774,-0.01079950606296701,-0.01340704606143947,-0.004518377572997712,-0.013307155021013303,-0.010566222579417401,-0.010331095866985298,-0.014877942858622317,-0.016753669818435096,-0.013226315486641847,-0.011054146521451058,-0.0034239386539691424,-0.016275679146200227,-0.0009057472609362823,0.03125760160968197,0.01662063583147619,-0.007117750788133555,0.012089176416439487,-0.009182671662288016,-0.00692092307726076,-0.00601567375402424,-0.00856004766848729,0.007796572322844609,-0.014307482210647243,-0.007707896572287902,0.019284580172799368,-0.005040234419976168,0.0011094882557796952,-0.002883486734145058,-0.0095631816857899,-0.00960153967294397,-0.0030349579261663403,-0.007590807502430921,-0.007086261617275363,-0.007391035099628037,-0.015796838830696262,-0.004892962738721586,-0.008645327722415889,-0.006709710459040854,-0.003212083737216022,-0.0070397696469818045,-0.017485163652987003,-0.019200888545789226,0.0012534169028819533,-0.0021029359521217376,-0.008526052273638656,-0.010347074628952999,-0.010382438525462395,0.0017765943166546342,-0.02086192913805059,-0.01684847662373203,-0.012477627326318498,-0.0035161492642972387,0.003084722913440352,0.01927198501717419,-0.02112579850644669,-0.004914739503402132,-0.007873015232768754,-0.0121957183198841,0.015551935208713454,-0.013865732877955523,-0.014433463979050465,-0.013239673098042828,-0.01736353257458847,-0.006932522087114176,-0.005350404034763905,-0.006361439138625936,-0.002954486719787128,-0.007870949309244037,0.012524115192898845,0.08163204889683132,0.04592479659781103,-0.008235140276155673,-0.013431624441484704,-0.02155097993129014,-0.006674219518486155,-0.001647189779143895,-0.0038523829425697025,-0.011243331159110007,0.06938125194039463,0.0032721057550275327,-0.012001722269020272,-0.010885567245999397,-0.002266703736203004,-0.003489160286382616
5,-0.006649223074353295,-0.01901097277044233,-0.008711327744182215,-0.01958533931702641,-0.008478353854960685,1.0,-0.01928884744511099,-0.021943904442559052,-0.0041518330497135525,-0.02238264772152383,-0.01031658268157909,-0.023409835603032905,-0.017155653267032507,-0.018550691726721885,-0.014530226442170571,-0.019283769520299542,-0.02182677788443455,0.4824928315970552,-0.010029660204792186,-0.02852851257873528,-0.0077438095774770045,-0.03705230612601021,-0.03411747762296191,-0.009817231400205524,-0.010398586842154951,-0.011114364794557777,-0.011108952716247126,-0.006104799497120349,-0.01819272449703698,-0.03261623824988418,0.08024960558707385,-0.005635865029235171,-0.015607086805570013,0.021585732838499457,0.10394555516580917,-0.019495923680343412,-0.02262195017262597,0.05480240983722426,-0.0050387124018623445,0.0008853152985992532,-0.018599101552275808,-0.014321486154190339,-0.050693212718621344,-0.0052138180922743395,0.08965748612257926,0.3863411480169435,-0.0057092057802189495,-0.013569032789946332,-0.028715816278123796,-0.043620480464626674,-0.009341425717672044,-0.011782725461835135,-0.02665402303538699,-0.017297464761468928,0.015440052248545645,-0.01890837480725483,-0.03757840844460532,-0.028117752448528436,-0.009825313222362932,-0.010792913653910302,-0.020389254713347515,0.008012372826371909,-0.03418732673789049,0.12554888447363133,-0.006008304256965764,0.0030973866387622225,-0.03391838714293,-0.01841760432526226,0.07753841904507179,-0.04732714973569374,-0.027641166820243895,0.1548287885518882,-0.0041925539302099,-0.010236686519795483,-0.012045286965317996,-0.025352327336731234,-0.033617440377640605,-0.031192396474932937,-0.006002461038400662,0.002253414596974019,-0.02411002265860583,-0.030540937692519476,-0.011433763707383415,-0.030929484614096846,-0.00685658384458036,-0.019532632847945028,-0.023227116366022794,-0.010886400236909887,-0.015339036258414516,-0.007324798713215681,-0.015910650479148254,0.019629368850803006
6,-0.03350705437033539,-0.02615005673175665,-0.0038339729598694085,0.08075749235297089,0.009479018439217873,-0.01928884744511099,1.0,-0.028620788392251066,-0.025436056408945737,-0.030944390342840383,0.015903475015253337,-0.011004776539702088,-0.01047674745517744,-0.02189981542363062,-0.010401167163537317,-0.0378687465299561,-0.03164777335624529,-0.025549145889970554,-0.005834727941009091,-0.03546211323024105,-0.014930718327547233,0.07515497874181674,0.4245970998841067,-0.016509279371191763,0.0013408377206212156,-0.022607819140644685,-0.01607417575523029,-0.015396232146973367,-0.02072116001749099,0.01929552710242663,-0.026894529493460526,-0.019104261340513448,-0.012518587566255204,-0.011383260584725562,-0.0041412005570229055,-0.013885171951221607,-0.019756976807115578,-0.021771624975841966,-0.007090335759876965,-0.018052416181445628,-0.012622526118659608,0.0031004081029173697,-0.030537035291541545,-0.011531420295122826,-0.02315880148743928,-0.015545934044550165,-0.004545905807767564,-0.013293029232528106,-0.04270830973596697,-0.015288190423494337,-0.009781763881666836,0.01769100804066196,0.07428790445696444,-0.02393715834140748,-0.023575226577664792,-0.016804485682486915,-0.04529641323211345,-0.039978466961848654,-0.029066563572564468,-0.012245025448992447,-0.017352725817914125,0.05988815287781033,-0.048859134632735265,-0.011471088229631561,-0.02093236770250761,-0.028337988132263216,0.0844612458642534,-0.03222948554262076,-0.0333899208062205,-0.04080818353228341,-0.03655863959492756,-0.01356934392585761,-0.014038335258702558,-0.023718333641442838,0.02490023742527741,-0.017206398106946,0.019211251040060197,0.04309834028673096,-0.00045880791682277665,-0.019466539639346928,-0.006154151115685255,-0.05001785467032724,-0.015835416941592115,-0.027373191302855794,0.009419401425003748,-0.02448143145568337,0.002394517118749821,0.07842372927456782,-0.02741622046242631,-0.019831658559519676,0.10262724979728349,-0.012814646752243152
7,-0.01945908065378009,0.24695325177602823,-0.012259504129385592,-0.015259965448239895,-0.012965736642054774,-0.021943904442559052,-0.028620788392251066,1.0,-0.028787510644967103,0.03579341033406741,-0.0136332753843198,-0.018789935912746806,-0.037819595569378125,-0.02686706948048713,-0.032222070065052635,-0.0029771227534545986,-0.028386042718079332,-0.028452689888129132,0.013677165437471318,-0.014319061531203273,-0.01237735920962613,-0.06097873083404599,-0.04708128402052676,0.008858849706073734,-0.018998832609051025,-0.02528875568123374,0.006346178028655669,-0.011293293760262358,0.04679914420474432,-0.0475687374515642,-0.027459456150612176,-0.0190019846964622,0.029295786527712184,-0.014518216851912442,-0.05262760341515112,-0.022770418076489714,-0.033896911884227526,-0.025035502884125233,-0.00792711121154411,0.011128699993159581,-0.019706035220925785,-0.023238806601962807,-0.0004523986420783485,-0.012933289635313561,-0.028120622569890556,-0.0174417292220004,-0.00852063026735982,-0.020635961970151093,0.11021389837302448,-0.049826880744856084,-0.01374616647070314,-0.017990210956505624,-0.046203371096119494,-0.011676952948681395,0.02901812086527072,-0.02850007194658391,0.03206561737006415,0.07030345918557676,-0.022940717229461182,0.06577548386764233,-0.026539505018783195,-0.028661615679026496,0.0932218851051569,-0.012727121543291156,-0.02337684318146884,-0.03183953947496054,-0.05475082360494665,-0.020169619783117848,-0.021225487669547047,0.05880124467988128,-0.03594113636510651,-0.019227190479004837,-0.016150333425576736,-0.02613519507521677,-0.019584910251582217,-0.03188311973595357,-0.04952316019041105,-0.055863836573494016,-0.004941370794774381,-0.020910136920722366,-0.016932342137410662,0.12878635391339951,-0.017345730636331054,-0.003829736221532896,-0.009384169807966932,0.03382405319970401,-0.033156458645757204,-0.01373095169789489,-0.03503062291864306,-0.033159844486352875,-0.01309777865611383,-0.009323957330532325
8,-0.03406228711867613,-0.024807321914168897,-0.011186296267697009,-0.019419690259835427,-0.01079950606296701,-0.0041518330497135525,-0.025436056408945737,-0.028787510644967103,1.0,-0.02913593637725501,-0.01338007038950681,-0.03076880525875022,-0.025573205219117583,-0.023956354064835296,-0.03230572943229033,-0.03002332952905117,-0.029553114168379357,0.09904036164591928,-0.011370206607368918,-0.03705798428058636,-0.0035128465111358993,-0.049035661140738034,-0.044334305249686415,-0.015425270777048692,-0.016645712621144178,-0.010944628605980599,-0.014931503821098788,0.0022213511879976898,-0.026140452556243463,-0.03969304743928128,0.0312552985734848,-0.01792708856828975,-0.02052675400415485,-0.011537937264258702,-0.028641560625050116,-0.024978118233657552,-0.022622795047422255,0.06234653089925824,-0.006458334136494878,-0.013731666071561158,-0.023895328289881303,-0.01819713515946257,-0.06276744265062742,0.19216299860753108,0.16310914799212325,0.014640035779632873,-0.00338783606149839,-0.01751765758322673,-0.03290315384030023,-0.051675819224858775,-0.008789397006373312,-0.014927253755799744,-0.03247825827090448,-0.0223386851950738,-0.02123035193223924,-0.04062815240616123,-0.04780976972418889,-0.038074735803511756,-0.026288973185759634,-0.013874707300592698,-0.015076642220588342,-0.016531158401563543,-0.04609311243664112,0.004184821775012809,-0.019086606215111178,0.005937074073412917,-0.043044559834803146,0.0012606796923225671,0.06945409833884,-0.054140359691094306,-0.036866506974427345,0.06325575492353612,0.08203088449451759,-0.01222598184237571,-0.01623180051070639,-0.013469297179552728,-0.04154619479915937,-0.04659110919360343,-0.007735301669477444,0.11679349288038189,-0.030792192017077433,-0.046722677608477065,0.019904680673333154,-0.040078948365092085,-0.008826313055097294,-0.025331760354004532,-0.030529022022455055,-0.014029513269960249,-0.012374989201557208,-0.006074877198873818,-0.02051236279685757,-0.011788181218465957
9,-0.038081773733290275,0.08112318739836602,-0.013664393948466913,-0.030477979279917182,-0.01340704606143947,-0.02238264772152383,-0.030944390342840383,0.03579341033406741,-0.02913593637725501,1.0,-0.01629162046497109,-0.026899393157479287,-0.03834276226866694,-0.0290932698251627,-0.04546271696777604,-0.022811424838362626,0.04268508984962249,-0.029052635747388013,-0.008072285306423604,-0.04125966758159881,-0.01783004621037917,-0.06619962912290628,-0.05182348275527003,-0.01545725349961054,-0.020643003322489112,-0.025620617095359365,-0.014464233513711155,-0.016072522087209766,-0.008564438886816366,-0.05143270420726766,-0.035290721130360365,-0.02164475185911547,-0.024348224412138388,-0.01473739712456448,-0.05408744602962545,-0.030187339942806736,-0.035895560509744816,-0.025631961049515886,-0.006420844090945456,0.07923982324648092,-0.028945090178381788,-0.02413523078569718,-0.07638679481740418,-0.013067970755762083,-0.02704732312805152,-0.017910456940157,-0.009121413999326661,-0.021338497547653802,-0.036752201434447074,-0.07498833624686534,-0.014481825709158146,-0.018561547619692247,-0.047046103632408354,0.04979494288952857,-0.0285257156909064,-0.04551494952666385,-0.053328519826612436,0.2557714932876757,-0.028271237237141145,-0.016550375353428265,-0.03181035215166838,-0.02908840724963095,0.7214735907643106,-0.012974861270090312,-0.01975400240370074,-0.02755026300625329,-0.055136511255600686,-0.016032665290060793,-0.036530086824342306,-0.0665584335768849,0.12601934996860575,-0.018753500495445857,-0.016449040949687976,-0.014148657711060449,-0.01995426948467656,-0.04364081646642408,-0.05393556442813607,-0.057770478108907584,-0.009319634589383789,-0.02170519802476912,-0.016457626084566215,0.054060437744808475,-0.017941461736245178,-0.04356046541078397,-0.010660719070813375,-0.020655101066125975,-0.03953478201616086,-0.01651838105818029,-0.03571064412008399,-0.035187929019917324,-0.024616369707216465,-0.01377564498096668
10,-0.01963188086002801,-0.013736040115430195,-0.0056850264667769315,0.013244733872126015,-0.004518377572997712,-0.01031658268157909,0.015903475015253337,-0.0136332753843198,-0.01338007038950681,-0.01629162046497109,1.0,0.02416725492468197,-0.017227634093826785,-0.004713815634060016,0.13641655632748495,-0.019056174363630572,-0.016713189987257928,-0.013434608550049814,-0.0038692591242700572,-0.0014611680000680967,-0.008603784797470947,-0.02751064841586192,0.02225457983117884,-0.004737732740187262,0.07140296943290964,-0.011844980076869203,-0.008370817472393812,-0.008142010362457519,-0.01505287557832069,0.035260754152647324,-0.013929315600673463,-0.009994785268966298,-0.005884148750052888,-0.006795512918412532,-0.014244796523725614,-0.010741886629650508,-0.016139068990039068,-0.01194010621536252,-0.003694911499255814,-0.009438213057374325,0.012310368512136143,-0.010905012930903088,0.0038592859463578684,-0.005971817127395345,-0.013005668640217584,-0.00825597054855722,-0.003562037829708335,-0.009103168540599513,0.004256342628102512,0.0868492837867359,-0.006761738214755658,-0.007639973817174067,-0.018657607053864888,-0.012039128942376392,-0.013003078233767172,-0.023914189882620725,-0.015436410861568143,-0.02101616645213346,-0.014275685530469682,-0.007825429294239895,-0.012518464529813072,-0.012006822561045185,-0.025770233800322496,-0.005951864136390481,-0.01179437825853248,-0.015072525560342654,-0.004222300191148633,-0.017120440881030007,-0.01836128194054195,-0.029409994881619446,-0.02080115080364775,-0.008993140604251652,-0.007593616865906023,-0.01258055318934896,-0.008594846394415726,-0.01393356697537029,0.05170660638586817,-0.013125515461350786,-0.002991753894444706,-0.010205540481299718,0.017606293909603034,-0.02541335864840705,-0.008300254442816441,0.007082527266560951,0.028256022639030473,-0.00644911075407993,0.04727179409523051,-0.00690264230876775,-0.009386525393115255,-0.017415462619998087,0.03232435493856235,-0.0073572507466596
11,0.024531501269475918,-0.016883994260951225,-0.0022902333959094823,0.03669478523870476,-0.013307155021013303,-0.023409835603032905,-0.011004776539702088,-0.018789935912746806,-0.03076880525875022,-0.026899393157479287,0.02416725492468197,1.0,-0.03563268663956093,-0.006782510138669867,0.03734438620107817,-0.0324915066674955,-0.03822521853725154,-0.03166627590153304,-0.009720538002908008,0.0708546167196016,-0.011570822009094981,-0.047973366034564674,-0.01672366433234793,-0.01679038494657955,-0.009138055175934185,-0.028026909912541566,-0.017537129143147465,-0.01728943499523196,-0.01582937069993368,0.0028585492855264178,-0.020463873541590377,-0.018366850081386173,0.10106322704925227,-0.016112873328725404,-0.048750713693294694,0.034775726641641296,-0.032509817473300534,-0.028120332972340532,-0.0087615824994631,-0.016668890497532837,0.04976563422922223,-0.023833240197101747,0.05623510905691481,-0.013876898672111653,-0.029561123084305675,-0.018612046092076808,-0.007659568657715074,-0.0142576677516723,-0.014425178799805073,0.07443774243803297,-0.01472637717698818,-0.017855159324795852,-0.03675778075371297,-0.02826746285946409,-0.015617047612805137,-0.04390036552379312,0.012462129438790496,-0.03758057233672749,-0.03298938652554058,-0.013681887000967327,-0.02724269785585153,-0.017881443891000687,-0.04181674487786541,-0.014108341435167676,-0.027327381864403807,-0.033339729510274765,-0.04653582745845143,-0.03936321843877265,-0.022349064491391547,0.10626870173978296,-0.04617342387745792,-0.02016809507962604,-0.017298243680596594,-0.025742630849291355,-0.006288540643576205,-0.02097509903002912,-0.013494437294686336,-0.035317092185713515,-0.004705058185700046,-0.023429079495543507,0.7235857958289968,-0.0575016050898743,-0.01889268183186851,0.07667400235886525,0.05117470800514768,0.0211465926801146,0.03358931602314394,-0.005195073362193359,-0.02536399353145736,-0.03836891796497981,0.029495333728220042,-0.017273181310196103
12,-0.018534684734765862,-0.03198490949519603,-0.014257532614225887,-0.0035090504855807593,-0.010566222579417401,-0.017155653267032507,-0.01047674745517744,-0.037819595569378125,-0.025573205219117583,-0.03834276226866694,-0.017227634093826785,-0.03563268663956093,1.0,-0.03169187424459354,0.07475305605428188,-0.04794215354928889,-0.03950852733608569,-0.02702825992899589,-0.01565915866816902,-0.048616559966297976,-0.012213715985804166,0.07662898868670548,-0.03716974745539335,-0.02033126133408004,-0.0046115789070302355,-0.014739970470967992,-0.019771476339726708,-0.017971185113111333,-0.03355302736299018,-0.03984400973169795,-0.021707065907061854,-0.01141429061692829,-0.024023985932394132,-0.015080259031341574,0.34957603439861157,-0.03226715517552631,0.0044473577020512885,-0.011601872042224473,-0.008540319797180928,-0.021840871501074787,-0.031307405769757046,0.08944808184382183,-0.05384830430346009,-0.012627865706589865,-0.01962001627663708,-0.004792639973645719,-0.005220337060868363,-0.022782690545095324,-0.044549307995154136,-0.05270538096671404,0.06528844051651324,-0.00742370239930689,0.0663548104294389,-0.029529391529808276,0.0648619199643152,-0.04300797240288547,-0.06224975885852778,-0.04981880064627592,-0.03585548256493751,-0.013740021136002778,0.062171934152507734,0.002455047119695888,-0.06085805046967259,-0.01344927792882921,-0.027283954207370918,-0.0332700980594636,0.09069800948217017,-0.034750323992015206,-0.02827456429227064,-0.006762424155387189,-0.04938145688758881,-0.016311753934941633,0.009294819532942011,-0.0280162525708194,-0.010714568437458655,-0.023738938029381457,-0.021432222913002716,-0.03833792980330313,-0.009598905575417638,-0.021548773357137414,-0.0313857006673989,-0.06155611544303321,-0.018857215136503257,-0.026511388693070313,-0.011415167947014743,-0.03343787443395198,0.057426701607703974,-0.018190947302877,-0.02074873850748038,0.020897446753619108,-0.022540654762756834,-0.016656422428291184
13,-0.03193897914178,-0.02354224838877327,0.03903421721608988,-0.022449833254724563,-0.010331095866985298,-0.018550691726721885,-0.02189981542363062,-0.02686706948048713,-0.023956354064835296,-0.0290932698251627,-0.004713815634060016,-0.006782510138669867,-0.03169187424459354,1.0,-0.009734554229984562,-0.028588860677885478,-0.02749158614261013,-0.02403732164200127,-0.00946006454008597,0.0399096372802762,-0.01509673581006216,0.011532450389494023,-0.03545151974317177,-0.013825028153189107,-0.016158601683171195,-0.021278411971899985,-0.0142964449515358,-0.014254054111069378,-0.026259349633033037,0.17697887193041756,-0.02775273294589774,-0.017913709461020312,-0.020635268463537852,-0.01218810052459,-0.04511630229032769,0.15870582202063183,0.006467298313739816,-0.021506198038043926,-0.0066504006535438275,-0.016969718035914974,0.026881224272875565,-0.01986968219774294,0.11790051567799081,-0.00996396654615142,-0.023026723227783395,-0.014831665570111058,-0.002244508686386847,0.12334296699057529,-0.033863519276458,0.12347742933202391,-0.011345505610622225,-0.013733604793329666,-0.020743304107735287,-0.022410856461051742,-0.019885238937276832,-0.04251355298779808,-0.014915201951614342,-0.036572392519923405,-0.024217412801072237,-0.014321856164250323,-0.025768742549225114,-0.004117185935365813,-0.045683322894104775,-0.010754251691645,-0.019983490314632223,-0.02696333443687573,-0.026443278291877224,-0.029055810177075633,-0.03298485194461052,-0.058045834778753136,-0.03754234735598795,-0.016294976690408327,-0.013649526242324742,-0.022610379431990704,-0.0164046958408671,0.03660167538942125,0.12449650086594624,-0.051027279854333224,2.959531013864425e-05,-0.018151597634674072,-0.00277473654170034,-0.04530205071532134,-0.015162541651004474,0.031328013855258054,-0.00824326262374972,-0.019463980969220005,-0.029488366569171216,-0.012820411559389922,-0.015734641097297167,-0.030300760031258075,-0.014738138443728312,-0.013137624895880492
14,0.09333431251321467,-0.02382823605264041,0.007815603134454969,-0.002670972235956832,-0.014877942858622317,-0.014530226442170571,-0.010401167163537317,-0.032222070065052635,-0.03230572943229033,-0.04546271696777604,0.13641655632748495,0.03734438620107817,0.07475305605428188,-0.009734554229984562,1.0,-0.03763132400660153,-0.04421785968612845,-0.03486407079504046,-0.003839629103660291,0.09155318570008858,0.006522182006102635,-0.027992176796520177,-0.03381614909616544,-0.01860383029935882,0.02535654556258383,-0.03322798109241798,-0.022313004756369596,-0.012888966824102982,-0.024596763086797487,-0.004342258238405711,-0.019260389610099526,-0.027874224709631714,-0.008758227246156705,-0.01928940366137309,0.019992260448687165,-0.001958849199234387,0.03919742994032686,-0.012420407495150054,-0.01022858929513157,-0.015697279926676102,0.06085021409220337,-0.0132951300921012,0.041113646431439485,-0.0038663602396830803,-0.03135728553459828,-0.008947438710850228,-0.0069251127076118205,-0.005658279277404361,-0.004404333287866316,0.136233977072385,-0.010490782688927858,-0.01942186066661472,-0.018005642535921525,-0.029538782261579112,0.05176329772645637,-0.05452078919547815,-0.0007001181591148927,-0.04793975433984775,-0.012716481526906711,-0.01868118642399541,-0.003122280013124151,-0.028910326134214404,-0.07131044715618423,-0.017026097298978422,-0.03185468113308608,-0.018627707666441277,-0.029971913491299247,-0.04217301531540181,-0.02802305968637188,-0.003250945151823687,-0.0584803740521251,-0.018469919983488126,0.0007030908234402829,-0.035214035700122756,-0.023094358770467744,-0.01030612855950349,-0.013996995911774737,-0.038797498273014944,-0.00406003685164751,-0.019723219597557393,0.05152603149997107,-0.06823519102366382,-0.021886159876320452,0.0021058748765424642,-0.0025741598953925478,-0.009967123112319603,0.061314255473661074,-0.018439724657944148,-0.00024162449903917995,-0.02929402063579238,0.03978673504848705,-0.019847056640809553
15,-0.04491958661516138,-0.0022300607362271884,-0.01606025044825928,-0.03261041016255032,-0.016753669818435096,-0.019283769520299542,-0.0378687465299561,-0.0029771227534545986,-0.03002332952905117,-0.022811424838362626,-0.019056174363630572,-0.0324915066674955,-0.04794215354928889,-0.028588860677885478,-0.03763132400660153,1.0,0.0347242417657444,-0.03582608739329652,-0.013468231742572528,0.03400051336022643,-0.020787424133742946,-0.08032410091435797,-0.06775028305301745,0.018593483980706402,-0.02575354400553411,-0.03221084756956666,0.26791343026370285,-0.005040806059238821,-0.03747303430001392,-0.06299204512344311,0.0013013040201398747,-0.02530905013849949,-0.028825675568976708,-0.018389943328598453,-0.068421278801021,-0.020132110526543887,-0.04039574675879532,-0.03229686660097639,-0.00960385843807862,0.0027336371626330296,-0.02002129019792451,-0.030253379876450638,-0.0822012259692066,-0.01617620656910537,-0.03493071473152953,-0.014403771558404705,-0.011297859049871808,-0.025408606811298376,0.12958441356161443,-0.02111495611204619,-0.01850002590317739,-0.02320876703574149,-0.05854393863313725,-0.027513859495430906,-0.02517933400787052,-0.0629077535893048,0.014261995553204242,0.10605822027372276,0.19632286855406994,-0.02142821255936815,-0.027276544186711122,-0.036164632467700186,-0.02040136332925028,-0.016220490838055532,-0.030475433003699037,-0.00026176201084537507,-0.06946556086586665,0.14217808155300993,-0.03788230622850737,-0.07404822320886233,-0.04701054501688076,-0.006342635283781317,-0.020494754899766085,-0.031224960027305126,-0.02509591906170004,-0.004652373123728612,-0.06609587980017388,-0.07152242979199588,-0.011656334058797832,-0.003493097927455475,-0.03635633857542727,0.056786078069472286,0.006450415796154061,-0.04629504799763111,-0.013015678987011402,-0.025669666959380492,-0.04911045425681647,-0.020609349696172216,-0.026390147755327015,-0.020829855593008352,-0.02928535339202335,-0.003909690117028129
16,-0.0411182838929882,-0.02615850409316515,-0.01369301780582393,-0.031255070182341305,-0.013226315486641847,-0.02182677788443455,-0.03164777335624529,-0.028386042718079332,-0.029553114168379357,0.04268508984962249,-0.016713189987257928,-0.03822521853725154,-0.03950852733608569,-0.02749158614261013,-0.04421785968612845,0.0347242417657444,1.0,-0.028823916768431976,-0.01630455700946768,-0.04112482367398925,-0.018944874414782695,-0.06546643078718237,-0.054209559122634685,-0.0139721844028944,-0.021074149690495127,-0.026455462835139942,-0.006603350273941842,-0.00862340854761219,-0.029979744968494162,-0.0504655881215743,-0.02501746968359484,-0.02167206370358022,-0.023624454222613327,-0.013125155971003763,-0.05600256492601424,-0.028768582172750773,-0.02877521174111955,-0.026328951045255424,0.0010751773380387386,-0.02134237837076039,-0.030041205081770196,-0.025078150855229693,-0.07852280473458997,-0.013338235487168861,-0.028462012671918897,-0.01753861196006698,-0.008531729755044232,-0.020719800446625546,-0.043972725462164755,-0.05874299919978111,-0.01358271067234769,-0.017864827940095116,-0.048264504348630846,-0.0020336359728709533,-0.0269822530472772,-0.04919072918411263,-0.054037599636829664,0.012721858330782567,-0.012451316122108378,-0.017313639480255272,-0.016708604351242586,-0.029298511767166163,0.05975726884003788,-0.012718865554160888,-0.02542369791571565,-0.028750068025674584,-0.05581032904486517,0.0034785801670400647,-0.038479548129471554,-0.07253295828561977,0.14575432643021594,-0.01786042581614586,-0.01595686611790101,-0.027049007031743157,-0.019632903791951005,-0.03694213855930976,-0.05296340292565359,-0.05120518085499884,-0.009169059070253014,-0.019699315550618504,-0.03919873650327283,0.10991725135514033,-0.010856826846634145,-0.04692374735645656,-0.011165269595270762,-0.03100834181093285,-0.03862174956162155,-0.017176622461090373,-0.024667720933087715,-0.03819344998295515,-0.02555161089265351,-0.0056807548818180245
17,-0.0224681438716203,-0.024873604136899808,-0.011178123742693714,-0.018691331146625235,-0.011054146521451058,0.4824928315970552,-0.025549145889970554,-0.028452689888129132,0.09904036164591928,-0.029052635747388013,-0.013434608550049814,-0.03166627590153304,-0.02702825992899589,-0.02403732164200127,-0.03486407079504046,-0.03582608739329652,-0.028823916768431976,1.0,-0.013283757735834033,-0.03703188654692166,-0.00875852279686678,-0.05250993415599224,-0.04468331145345156,-0.015249443803766609,-0.016370672780227413,-0.01903711365804185,-0.015049223467793752,0.008454120795237482,-0.02592955819055963,-0.04200930677703701,0.08928020561745645,-0.016374598655921654,-0.020618376694082598,-0.007207364048477027,0.07306473032764063,-0.025313052458592424,-0.027802919424711563,0.2112444376735995,-0.006267081068526959,0.0017020583563393463,-0.02403046460329719,-0.01891674469033003,-0.0639786131391219,0.02842797064804343,0.1549828380665916,0.08476375994252466,-0.0071816613035399785,-0.017358716463928604,-0.0352016459530175,-0.06215843236023873,-0.012117808915245783,-0.014999999498705847,-0.03604503007459277,-0.02231668747623432,-0.01600478258458389,-0.027408514993416632,-0.05013924954536825,-0.03732969343594689,-0.025783157838841546,-0.014223485642005654,-0.02793388038889408,-0.0027137234356137815,-0.0453867100017943,0.11540665060174461,-0.015345930048104183,-0.013577168414090887,-0.04273382435179363,-0.022371798650239083,0.18382210784166667,-0.05962074598099733,-0.035949645155271125,0.02472026206738852,-0.00294336512291247,-0.017348422406785684,-0.016262456870895864,-0.02972021807229171,-0.04360186909921537,-0.047962817561364675,-0.0076907012625192115,0.024446673323111456,-0.032224477544437496,-0.04621871441491234,-0.01305170510151339,-0.037978101833476,-0.008881990956604153,-0.024638850213867077,-0.03033575433204034,-0.014117397596360892,-0.023353050480007513,-0.0008417415539863969,-0.020886220413499038,0.006703909529406459
18,0.0038318768698114933,-0.0011324911723551547,-0.005809941556714646,0.0001858217062830382,-0.0034239386539691424,-0.010029660204792186,-0.005834727941009091,0.013677165437471318,-0.011370206607368918,-0.008072285306423604,-0.0038692591242700572,-0.009720538002908008,-0.01565915866816902,-0.00946006454008597,-0.003839629103660291,-0.013468231742572528,-0.01630455700946768,-0.013283757735834033,1.0,0.007141379866461686,0.037101004494165195,0.1219244718688719,0.0014854078885250454,-0.0034669151370018865,-0.005858871775668226,-0.01130525597107258,-0.004861476398373744,-0.00406158632645368,0.00019092276007700096,0.009159751779167592,-0.010196510884606817,-0.009484615566312252,-0.007209713063834836,0.06707098533529018,-0.006112468352146552,0.00020470164000306493,-0.007894421842481434,-0.01143720041345895,-0.0036457934976861215,-0.006123956006424311,-0.006080201218858198,-0.009756788869993423,-0.00048563596796570357,-0.005440735673722646,-0.011323456313257388,-0.004984783909202505,-0.0032576891655320094,-0.008840550413415457,-0.006212624590094678,-0.005826971580187601,-0.005644000047508647,-0.006415333246694894,-0.006108471804842886,-0.01213450362098153,0.00048715564342301926,0.013872566023937171,-0.0035757191621994685,-0.016425159151756633,-0.002681724805250164,0.0019841409936905176,0.0023923676709573646,-0.009389010501165801,-0.006179001691516604,-0.00592524866938334,-0.00044503866873471477,-0.006499796272093067,0.001829875539221832,-0.011758437810719922,-0.007329707776046308,-0.012168848120883922,-0.020641314390192463,-0.008306509090328866,-0.006783090511460916,-0.01014205056316786,-0.004387624512136393,-0.005631491159297567,-0.002472773693846347,-0.002367373408347511,-0.0025936673327376157,-0.008777845126235717,-0.006024999186747011,-0.019148510668289643,-0.007359127660827293,-0.011820305117194285,-0.0034648770907244357,0.033975386779028414,-0.005549060040609078,-0.0037556478415958464,-0.002551168719563523,0.008985410717726072,0.004077336766165391,-0.004621433604795075
19,0.031887824616964,0.006609785764173483,0.007086767451090676,-0.03296141156993209,-0.016275679146200227,-0.02852851257873528,-0.03546211323024105,-0.014319061531203273,-0.03705798428058636,-0.04125966758159881,-0.0014611680000680967,0.0708546167196016,-0.048616559966297976,0.0399096372802762,0.09155318570008858,0.03400051336022643,-0.04112482367398925,-0.03703188654692166,0.007141379866461686,1.0,-0.020613814886536345,-0.07233815607268038,-0.06017168215273849,-0.0003228089124124459,-0.02605767589607958,-0.032940453807878564,-0.013408975639941367,-0.01486661975002104,-0.02516261169351381,0.03036525122972504,-0.03408632477363846,-0.027505915466450814,-0.00460871335711162,-0.01888668199367558,-0.06916136677324111,0.052071699154508724,0.0206851950894062,-0.03324752538213438,-0.010186593093266454,-0.024591276237306035,0.02031062035369021,-0.0303394202462677,-0.047981386227328705,-0.016057421432403678,-0.03610289662717983,-0.022276823115459844,-0.009440619317213534,0.005780774369123675,0.026420467514469904,0.3124692595921973,-0.01861764989492606,-0.023458317495694398,-0.04617602934277436,-0.03409962469839843,0.049675399997920075,-0.05723397988212421,0.0689136477422598,-0.026163584757655286,0.02477861334326933,-0.01175328272213641,-0.020981081799672636,-0.036272072643824774,-0.06572995462200844,-0.016546586311754687,-0.031402822298416566,-0.03971031882248037,-0.06867079269486519,-0.03103423033680198,-0.04442434563750421,-0.05438225841790367,-0.05790790860568644,-0.025201415751905855,-0.021091187559429188,-0.03498454308870885,-0.025098054336921763,-0.01809962318454265,-0.03266165272495044,-0.07322278469032102,-0.007437187838239076,-0.028139927720612894,0.0652215939873422,-0.0653407891735922,-0.022954453194507507,-0.011370784732416483,-0.00924122662238027,-0.006535860894308179,-0.044510570524056235,-0.019160605118899065,0.0014133659663353466,-0.044707418608868454,-0.017875289773371432,-0.01989628662044743
