,0,1,2,3,4,5,6,7,8,9,10,11,12,13,14,15,16,17,18,19,20,21,22,23,24,25,26,27,28,29,30,31,32,33,34,35,36,37,38,39,40,41,42,43,44,45,46,47,48,49,50,51,52,53,54,55,56,57,58,59,60,61,62,63,64,65,66,67,68,69,70,71,72,73,74,75,76,77,78,79,80,81,82,83,84,85,86,87,88,89,90,91,92
0,1.0,-0.03398172761635547,-0.022901946558622863,0.005406158193134463,-0.007092358810078211,-0.03168621091824374,0.07657194293602906,-0.04270744855088224,-0.029960721456037835,-0.0428857785188842,-0.01815298053095362,-0.03641316587953333,0.06644941650512479,0.11191043820791624,-0.019972815167494197,-0.05411566517597571,-0.044630846776187394,-0.016196411715917788,-0.04247687300283548,-0.05231750750631262,-0.02181301636930028,-0.007893201261095831,0.048513180558430694,-0.023012685650901178,0.03997418972375427,-0.02787163387037242,-0.022165270086180675,-0.023050604499941944,-0.030943932738017144,0.039208583162805115,-0.0004266243481470767,-0.02429107579940998,-0.029187685075369722,-0.018067006628751978,0.058008746312912945,-0.025523501037531274,-0.011484944243033294,-0.02869821778972602,-0.009690569280605412,-0.024717598288369065,-0.03144029176389462,0.07321190740943205,-0.030917563877401664,-0.01221191152956887,-0.025630074950935694,-0.02269053007173688,0.0019573100713435234,-0.02027732897561388,-0.05081877719896395,-0.042938633646830565,0.047585260531198305,0.07152970579706326,0.3970420512438401,-0.032090522979432906,-0.011767431344617484,-0.057128310778079464,-0.07224156132838067,-0.05704399263668231,-0.019830981380921146,-0.021117031781522015,0.002324183534969289,0.08426287849759069,-0.06684638641287739,-0.015560743769037955,-0.030019986962075054,-0.03920666531773062,0.17198364495960633,-0.04243754051675558,-0.037652883496175474,-0.021217006365767746,-0.05527850214232071,-0.018080215890449388,-0.017593287399921213,-0.03141659476476544,0.02343106413276084,0.010587082010800632,0.137899718397965,-0.006724745971894018,-0.009793025580690708,-0.026276130746862466,-0.045273187411632346,-0.06825957889046694,-0.021173618839571473,-0.034835822266357966,-0.013429890596094313,-0.03714621166954679,0.017766281953124678,-0.01935111034864086,-0.0389048034925596,0.022991181461087747,-0.0148574130002842,-0.01913734780736181,-0.04078357421121851
1,-0.03398172761635547,1.0,-0.016793308751283875,-0.018417400168938874,-0.011164402005170621,-0.024068471821528065,-0.02614620991225717,0.247277638226688,-0.024761117060300774,0.08102524657412569,-0.013682681573194726,0.010255798232458067,-0.031983774870238374,-0.04687006849358339,-0.02375178003356241,-0.0021687855424205376,-0.026101715125253812,-0.014099496102924906,-0.006158606108722445,0.006749330149196222,-0.011628216622318978,-0.0018458348995559985,-0.0438683897634518,0.013479594087498332,-0.015710189111035517,-0.01940714451196532,0.07094653836862785,-0.0183864110515837,0.1396157030746964,-0.04183805638523886,-0.02251732252055448,-0.014125537516579011,-0.013948836419942373,-0.012620912565825227,-0.04369807468861805,-0.009304529461602495,-0.02859492915684496,-0.0220031133028675,-0.006849729638736406,0.00032145732870883775,-0.008088244250970558,-0.01960270195393716,-0.023540659307373486,-0.01117743028869692,-0.02376689723680637,0.04391139950158114,-0.007334457629053543,-0.01466143078731469,0.09940093906283337,-0.022598354652840387,-0.008901259835264887,-0.01599609785194352,-0.05475801252758994,-0.017775140747835153,0.03477863158466778,-0.017247269211982084,0.030529711535353256,0.09314623429025858,-0.011631192427099972,0.07584101844771518,-0.022583561470244748,-0.02490310678900838,0.09402280858872973,-0.011100508295407183,-0.017103164812140047,-0.022873715956948357,-0.046643067843852234,-0.0076927444420206124,-0.007639462137868355,0.0522871901992391,-0.025083869842458494,-0.013783721034653959,-0.01391469201420642,-0.021512948228205445,-0.01705787387352907,-0.02735386301755745,-0.04516251534870928,-0.04446361402951804,-0.006853654994673261,-0.016877675063381177,-0.01960473129120136,-0.014051560059426432,-0.014229671184143153,0.00010829800939111077,-0.008752286093380475,0.006248281869930487,-0.03139348785840255,-0.013357266163712519,-0.027723322414251912,-0.01855207316670007,-0.01901715168779569,-0.011685267072486526,-0.002527893474834961
2,-0.022901946558622863,-0.016793308751283875,1.0,-0.016739815433041927,-0.006311416189451076,-0.01834192046653186,-0.00831951140293457,-0.020250610450204425,-0.01888729813348901,-0.023409926826536955,-0.010467301209320622,-0.026979982849312138,-0.02413313917162109,0.057023408670505635,0.006029121088215946,-0.026202124951090366,-0.022251190970458124,-0.011520347603355938,0.13477529933395768,-0.005887689196772492,-0.012697525079931764,-0.008361253998784679,-0.029275932937629617,-0.009774182502015769,-0.013411349666238255,-0.016893762082773982,-0.011450283670599875,-0.014411219821052888,-0.02106220686378512,0.08021694125639985,-0.013001096297776625,-0.014326875011679143,-0.012358148024745816,-0.009995542860425102,-0.035895368034084996,0.10054839079003686,0.08395924607133906,-0.017225312026363106,-0.004862115751674454,-0.013661223921294575,-0.005253825775364467,-0.015714567304572186,0.08187921556033811,-0.00516965831590043,-0.01832758448837287,-0.012137136752742913,0.018534073774513497,0.43128637463495445,-0.010171380545502038,0.05047025453849671,-0.0033700991783635935,-0.011653765655287212,0.04147623240165285,-0.01793906060717075,-0.011244941847596331,-0.032407019653630104,0.0015300407435541797,-0.029974015058268147,-0.008336288760021033,-0.011320735685279689,-0.016304971416121042,0.019042979996685826,-0.03591888386225847,-0.00865288311921657,-0.01454189079395645,-0.020857711092614438,-0.031325062072390344,-0.023676241516291344,-0.025638969336183884,-0.02203889134564999,-0.02955079867232731,-0.011289498509488644,-0.01099647945130101,-0.01806766419740201,-0.013148784987867188,0.10265905134357689,0.05787731785719229,-0.03965254030997625,0.016209791816641214,-0.014422060564333355,-0.021068565588430982,-0.03656671637239258,-0.011577075015463107,0.14415745502924612,-0.0068391163450781355,-0.017187627488013738,-0.0251880264861176,-0.011062418892827594,-0.0129210817439128,-0.02169910827553144,-0.01247156145168045,-0.01055395606212714,-0.015550556656662703
3,0.005406158193134463,-0.018417400168938874,-0.016739815433041927,1.0,0.0032918421130526667,-0.018557489531002218,0.08057303029645504,-0.015106127815186629,-0.01867880017711679,-0.02994577758093482,0.012823524202754788,-0.006725088185868656,-0.0028640034566650265,0.04468726049976114,-0.0026721020800003527,-0.03252200608954467,-0.03111799648285308,-0.0005044514768300029,0.11865468944678766,-0.0326382211736413,-0.008158545878921192,0.0006180958613962637,0.031913438636215555,-0.006879795863813957,0.007798946997613336,-0.011820734460844078,-0.016501460216537055,-0.018428365375094444,-0.02281217209743353,0.10721070065314126,0.0010364616592533765,-0.0091371044745569,0.021122402568104548,-0.011698495675685115,-0.01363483533481738,-0.008017931462812294,-0.015250186266947055,-0.014674321965119298,-0.0071509829915129535,-0.013938042177015407,-0.014665313358910914,-0.011659278468380252,-0.022817111243582752,-0.0089643323095404,-0.023310606207572845,-0.0070034287476396714,-0.005813870129230247,-0.012922609006194727,-0.0031159490249917593,0.011845862634391123,-0.011334053943698408,0.002816457824709717,0.00014584784700967177,-0.024929624393252053,-0.007453449021365807,-0.001051520160706105,-0.02214326318920744,-0.0329930800131607,-0.010856186073618886,0.018266295228635078,-0.01303817807960395,-0.0043480742930182975,-0.04730110337862875,-0.011227078009246848,-0.016326478848156613,0.013147839572270682,0.0008233324243510452,-0.0019507225346210295,0.005888529728912429,0.013546542161837798,-0.04223818873867452,-0.0025380451515612653,-0.012296227963842268,-0.00909396110297965,-0.012127495023470502,0.01365540186334265,0.0021667054137014677,-0.010180538046003553,-0.0015109167003128096,-0.003257824712253632,0.05326090384642186,-0.04889927822039037,-0.01317454823650856,0.03308083452879958,0.11116817949056447,-0.012261464999465198,0.1042236303820254,-0.0011833140648149986,-0.020299690843337583,-0.0074729239482967825,0.04571762947081282,-0.013161459729518498,-0.024106172239747807
4,-0.007092358810078211,-0.011164402005170621,-0.006311416189451076,0.0032918421130526667,1.0,-0.010688253145825017,0.00953923154458252,-0.012978302291653492,-0.01079105556930364,-0.013340588903919703,-0.004469516818627469,0.004234377798445237,-0.010569823625996181,-0.01186256230438084,-0.014898636138675644,-0.016738837096238017,-0.013244973570147395,-0.006566715703782598,-0.013920678978740967,-0.01628023471284306,-0.001034819749663081,-0.0028431621327396454,0.016650648487274235,-0.007124469181648491,0.012056222436464108,-0.009203020800009312,-0.0069255569972454375,-0.008146852824693343,-0.008851596760797427,0.008047684548916157,-0.014327586551214334,-0.0077344186125515415,0.019322317836963348,-0.005098583608153493,0.0011268038690398937,-0.002672809943273083,-0.009592826713208755,-0.009601897458226132,-0.0030285318585081536,-0.007600551295692108,-0.007068032763824497,-0.007373330466246319,-0.010291497484699031,-0.004894812996783628,-0.008657784486147605,-0.006696197588342572,-0.0030969142909692184,-0.006266121937516814,-0.017531081930249562,-0.01924517181470997,0.0012389706100421173,-0.002104328449225152,0.030705144116577824,-0.010359973738548793,-0.010384280397214072,0.0019164221928539707,-0.02057302230600875,-0.01704721619365252,-0.006116703371471214,-0.003470895589520559,0.0031438915362212846,0.019173913517145393,-0.020668268844216263,-0.004885513574924886,-0.007889106891492859,-0.012220590365839131,0.01612961515750523,-0.013864636613041863,-0.01444674441019093,-0.013152335745511527,-0.017379361025616144,-0.006127774384891937,-0.005366049731074164,-0.006360502770535613,-0.0028675655178290117,-0.006254173960860965,0.012923703697922178,0.08193354898054855,0.04799080440006105,-0.008648342522957465,-0.01415028944252297,-0.02156835406415887,-0.006678674438415214,-0.0017905907044734005,-0.004068253659727714,-0.011232334810761888,0.07043563546342776,0.0032756385422894312,-0.011959816434187778,-0.010935494423243894,-0.0019421441212015716,-0.0035362369833724255,-0.012512367230933494
5,-0.03168621091824374,-0.024068471821528065,-0.01834192046653186,-0.018557489531002218,-0.010688253145825017,1.0,-0.02467578181808235,-0.02752971979910253,0.08906334022102763,-0.027929599685746938,-0.012927040055422213,-0.020198191988640098,-0.02612189227705094,-0.04505439605126879,-0.03337508186070838,-0.03408269718327814,-0.027747336178742504,0.11013820114619814,-0.06356324574481928,-0.03581504307855776,-0.008651813596337363,-0.012049803369962649,-0.043202778654396895,-0.014658135127157943,-0.015705101200628596,-0.018690108835584994,-0.014531903126935758,0.4334514689744081,-0.025365388702446475,-0.040830714662076266,0.09211180998930482,-0.0150503764278625,-0.019744388438059455,-0.0071030921038474585,0.07644510695886873,-0.02401530410445475,-0.026943830657864425,0.17290124429509351,-0.0060650024702941395,0.0014257180747441105,-0.023225474545569197,-0.018333920101531134,-0.023206158470947726,0.022833775935234363,0.13994155167421243,-0.015304528531204393,-0.006594915515769609,-0.013889866687085023,-0.035256571791032365,-0.05996831730865651,-0.011745138264528106,-0.014498720855137922,-0.0510703959586304,-0.021573489744826188,-0.01398259590365174,-0.02809238097584514,-0.04825461584917952,-0.03637245692809323,0.008072039885372008,-0.013681851463389296,-0.026707494205817424,-0.0007160342023408758,-0.04289865116343757,0.10031785185715822,-0.014730600929845373,-0.012814400815553219,-0.04132806347714521,-0.022183586889681313,0.1830414841921189,-0.05607644210412731,-0.034826531365350126,-0.008046271660109473,-0.004783656355448397,-0.017230461949573655,-0.01573611774012515,-0.026937538404998962,-0.04218350904053413,-0.04647679527561227,-0.0071223190837359784,0.01888353586250743,-0.03264286372369667,-0.04438690294425651,-0.012891502808260765,-0.03703915308378325,-0.008948143798538827,-0.023876439197673932,-0.029000986179119236,-0.013597958605641725,-0.02176344902142403,-0.0038176713848932843,-0.01973347331914372,0.011446240759682452,-0.023591078629117
6,0.07657194293602906,-0.02614620991225717,-0.00831951140293457,0.08057303029645504,0.00953923154458252,-0.02467578181808235,1.0,-0.02888943721028024,-0.025347768746645516,-0.030750536521273707,0.015893793971422383,-0.03435488279180162,-0.010476835103742907,-0.0035072400948768694,-0.010327525209219028,-0.037798481857077945,-0.03161138263334779,-0.015173456744543273,-0.029986036697470884,-0.03546692220341171,-0.01509069369824811,-0.006733197829880155,0.4247047059769883,-0.01650420833955485,0.001392610496273428,-0.022585840734640428,-0.016065410472521094,-0.017410944075698015,-0.02066800040100612,0.021507206567858542,-0.02680765078160202,-0.019123464832793008,-0.012435749961468151,-0.011494869589001387,-0.004099264448174004,-0.01373572937250029,-0.019756301393847188,-0.021551471437457018,-0.007064676031928542,-0.018083546804885407,-0.012616265184431538,0.00304164149213843,-0.02180993155827258,-0.011504395300188125,-0.022969430180245016,0.005305458049267344,-0.004247152145738916,-0.010918773136429517,-0.04274632395321158,-0.014186080663569139,-0.009820715927483327,0.01762271217358083,0.07698729484115957,-0.02392612303946716,-0.023546241557852305,-0.017456597815011667,-0.045640732283275975,-0.04031005033604907,-0.015554054954639424,-0.012699645589537449,-0.017018790447885963,0.059802885974573367,-0.04778838966184312,-0.011381557132132918,-0.020925324451492686,-0.02828390548390816,0.08485321923084291,-0.03216472009961097,-0.03328594728477349,-0.03882727073732983,-0.03652655786045942,-0.013684897738248134,-0.014035556213663513,-0.023663532495083565,0.02490987495432777,-0.01645627889364363,0.019636015989094948,0.04325726690746477,-0.00027425310877434795,-0.01968077074874436,-0.0080868349656277,-0.05000102159288495,-0.015833669732043476,-0.027335035512716366,0.009085028755854397,-0.02451846557239786,0.002636213023509222,0.07845757271683615,-0.027318239309466724,-0.019701255412395285,0.10260978462161598,-0.01288648571738454,-0.029120972923481574
7,-0.04270744855088224,0.247277638226688,-0.020250610450204425,-0.015106127815186629,-0.012978302291653492,-0.02752971979910253,-0.02888943721028024,1.0,-0.028738023793850848,0.035348384569135465,-0.013578345692227042,-0.021982759630257642,-0.03782489128059027,-0.050444646486495576,-0.032245152290881963,-0.002797067004519497,-0.028375466388064867,-0.01701759974006503,0.005456160943179638,-0.01438630193471201,-0.01233584307792195,0.01038812525724695,-0.047109966023696756,0.008919759268577175,-0.019027477767791314,-0.0252668368380205,0.0064773166048019415,-0.021161959159740673,0.046796946861199326,-0.04767278756818942,-0.027475895229352197,-0.018972862400823635,0.029684851599206263,-0.014677875502720492,-0.052622208751590044,-0.02244980711702331,-0.0337378213456794,-0.025010628916273415,-0.007907487436786775,0.011108054020292007,-0.019707618081640788,-0.023226978232512643,-0.026841954116057797,-0.012921842959887547,-0.028128691278814864,0.06740834939551382,-0.00815423343553801,-0.017156319599600053,0.11021296713436546,-0.049880717841184107,-0.01376112110530027,-0.01801027342707662,-0.061723341471884165,-0.011630936741710632,0.029092723332730334,-0.029324591596644828,0.03267271881826857,0.06878858367871729,-0.011368011227417738,0.06532834898307677,-0.02616643801398861,-0.02855550509014891,0.09011061196794204,-0.012656036075129223,-0.023362771851501013,-0.03185422132837103,-0.05475127565808201,-0.02002505401597802,-0.02120222802593738,0.05152994790835071,-0.03592521829494219,-0.017091617073614417,-0.016158647303378293,-0.026083868176753858,-0.01958196026752332,-0.0296039396150876,-0.04972673978306594,-0.056004140119122865,-0.0045803576184499,-0.021634524174811542,-0.01912194577387822,0.12895976869095674,-0.017278780365241334,-0.0032791661810587487,-0.009695784207242531,0.03353344778654664,-0.03287309222914872,-0.01376497985769582,-0.034963012692474135,-0.03311690094668342,-0.015278308403579693,-0.009406353171346374,-0.0228099892554859
8,-0.029960721456037835,-0.024761117060300774,-0.01888729813348901,-0.01867880017711679,-0.01079105556930364,0.08906334022102763,-0.025347768746645516,-0.028738023793850848,1.0,-0.028899887476014956,-0.013308879117218272,-0.03354651519518054,-0.025480922000752346,-0.04100221346135099,-0.03229584553537914,-0.029980973795548482,-0.029439041613163998,0.006102380894660106,-0.06423525394803291,-0.03698091785070148,-0.0032316412606518915,-0.010698036274986231,-0.04427037348262007,-0.015390390708431276,-0.01653747652645366,-0.010897186847910002,-0.014899659131722871,-0.0027669006521403167,-0.025859480078317267,-0.03979781152221645,0.030942509981198272,-0.01789811760868454,-0.02023207883601993,-0.011459585964539488,-0.028644794741040577,-0.02456712161778045,-0.02258892153260765,0.06285945828337978,-0.00646340957873762,-0.013666329281482613,-0.02383895565302069,-0.018153814434614488,-0.023881732461260664,0.18458294588043428,0.16383120107578636,-0.014226486244962477,-0.003098591259703417,-0.014412886091315632,-0.03284412010844217,-0.05171379129263333,-0.008800964497822635,-0.014903736820258662,-0.04931594808952368,-0.022289283406579326,-0.021188409332211097,-0.040476796847056934,-0.04700572012004449,-0.03820212040506929,0.0025630900605509493,-0.01377907976727027,-0.01488229012756138,-0.01656181659413048,-0.04495729113293914,0.003899176784689943,-0.01909194806991891,0.006452674233523097,-0.04295003345272433,0.0013249425019223222,0.06949536209775634,-0.051833914359456223,-0.036795223546448756,0.0864040545225723,0.0822207868300002,-0.012405863404611493,-0.01620005829308725,-0.01031156544130694,-0.0414773467708297,-0.04636006444961989,-0.007448004167147018,0.11685127707411357,-0.032446508675084695,-0.04662495510411571,0.016183751451582278,-0.04007315970923013,-0.00920051528215,-0.025264387398665163,-0.030101182639218117,-0.013936855242802425,-0.013086731580238643,-0.005939719499771009,-0.020043746377740167,-0.011795640401827744,-0.027050634917348944
9,-0.0428857785188842,0.08102524657412569,-0.023409926826536955,-0.02994577758093482,-0.013340588903919703,-0.027929599685746938,-0.030750536521273707,0.035348384569135465,-0.028899887476014956,1.0,-0.016123942383236486,-0.03807557248803268,-0.03811321549183082,-0.05767955314945618,-0.0451124679504986,-0.02286331214839949,0.042477411653831856,-0.017353730836082555,-0.07660022053816525,-0.040875503905957664,-0.017851939785990333,-0.007572067292781707,-0.051533175089828034,-0.015401406381724197,-0.020457056252211402,-0.025465586785991513,-0.014582431865972125,-0.02129635023275369,-0.008153071503264029,-0.051258198934399715,-0.03515795800179519,-0.021563406322183974,-0.024020079206809562,-0.01480026578358679,-0.05376126363201332,-0.029435353603874725,-0.035595884821043214,-0.02545686840874955,-0.00635055622493,0.07774076192279462,-0.02875928203736829,-0.02400198785442246,-0.028872154662141377,-0.012971346518610241,-0.026884943274042637,0.0074964363724537575,-0.008602451781191308,-0.01746191610157527,-0.03666304592927487,-0.07468637302024304,-0.014402766084427683,-0.018458887519471685,-0.06637074638097658,0.04922884656660392,-0.02838085250030223,-0.04535634510705971,-0.05251477096611075,0.25497258703236814,-0.016108148199931564,-0.016451725536226494,-0.031206602214110205,-0.028874523309589284,0.7184855583711356,-0.012819460671118655,-0.01985663680622464,-0.027440825421790292,-0.05479810897357271,-0.01589160527605367,-0.036374202872966624,-0.06425044980847056,0.12486916143493518,-0.016806569575357613,-0.01636180213569418,-0.013934519198802404,-0.019836331187301097,-0.04218318673053887,-0.053647336623932375,-0.05742716379364572,-0.008895051805604653,-0.022405700860031425,-0.021337432921955182,0.05247547399512072,-0.01780947282834361,-0.04323487638755934,-0.011027688007020793,-0.020884725817769595,-0.03884218096598674,-0.01640759177689316,-0.03547353087363178,-0.03502346149197052,-0.024241641925474212,-0.013835422239909335,-0.028109397631702726
10,-0.01815298053095362,-0.013682681573194726,-0.010467301209320622,0.012823524202754788,-0.004469516818627469,-0.012927040055422213,0.015893793971422383,-0.013578345692227042,-0.013308879117218272,-0.016123942383236486,1.0,-0.019347270015387056,-0.01724857329085971,0.021174574870725583,0.1364247391020261,-0.018944242200491818,-0.016634101226868973,-0.008035821461678461,0.0028391446058845344,-0.001557487087155308,-0.00862673358021346,-0.003008424423125632,0.02221438880952884,-0.0047050793811548,0.07124791392873957,-0.011796806683851718,-0.008335560377534457,-0.009820025609498968,-0.014911721049840917,0.0354823845164534,-0.013974248698622415,-0.009987987648590636,-0.005817056715608965,-0.006838659939712289,-0.014215891728143925,-0.010659820119010505,-0.016333987803826326,-0.011884321220322134,-0.0036705171736639533,-0.009391482411978258,0.012284160305815136,-0.01088316384844705,-0.0049884599944421655,-0.005940157507827856,-0.01296762528955827,-0.00851400276339858,-0.003823848631603736,-0.007382952238180883,0.004328870575083644,0.08622535019948019,-0.006787234092150727,-0.007621363411756994,-0.028105499165080424,-0.011978593852745722,-0.01305052199120121,-0.023795694144792837,-0.015754504032073773,-0.021050707566176236,-0.008191884235996531,-0.007746234124113309,-0.012584315695894013,-0.012034552033683293,-0.025097233993012967,-0.005892676852789342,-0.011743199368867497,-0.015017479391246237,-0.004630562774586849,-0.017033549428098257,-0.01830652827310055,-0.024541357399691502,-0.02072078276002267,-0.007922822919198358,-0.007569718452576497,-0.012511940664166332,-0.008565673218906071,-0.016570525153544634,0.051300236747968304,-0.013002826072502855,-0.003174650265472568,-0.010624956854398723,0.021829002067663257,-0.025297764294026796,-0.008280177539109458,0.007243858442192344,0.028053475195635787,-0.0063318790055217865,0.045936383717262164,-0.006841140079205457,-0.009254060933497229,-0.01735880308980742,0.03285995172072165,-0.007369234392305054,-0.01420865095413886
11,-0.03641316587953333,0.010255798232458067,-0.026979982849312138,-0.006725088185868656,0.004234377798445237,-0.020198191988640098,-0.03435488279180162,-0.021982759630257642,-0.03354651519518054,-0.03807557248803268,-0.019347270015387056,1.0,-0.017242106217197697,-0.048137081775376095,0.09424501624727977,-0.04479014363614767,-0.040949949781704666,-0.001964446082184212,0.06032213039821351,0.030289291073134227,0.012144647985475694,-0.0009522524631480119,-0.05500814559523367,-0.01592323343565217,-0.018556494167702848,0.003904615536086009,-0.017757956988074378,-0.006088401306669147,0.10798883603437223,-0.04781543630826692,-0.017784260430771866,0.02647722117181386,-0.005729279932507487,-0.011986450578780058,0.02085728365688047,-0.008588167761326034,-0.017039369880178887,-0.006978927509149818,-0.010089826594387298,-0.013182514838226456,0.023719933611456773,0.000780897523378345,-0.032130318970768346,-0.015623734103739958,-0.015316231031345223,0.01895529176503755,-0.008493776416686518,-0.02197345218546272,-0.016836879144412453,-0.02785126278109149,-0.0032331291915335997,-0.022538128411036574,-0.05701540478049361,-0.03412637014361626,-0.010959882639937555,0.18904813514160435,0.007516242906743529,-0.042634378356046325,-0.014430536428348793,-0.009390823383439014,0.004864710775166814,-0.02461067087581447,-0.055442257882797566,-0.01570201859490939,0.013164376763616578,-0.015065488936056227,-0.04068053635348721,-0.023183913415153946,0.004686604234972837,0.030088018165932196,-0.05663717004670585,-0.018531498625485927,-0.010998546847473999,0.015861812130063838,0.01801810625808216,-0.04288386645880717,-0.05195208080120318,0.08481550574896618,-0.009388581535568902,-0.021692110187905397,0.04937733881434071,-0.06976201356915043,-0.01888350230245727,0.035209640689620826,-0.012673758241845615,-0.011196853485140571,-0.008947131793043149,-0.014720387604631194,0.01956676492560503,0.06286996448678152,-0.00366368692219312,0.005652331176340933,-0.021401026922889196
12,0.06644941650512479,-0.031983774870238374,-0.02413313917162109,-0.0028640034566650265,-0.010569823625996181,-0.02612189227705094,-0.010476835103742907,-0.03782489128059027,-0.025480922000752346,-0.03811321549183082,-0.01724857329085971,-0.017242106217197697,1.0,-0.0005216306445830752,0.07475282875808557,-0.04788995070997596,-0.03943354734487772,-0.005777391664336178,-0.05617476740724531,-0.048630744587548604,-0.012042297500434762,-0.01462754133708976,-0.03715120804177635,-0.020331173177267993,-0.004431647552572828,-0.014750858826399758,-0.019770790676687418,-0.01627541358316272,-0.03337057927425286,-0.04057611646364125,-0.02173136945385259,-0.011445599957848246,-0.02376043410600458,-0.015228216333685799,0.34982686115990375,-0.03191723120316653,0.004765647182928597,-0.01157037971171647,-0.008516346838846566,-0.021828809303672907,-0.03129484518114898,0.08948145205737677,-0.03172081517744786,-0.012612263402814416,-0.019704397919589077,-0.019696838633171263,-0.00514695895650516,-0.018875940247433783,-0.04454657384243752,-0.053126100452722494,0.0653025519164515,-0.00741070037370639,0.0785409179027545,-0.029533744627360935,0.06484841359603155,-0.042935534210625445,-0.06153133697891056,-0.05010747920838128,-0.01808924468334501,-0.013622379042167902,0.061877682171579636,0.002441736751580573,-0.05948268491976315,-0.013390632135418799,-0.027287393335593896,-0.03326966700908012,0.09069659115625656,-0.034631213947675696,-0.028273862867550237,-0.008315570479623266,-0.04939219386938664,-0.011442201097939777,0.009249366344197766,-0.027984277800953437,-0.010707093889988159,-0.025953189110915792,-0.02111126204577118,-0.03824944864175536,-0.009619987696827589,-0.023553364445012367,-0.034954179104292424,-0.06156314789885471,-0.019065350342192686,-0.026509637477324047,-0.012109952971743583,-0.03341080205715001,0.057345711917668324,-0.018131373972504587,-0.02048293235665504,0.02098793579049072,-0.02189032143951429,-0.016764158442359144,-0.035943100997933436
13,0.11191043820791624,-0.04687006849358339,0.057023408670505635,0.04468726049976114,-0.01186256230438084,-0.04505439605126879,-0.0035072400948768694,-0.050444646486495576,-0.04100221346135099,-0.05767955314945618,0.021174574870725583,-0.048137081775376095,-0.0005216306445830752,1.0,0.011172756848787527,-0.06694529808276606,-0.054525748311083255,-0.02011088919501789,0.08429297156324797,0.04939363934026018,-0.02946833795013933,0.00028783980545512254,0.017397230123075834,-0.02811617232837591,0.014115497564451865,-0.041658384808748325,-0.02728341719480663,-0.033909905544509227,-0.044161400927106444,0.38659288340228953,-0.002825663890974204,-0.03521354135570638,-0.022612651525363642,-0.02336588389246613,-0.0007030985798869597,0.08106620129702007,0.08523468357006152,-0.04136595541985872,-0.012134415337008323,-0.033484919489524013,0.028061403290227015,-0.024729170539937465,0.17319228873684556,-0.018878117352672287,-0.038454950348201504,-0.019963335205517935,0.020147489651771818,0.029901404058326322,-0.06016561854986943,0.21246445981235174,0.028586588707503136,-0.004189713128570633,0.2355484838450607,-0.04432282096761775,0.002818960218670959,-0.07827702291477348,-0.05916355587067175,-0.07536869564032089,-0.02654628739228407,-0.026239827537037873,0.04689977855297335,0.03949067678007367,-0.08932783109511297,-0.021095446605310146,-0.04071293952685338,-0.04714797830752867,0.20985423904207584,-0.05759460881693286,-0.03541634197058807,0.009824106313164344,-0.07283265871407368,-0.01789411627698336,-0.026700732478009255,-0.044070191505744295,-0.0228271310823622,0.251431330793126,0.19056136170753496,-0.05676853536749545,-0.0007150764384240768,-0.03617736801071287,0.0242666558536304,-0.09110460333762085,-0.022561418599168888,-0.02747447204042569,0.006559800574144112,-0.036662270221248225,0.08704547576777,-0.010109306292102977,-0.04849047298413296,-0.027990479480305863,0.0009786916428741865,-0.025686014041184146,-0.046943033648157606
14,-0.019972815167494197,-0.02375178003356241,0.006029121088215946,-0.0026721020800003527,-0.014898636138675644,-0.03337508186070838,-0.010327525209219028,-0.032245152290881963,-0.03229584553537914,-0.0451124679504986,0.1364247391020261,0.09424501624727977,0.07475282875808557,0.011172756848787527,1.0,-0.03756881556918204,-0.044168659031261506,-0.009274480794205621,0.043237645801494404,0.09159965701052863,0.0065334972552310916,-0.004393349196657508,-0.03388631610853962,-0.01860474960929474,0.025377018219482135,-0.03322331434000789,-0.02231939491918022,-0.012935098052139047,-0.025198537120750084,-0.004158590615007295,-0.019289597609983045,-0.027997435103527927,-0.008755569937540224,-0.01945204995758522,0.02001756246806919,-0.002088822421077147,0.03888948252081563,-0.01236576138867938,-0.010196218076472245,-0.01568100952780907,0.060834929257989605,-0.013284637831901506,-0.00979331727432035,-0.003891796639064739,-0.031374602104141266,-0.005195999291383156,-0.007015076425807945,-0.003434123680772213,-0.004395131316125549,0.1367837664883572,-0.010494908274947146,-0.019426453089579687,-0.02835802804318021,-0.029524950072644364,0.051739143354803604,-0.05449993585753456,-0.00044563192739965896,-0.048930368050573214,-0.01302515384612759,-0.018611913253950004,-0.003185843244326395,-0.028959199239056963,-0.0697745289135762,-0.01692170067238637,-0.0318521150402447,-0.018653749711663687,-0.030171401066425584,-0.042124972312833506,-0.02801707818490981,-0.0081653624407073,-0.05847387843174982,-0.017813501313462984,0.0006802815840687548,-0.03519176719747252,-0.02309483820008398,-0.011869861021492064,-0.014098400569564438,-0.0387000866107211,-0.004114231017046924,-0.02021444761732047,0.048685301330745084,-0.06821748163348065,-0.021749961364444077,0.0021225226413853857,-0.0027590736457066313,-0.00988099752249064,0.06052377636784448,-0.018426244777296236,-2.5353920972655437e-05,-0.029335829095604053,0.04025778518069872,-0.019909744479322457,-0.012719622270663781
15,-0.05411566517597571,-0.0021687855424205376,-0.026202124951090366,-0.03252200608954467,-0.016738837096238017,-0.03408269718327814,-0.037798481857077945,-0.002797067004519497,-0.029980973795548482,-0.02286331214839949,-0.018944242200491818,-0.04479014363614767,-0.04788995070997596,-0.06694529808276606,-0.03756881556918204,1.0,0.03455827714671117,-0.013412473422279192,-0.0797096827721401,0.03413119880278359,-0.020823707900002066,-0.012609074992005632,-0.06772694927111543,0.018600279251154518,-0.025690154781682267,-0.032175285858816696,0.26799861146287984,-0.01963916898583771,-0.03744375653582803,-0.06302654506470214,0.0011621558537788959,-0.0252873439292174,-0.028798984733300143,-0.018494733089977674,-0.06829768865747332,-0.019264045051257506,-0.040367299037191745,-0.03218023128499129,-0.009646153068726626,0.002760963760840833,-0.019934137840753083,-0.03023464704836369,-0.028428243226754035,-0.016133247323374837,-0.03483771941305694,-0.019781586658075466,-0.010700694698601914,-0.020961396965358464,0.12951085875141,-0.019584629456117508,-0.018479958812696817,-0.02319949396419108,-0.08103826908990144,-0.027436020793817233,-0.02511166702067267,-0.0627954617305287,0.014479109873133972,0.11079352777123219,-0.005302416806988368,-0.02123701208611127,-0.026638289921126428,-0.03608123474568535,-0.021922950856094817,-0.0160410871619541,-0.03044520853862237,-0.001127191989085989,-0.06938360918937564,0.14187724442723698,-0.03792169209490168,-0.07198954566121984,-0.04695246719832112,0.0005459181710678683,-0.020416686344575427,-0.0312850481719635,-0.02507009065096589,0.005528255062365793,-0.06610313955995503,-0.07134017630295038,-0.011147785065072996,-0.0053093043761606295,-0.036836236819949755,0.056818185154128426,0.004607409360666329,-0.046337685258364694,-0.013195968043053907,-0.025726081662789356,-0.04855010818693045,-0.02057474766400559,-0.026792277562434012,-0.020785759364723856,-0.028625831664084552,-0.003782555316330916,0.1969199608890686
16,-0.044630846776187394,-0.026101715125253812,-0.022251190970458124,-0.03111799648285308,-0.013244973570147395,-0.027747336178742504,-0.03161138263334779,-0.028375466388064867,-0.029439041613163998,0.042477411653831856,-0.016634101226868973,-0.040949949781704666,-0.03943354734487772,-0.054525748311083255,-0.044168659031261506,0.03455827714671117,1.0,-0.017034479016662874,-0.07878583261474587,-0.04107843611252651,-0.019004287404979493,-0.015185652845896864,-0.05422865019593126,-0.013978880783815416,-0.0210560013604697,-0.02641736757211996,-0.006619510385160978,-0.021042423921001356,-0.02976895666519094,-0.05068572223315451,-0.02506921204305207,-0.02174140768208313,-0.023642607493770368,-0.013246544512371516,-0.055912020378419296,-0.028250582603288357,-0.02864641320914517,-0.026266461211573895,0.0011450972420085199,-0.021284825057836937,-0.029984981415519946,-0.02504458406448844,-0.027536849442767804,-0.013303342501440368,-0.02842596727654857,-0.01984095796365794,-0.008099688040952499,-0.01751692752870644,-0.04392531669208672,-0.058815547387672334,-0.013483117759508731,-0.01787009576195403,-0.06606879478794965,-0.002021829881623918,-0.026896548788362843,-0.04905102266648396,-0.05377133165174799,0.013445590455864295,-0.008703235991569601,-0.017210253009289425,-0.016125703301241644,-0.029267098598272864,0.057305429733645524,-0.01261972127033625,-0.025384829127466348,-0.02871666447286937,-0.05574709382918042,0.003382610377207199,-0.03845599179897206,-0.0701200913911681,0.1458202231523645,-0.01558944931196341,-0.015919584267026575,-0.02701242205206826,-0.019622902548822582,-0.03515129765884096,-0.053024989764883235,-0.051148227146025155,-0.008800469317398972,-0.020044573453652802,-0.04106756211703483,0.10979353338812069,-0.010606655994689452,-0.04699613687622273,-0.011608409440927453,-0.030967682128854333,-0.0383291435085411,-0.01712571813733337,-0.02460522072130612,-0.038104342930118926,-0.02487824423813848,-0.005710851392772923,-0.012355818365642448
17,-0.016196411715917788,-0.014099496102924906,-0.011520347603355938,-0.0005044514768300029,-0.006566715703782598,0.11013820114619814,-0.015173456744543273,-0.01701759974006503,0.006102380894660106,-0.017353730836082555,-0.008035821461678461,-0.001964446082184212,-0.005777391664336178,-0.02011088919501789,-0.009274480794205621,-0.013412473422279192,-0.017034479016662874,1.0,-0.028752838289670127,-0.021875003725753718,-0.0021880328364282664,-0.0049669051404023085,-0.026004176000765808,-0.007921166073740346,-0.008800819486571465,-0.009308264708476817,-0.008620242883425493,0.1986309858969842,-0.014545549755488638,-0.0221708723153215,0.07093979101444715,-0.006940455086215446,-0.011195439808598214,-0.005315648554922216,0.04409616494544127,-0.01474881910885448,-0.010123704127232817,-0.00033002380907625937,-0.002439364104183592,-0.0052349308548535435,-0.014348860261310723,-0.010515687682417837,-0.014475164757398861,0.003146256012499398,0.08241138178897983,-0.0060217056662278425,-0.003714714924060284,-0.008688160943911838,-0.010751504843319323,-0.01113458954519289,-0.005889353717237332,-0.008885407423395558,-0.01959225210091469,-0.013480348024818754,-0.003309715667992644,-0.021833122563488475,-0.022883487242388194,-0.021232283547246968,0.0004953933425285223,-0.008139186713038784,0.00754774623558526,-0.0019119384117626008,-0.025497111439275424,-0.0036777750987616255,-0.007266878120176077,0.0636478303939213,-0.019179480440182622,-0.011337257687776898,0.11528819774880186,-0.021356757062512825,-0.021918037300227122,0.004555151890432739,-0.0046317198181398175,-0.007728375551117752,-0.009349327959814859,-0.006714552355664657,-0.02163537114103665,-0.0232721158193835,-0.004449890765670175,0.010538284808720384,-0.01960057318495568,-0.024737055380919134,-0.00041240434821203744,-0.018295112667494416,-0.005506502498003827,-0.015018073205049144,-0.01536581628398859,-0.007765034498048199,-0.007374574049836874,0.00025868910208199595,-0.011298336116943235,0.004365312567177301,-0.010274046792176344
18,-0.04247687300283548,-0.006158606108722445,0.13477529933395768,0.11865468944678766,-0.013920678978740967,-0.06356324574481928,-0.029986036697470884,0.005456160943179638,-0.06423525394803291,-0.07660022053816525,0.0028391446058845344,0.06032213039821351,-0.05617476740724531,0.08429297156324797,0.043237645801494404,-0.0797096827721401,-0.07878583261474587,-0.028752838289670127,1.0,-0.051705534886312306,-0.0051076339962450625,0.0009897993569316233,-0.015478979726597123,0.010837481081531472,0.02261101087914853,-0.051164549346672236,-0.03441347876239306,-0.04926310717797998,0.011518065672665403,0.1200047767912413,-0.064627106338543,-0.02111390952737722,0.14000176734515785,-0.029141022978762088,-0.044357115460834706,0.02820001176532779,0.08392728697694199,-0.04356345384590897,-0.019370243660319583,-0.02829130932075619,0.0030366492028520717,-0.041748549585854916,0.0878512337274351,-0.02871782518125114,-0.05697311091104831,-0.002527707927122586,0.009589475721169973,-0.005329671017433731,0.006031615299870773,0.10034771836468502,-0.014359646526898969,-0.02240594477494799,-0.03940951880691305,-0.06440224343165407,-0.0032892840093219147,0.03473058914773036,0.1356257533147888,-0.020049147461286543,-0.020957892841664577,0.019019525368319024,-0.029542875166828807,-0.02540636571687155,-0.08563340596655367,-0.029092039742118818,-0.04772950205613599,-0.0569482931317611,-0.0548132552532469,-0.06661952468451568,-0.04330872690749076,0.3203513915147957,-0.09989159160818488,-0.03943716759695629,-0.03458388655171591,-0.049130554089303266,-0.03270778615448347,0.08148776419624297,0.04832526007399162,-0.03924272860453543,-0.0064934718744903905,-0.0393344751013113,0.024966117404821662,-0.10617523103157672,-0.03699155632497478,0.13884540760744662,0.008323095532601962,0.058759574695578395,0.11081269808691266,0.015496612776416528,-0.03655922314920001,-0.01509950947228476,0.06774813454672696,-0.03419672776613137,-0.05853078510374102
19,-0.05231750750631262,0.006749330149196222,-0.005887689196772492,-0.0326382211736413,-0.01628023471284306,-0.03581504307855776,-0.03546692220341171,-0.01438630193471201,-0.03698091785070148,-0.040875503905957664,-0.001557487087155308,0.030289291073134227,-0.048630744587548604,0.04939363934026018,0.09159965701052863,0.03413119880278359,-0.04107843611252651,-0.021875003725753718,-0.051705534886312306,1.0,-0.020723825804984858,0.0055096760685635834,-0.0602217319116072,-0.0003268793714944931,-0.02609687533546511,-0.03293850720077064,-0.013411418564336095,-0.027397612209700516,-0.025639881391427463,0.029956582881739365,-0.03412553356480245,-0.02756736117085705,-0.004398697857909479,-0.01910488204275761,-0.06914412413874661,0.05194754671580551,0.020288457714506866,-0.033211528904624345,-0.010155154786705718,-0.024595450146001823,0.020321771697872755,-0.030351083085359408,0.03938674461581127,-0.016039652387708388,-0.03609771357543329,0.020002743609035645,-0.010229916709819268,0.0088471383763861,0.02644603023223402,0.31388335302720716,-0.018680389533681625,-0.02343076049145467,-0.07324087306996518,-0.03408119913003758,0.04961308248046432,-0.05758419842265941,0.06936917449575918,-0.0269459291022578,-0.014936540377307152,-0.011947202703308596,-0.021545148931036272,-0.03627554246244501,-0.06427256143239818,-0.01644593129276619,-0.03141240588897234,-0.0397297497679044,-0.06897065628335633,-0.030976594967762533,-0.04443298780839436,-0.04364109028139247,-0.057906191524495006,-0.02184077204526353,-0.02110283668987342,-0.034952405962134114,-0.02507528989242485,-0.024492979520413686,-0.03334921052742314,-0.07309434437468547,-0.00853627074424943,-0.0294286398421627,0.07105440550473915,-0.06532981648540391,-0.02260019554009124,-0.011472231934991268,-0.007915787785918811,-0.006569299830993141,-0.0457216140796957,-0.019115368642501716,0.0016296192214068422,-0.04471935168232949,-0.018550004758603335,-0.02002568203418283,0.024951170206641365
