,0,1,2,3,4,5,6,7,8,9,10,11,12,13,14,15,16,17,18,19,20,21,22,23,24,25,26,27,28,29,30,31,32,33,34,35,36,37,38,39,40,41,42,43,44,45,46,47,48,49,50,51,52,53,54,55,56,57,58,59,60,61,62,63,64,65,66,67,68,69,70,71,72,73,74,75,76,77,78,79,80,81,82,83,84,85,86,87,88,89,90,91,92,93,94,95
0,1.0,-0.024940603982669982,0.1354266147674923,-0.010372445737150971,-0.005487613189909873,-0.01581398863850314,-0.00909813381678351,0.0017180529161384597,-0.024331745203782448,-0.031132435919328905,-0.010943668842500379,-0.0021915731985078166,-0.021037830581215545,0.013361537750658221,-0.00019776018785654364,-0.014661960014928735,-0.02759969549072236,-0.01918202353134648,-0.01171379351238605,0.12002216363593232,-0.03502239577773357,-0.0057523945650900295,0.001596731718753936,-0.009826057788326565,-0.000553595250976582,-0.009553058738380065,-0.008301850881008021,-0.018783583566916166,-0.020896289928657073,0.15145989814897431,-0.008622008023321111,-0.0022262578667126016,-0.020414552058001904,-0.010881103165971193,-0.03652779501085733,0.2052581427253837,0.03757852139460428,-0.020769337274616582,-0.006813300906697112,-0.01797363645122634,0.028657782115882855,-0.020441962205063204,0.12358273513769923,-0.011319332130087682,-0.024570845939182948,-0.012933422900502247,0.0031454646772083577,0.18203070982811162,-0.019518916326777776,-0.017092024583787585,0.005552433115132914,-0.007187900611762948,0.03950406888365115,-0.024233079343499074,-0.007172332768411175,-0.00978584052122406,-0.02206778480262471,-0.03209324607978313,-0.013496151000201073,-0.015729254536052555,0.05547690443378534,0.0009471384337771964,-0.04276881116789853,-0.011916716528649826,-0.019286153396548805,-0.027754440198992442,0.03606247275222976,-0.023082749077243003,-0.00990605324819995,-0.030265156920150787,-0.04109925053878453,-0.011076064001666516,-0.013332796697488148,-0.016526449363841816,0.002420938029610916,0.12766408570321108,0.03244260936211377,-0.0386629562414081,-0.001376843347161569,-0.0003453026416267049,-0.0005745662267564507,-0.043948380253708653,-0.01443344256388345,-0.02337735859608425,-0.009569854255714213,-0.019897158961545258,-0.016086202160882246,-0.011011093454294638,-0.012385401932493639,-0.005592903154018343,0.007779264866202781,-0.012514413856307218,-0.01100684552403217,-0.00797150143763312,0.10431953051035117,0.005475853889723326
1,-0.024940603982669982,1.0,-0.04588119157286018,-0.020642992202678154,-0.010781777447235893,0.02869011914203447,-0.024862068754287814,-0.027550689501855224,0.08891507193580259,-0.028199274826523218,-0.01300391990267143,-0.021325915418853033,-0.026388539260880417,-0.03197665770599522,-0.034336601102730624,-0.03500955089786552,-0.028065956566855475,0.4899630674699511,-0.015288890954559785,-0.03608711053263784,0.08586691964301103,-0.012125905635409627,-0.04355513649138755,-0.014853451302178779,-0.015953238363289574,-0.018683997609068484,-0.014636742436327437,0.028007719068231997,-0.025279914493248123,-0.04107666340967362,-0.014040672229756461,-0.01589897833043031,-0.020041284414650445,-0.006951811447124218,0.07422689830364093,-0.024256866287362386,-0.027090356807013452,0.19702207437709693,-0.006138665558279802,0.000878385886323739,-0.023391157969700746,-0.018425988987578718,-0.02338338095435173,0.026272802257453036,0.15098600274664326,0.08579981249977298,-0.006553783661286453,-0.01642854346345447,-0.03651978818159582,-0.06202559178167229,-0.011823073384820516,-0.014605039015749935,-0.051737601832928824,-0.021713015203350824,-0.024167203260444484,-0.027380493562413517,-0.049318210788998354,-0.03636397121875115,0.009990370497149771,-0.013789232171803105,-0.026984308023073472,-0.0021470091394124834,-0.04334467379739114,0.11761247044831791,-0.016749830818636964,-0.014648617073301598,-0.041518486059855364,-0.026154891853854355,0.18436305463094088,-0.05811841311134133,-0.03509017574260717,-0.008990495952999776,-0.0026766815584169414,-0.0175007389678584,-0.015893764372788062,-0.0274386269929147,-0.04237022265737579,-0.048607553255173956,-0.0071675583892939045,-0.031215806062517486,-0.030959150407422968,-0.04489060455661445,-0.012715082026407858,-0.037106044779641134,-0.008577064174430792,-0.023871990921060404,-0.029054522589490147,-0.013736844892892522,-0.023305524016459078,-0.0027854733799598354,-0.019952415982546087,0.00695034231111955,-0.02522272957551341,-0.015161704672197622,-0.060314005609789126,0.0890896959993869
2,0.1354266147674923,-0.04588119157286018,1.0,0.05212244260049136,-0.011444744529058897,-0.027895277533932644,-0.005554746132853056,-0.05032991797238953,-0.04130218610543434,-0.05829722377813194,0.02589871227861406,-0.04632220971202315,0.0012468419306956371,0.11027236396577607,0.013654283147693135,-0.06767259681003432,-0.05479598078959029,-0.03576685560055658,-0.017908627553770415,0.03331358858418612,-0.06395508172877323,0.0006362373402382018,0.017850107867986666,-0.027317027789930868,0.016217053577279365,-0.04240239789834109,-0.027290143973020698,-0.033580985731791524,-0.04126408187376296,0.37174590594893697,-0.027992069664008357,-0.035865744814583225,-0.019840105963124605,-0.0230659488217635,0.005227908014979186,0.07133777753735089,0.09288901120892826,-0.04178967127984211,-0.012212155246682139,-0.03363381971071096,0.01840576079514154,-0.02168224475432738,0.14959905467553536,-0.019088985553076955,-0.03822060215485558,-0.019045883995630553,0.020173022929956794,0.026737767710585815,-0.0593417524014358,0.11339787132913261,0.02782227199475319,-0.004721105333453159,0.23998937680378962,-0.044800646714261955,-0.04655980511992487,-0.07780205726374465,-0.0545833980222286,-0.07532867277637378,-0.02593580668956111,-0.025732198372246183,0.04417852415651534,0.04007341352637808,-0.09020887966305535,-0.021428463144164238,-0.04034575291562173,-0.044764124756794914,0.20652882646384396,-0.05328046654119861,-0.035247127506857656,0.009916422525294392,-0.07342642016645176,-0.01186996176284979,-0.0269817440290688,-0.044260584655408226,-0.021312580299830273,0.25374961897317916,0.20234958632404454,-0.05311793524735242,-0.00037718442436862013,0.021822420587703246,0.03090180503908748,-0.09168109018036044,-0.02120193744515325,-0.02238944923156226,0.009175084924871757,-0.03449800512357763,0.10844132702410078,-0.00806616535636535,-0.04717150466449942,-0.02778553898305602,0.002376941699707852,-0.025727685118989027,-0.04455346083119663,0.005983680384765482,0.1958280227710658,-0.004965008826100263
3,-0.010372445737150971,-0.020642992202678154,0.05212244260049136,1.0,0.00381914597778326,-0.010313612171966257,0.08323811531567935,-0.013434478068084864,-0.02450024298620002,-0.030122738714996756,0.014832856601469237,-0.009590018000745928,-0.0030468941168698737,0.005564181757502245,-0.002432039007342392,-0.03214742725065682,-0.03061198843574465,-0.019483420517569325,-0.006786336106513457,-0.032436869079785366,0.0497399951758572,0.0005495382251747673,0.03471864784040037,-0.006203043646557964,0.009514631898025936,-0.011137044708850609,-0.016349148148003867,-0.008203598351314283,-0.02249104453165899,0.11119699042497061,-0.011105291562985762,-0.008323522196056147,0.025255434185728558,-0.011529792816030487,-0.013092694235107975,-0.007169837456763549,-0.01614693886258599,-0.016470376581076467,-0.00725082187275237,-0.015800622323556474,-0.013795290214489983,-0.011488251290512792,-0.022331911300578714,-0.010854311325343237,-0.02494570707660053,-0.0019203144802818952,-0.006116056195254021,-0.015834143674316722,-0.00634479172345357,0.11766862257907587,-0.011472524501385386,0.00378691350531793,0.0011647367618070302,-0.024925802436116105,-0.017616035276987924,-0.0019994357895968123,-0.020223173147624528,-0.03087605293718988,-0.010986062707695563,0.02010416850381981,-0.013348292912803334,-0.0034509154783821184,-0.046975949130250494,-0.011069758502186973,-0.020896632641665698,0.005340878846253094,0.0018512848475824109,-0.018716974827722308,0.0015216125146252143,0.0188076485377937,-0.04224801736392907,-0.006489388559049522,-0.012035627330599444,-0.013234389169954834,-0.011760401598573389,0.011556246908226158,0.0035241278463124127,-0.009929553726162707,-0.0012995037490290454,0.057845491967716295,0.039264941769838455,-0.048127319228075414,-0.013778980881754086,0.03706418992994484,0.11404150101198163,-0.011483030703444775,0.10948514279250049,0.0003298042359980086,-0.02088189928051394,-0.008599210390680297,0.04732588505465439,-0.013285868809629797,-0.023211534181768453,-0.007388498715360867,0.013737215962358898,-0.0012507205956954533
4,-0.005487613189909873,-0.010781777447235893,-0.011444744529058897,0.00381914597778326,1.0,-0.006456362337827428,0.009511308071676898,-0.01299652246177652,-0.010901570820239147,-0.013348883622064562,-0.004461703849036123,0.005592324430649087,-0.01057083227990525,-0.00714172642135157,-0.014878630885239053,-0.0167319408109264,-0.01321115606296571,-0.008463277804987014,-0.006643350329282103,-0.0162556603463221,-0.015207526503848094,-0.0027870990866223824,0.01667806034790051,-0.007126877825418831,0.012035379981390468,-0.009221089756817583,-0.0069241594342909375,-0.008061957577325602,-0.008516992369963915,0.008047137018772197,-0.00043074634695083793,-0.0077028490999692,0.019257585763213857,-0.005039320235713482,0.0010930143818251204,-0.0026621163252359935,-0.009576114658570747,-0.009616310712405346,-0.003020798002658626,-0.007619722395500924,-0.007066324220212651,-0.0074032636277713715,-0.01027079820013892,-0.0048821775277824,-0.008595133320529441,-0.006642096908099839,-0.003054147297576076,-0.006930111325326042,-0.017711543533159353,-0.014506434944631065,0.001249312859855485,-0.002084105819498317,0.030585180974579754,-0.010356310048718325,-0.011167530823843457,0.0020094390567330722,-0.0206515901761961,-0.016932821163763247,-0.006130946061947972,-0.0034888336000911983,0.003449420214425361,0.019232869880003372,-0.020683535026662023,-0.004915359345181036,-0.007896479925098975,-0.012064713722840983,0.016266895087696815,-0.013027884511404055,-0.014454953015660741,-0.013720751538506108,-0.017375096743765996,-0.0049575389013223215,-0.005402860578637247,-0.006373902966271943,-0.0029450080358199345,-0.00619425760707334,0.013147390537718287,0.08286120646690724,0.05105342645663714,-0.01335880453859721,-0.01334439164625195,-0.02156527043840897,-0.00658625350586214,-0.0021257247433396835,-0.0038275809761469984,-0.011217357981226783,0.07048485304386559,0.0032662601483857212,-0.011898494445946133,-0.010626387427647587,-0.0020087903369662395,-0.0034965840680941185,-0.01245057223554346,-0.010393684527091959,-0.018994086552059378,-0.014297596322351076
5,-0.01581398863850314,0.02869011914203447,-0.027895277533932644,-0.010313612171966257,-0.006456362337827428,1.0,-0.012345266093367509,-0.01777290579431106,0.05124249838632401,-0.017307202854802292,-0.008283900848758522,-0.015119177692244398,-0.015449012814913168,-0.018508839761442318,-0.017012552355655446,-0.006711149399041792,-0.01621297590185317,0.14458646419953736,-0.008874795150356475,-0.02346915196815976,0.03307603160635492,-0.007218905630056723,-0.025786581432990445,-0.00933517108108671,-0.00878339024873151,-0.006950003944916398,-0.009445077089841113,0.059671731933300796,-0.0031237565349055644,-0.025568561822972433,-0.001759550747335589,-0.007710888921841177,-0.011223430267117801,0.07271804756338557,0.003671448397986332,-0.01547289054051533,-0.017340724850749507,0.08260798814988392,-0.0035719857748236004,0.025098914845479735,-0.015105843078608319,-0.009236481069288868,-0.015157310836499575,-0.006136940774938704,0.11771787474100788,0.010293343841193188,-0.004186857594746615,-0.010773874632554263,0.021157517583151195,-0.038557547900602326,-0.007207018690832091,-0.009419255935570385,-0.030823435678615375,-0.014156985363383485,-0.014650591943457855,0.011678569160928336,-0.021298284314084905,-0.0165463422356198,-0.006718691655652996,-0.008459973396478566,-0.014076527893386592,-0.009350949481183923,-0.026316976129915584,0.0016695215559676614,-0.004834657461622991,0.09324754532553947,-0.02390321095363447,-0.0072178473554489,0.038969984605787565,-0.031976532583611716,-0.020138404530307217,0.05720674186599603,-0.004709398565529988,0.00912204468070436,-0.007303571958463458,-0.008197317150702346,-0.024782640083663123,-0.01661947743991431,-0.0045137565530219935,-0.0190353940338523,-0.018558567434032384,-0.02904996782542739,0.035355898158322525,-0.023123391004246388,-0.005261006699378575,-0.01578375613689851,-0.013350856509859753,-0.008274519377391227,-0.011104931803582142,0.00587939774069526,-0.01130958194856791,-0.005309735908186062,-0.016925993752029495,-0.0022312659282375967,-0.034805005562385465,0.01726629163941263
6,-0.00909813381678351,-0.024862068754287814,-0.005554746132853056,0.08323811531567935,0.009511308071676898,-0.012345266093367509,1.0,-0.028912052356990094,-0.02532750279842589,-0.030737583902359557,0.015919144473328237,-0.033838708717000995,-0.010462759638824535,0.07663986961029787,-0.010334017907635171,-0.0377714975912741,-0.031553555645483566,-0.01916395396229892,0.005506005956165138,-0.03543520648119432,-0.03522195328245733,-0.006726053855305805,0.4247977192950545,-0.016494273588093022,0.0012805940457736296,-0.022570605223917326,-0.016054904742785217,-0.019012029631959207,-0.020563490264664634,0.021689569776918365,-0.014243833363903372,-0.019055140400828077,-0.012488415336613252,-0.01140881944473129,-0.004114922080257799,-0.013935270486828466,-0.019655263524958246,-0.02171110958151444,-0.007053155963727358,-0.017992747114255345,-0.012585106838145899,0.0030664964046512866,-0.02173055605372131,-0.011506501046160893,-0.02308601500373418,-0.015356583686955666,-0.004429458997771177,-0.011411011397960257,-0.04316613993006377,-0.028554621025679072,-0.009832006049936065,0.017776004778668066,0.07670620654117871,-0.023910550987763325,-0.026109588430420383,-0.017444816898335467,-0.04541865203756654,-0.04009906391564847,-0.01564591626779307,-0.012688935692578994,-0.0167186125018391,0.05986200713631661,-0.047756904614587564,-0.011447715924776147,-0.02069809435521855,-0.028194654927510873,0.08493458321494346,-0.030094199621482614,-0.03324888644117867,-0.0409268580346044,-0.036511626389696794,-0.011819319761580323,-0.014012075675805294,-0.02363225984757723,0.024920933451708226,-0.016165527344016103,0.019304786268596226,0.043484332053384624,-0.0002524437929978306,-0.006018840529459824,-0.010977552088878368,-0.049972808853315995,-0.015640661405105553,-0.027346192357311273,0.009485154229836089,-0.02451657671980846,0.0024180659102734678,0.07842782789076616,-0.027255714707824286,-0.019551902760571158,0.10235804496585559,-0.0127746354553041,-0.029091943280696263,-0.02352335751397816,-0.013373304299511581,-0.02673047847536042
7,0.0017180529161384597,-0.027550689501855224,-0.05032991797238953,-0.013434478068084864,-0.01299652246177652,-0.01777290579431106,-0.028912052356990094,1.0,-0.028781974610210523,0.035532431779859354,-0.013567337899743069,-0.0224791650605925,-0.037864641017219286,-0.042799895158029844,-0.032255705365990615,-0.002832372870403682,-0.028476076013917728,-0.021850841654790558,0.06716703470757358,-0.014404259212424957,-0.03749603069711464,0.010405285006093511,-0.047106235007870145,0.008927434475564353,-0.018999024892625296,-0.02531154007986561,0.006587645125054249,-0.020127240987260063,0.04729751958885374,-0.04779010539775671,-0.011292427746769492,-0.019124357051149267,0.029630468703149258,-0.01451045128781055,-0.05268651205177212,-0.02291399094039239,-0.03393992822200201,-0.024921324433791164,-0.007903751278567453,0.011239906550401977,-0.01975262582507878,-0.023245625721009567,-0.02693512617680715,-0.012940123870925389,-0.028094461299718085,-0.017257984612877787,-0.008136044258381088,-0.0198513014657312,0.11677727729284235,9.930811536499164e-05,-0.013794892215883738,-0.018019685889745424,-0.06195344607469714,-0.01164503425025254,0.24891013293491057,-0.029466955676620967,0.03239880361870509,0.06892113962341109,-0.0116270325395863,0.06547990302974249,-0.02728906817078665,-0.028585138591514035,0.09021596193154567,-0.012738704206610536,-0.02317698826634589,-0.03173738980142646,-0.05478724375160014,-0.016918629932673374,-0.02100146962435111,0.058741843162538845,-0.035932125424576425,-0.013972812265183189,-0.016170401623326065,-0.02608500074588358,-0.019606461577584187,-0.029693338992074457,-0.04966180056803182,-0.055785760297761215,-0.004631279087327465,-0.016792861346497007,-0.01878955041835227,0.12890035432590546,-0.017062616903165094,-0.0036791668083324992,-0.009281258010626783,0.03388134198715667,-0.03283015195557447,-0.013734797268106506,-0.03511194824636514,-0.03305100606250181,-0.015407879953916117,-0.009301611867223811,-0.02293759406203775,0.02913748812814386,-0.049810033418897476,-0.027463405079799663
8,-0.024331745203782448,0.08891507193580259,-0.04130218610543434,-0.02450024298620002,-0.010901570820239147,0.05124249838632401,-0.02532750279842589,-0.028781974610210523,1.0,-0.028953519804473804,-0.013315818358252903,-0.03357194176111556,-0.025425067681980898,-0.029889708100921772,-0.032344537354420756,-0.030083446142101858,-0.029370435083429798,-0.0021707279449578124,-0.014386678897595286,-0.03701468753164658,0.26498926342273843,-0.010694906979016938,-0.04424155385573249,-0.015404330642099898,-0.016610076547394475,-0.01035980256803835,-0.01491632908809748,0.11524941989580245,-0.02592914306179995,-0.0398304844312245,-0.013074617632643651,-0.01784196399778415,-0.020504430441138373,-0.011420573434590926,-0.02829159142973016,-0.02466067563683404,-0.022601994583870633,0.06017146864216331,-0.0064846891282935165,-0.014736873920368227,-0.02386367207413504,-0.018086385019960852,-0.023903920352336794,0.1853515691149259,0.16361206010466692,0.013088400021331215,-0.002974543120319963,-0.017004075177525727,-0.034454574276914784,-0.06270301403926878,-0.008418775229456709,-0.014892668578672278,-0.04929751742848278,-0.022317897568586927,-0.024817984481486102,-0.04054441158262924,-0.04827168946292541,-0.03812721899608276,0.0025864267824857344,-0.01370888813599785,-0.01523152647427108,-0.016707574771528642,-0.04502480578145407,0.0038358118880884033,-0.02016690737543423,0.00557647832629376,-0.04289674649005286,-0.006037215367681881,0.07001633194826846,-0.05367629731591974,-0.03686892831031497,0.07125951712488904,0.08777836046389234,-0.012792216501073879,-0.01615679243710916,-0.010935029540333778,-0.04135614438530804,-0.047021918589965864,-0.007446714034539645,-0.030581247624434826,-0.030832107804593757,-0.04665013819297896,0.016657864816416543,-0.039989538971863435,-0.008744507748745012,-0.02529750183955146,-0.029948988209799056,-0.01405745304229622,-0.014156160736546079,-0.008347575317086254,-0.02014530678335736,-0.011746062304310028,-0.027148173135043946,-0.020765603251657456,-0.0514977980232257,0.029958425894277607
9,-0.031132435919328905,-0.028199274826523218,-0.05829722377813194,-0.030122738714996756,-0.013348883622064562,-0.017307202854802292,-0.030737583902359557,0.035532431779859354,-0.028953519804473804,1.0,-0.01611892594172516,-0.037786865480174715,-0.03812046926720613,-0.04295761775720787,-0.0451413211402549,-0.022790748351202008,0.042548447120640334,-0.022133893511052567,0.007149731662272656,-0.040896500945215304,-0.0324581465436372,-0.0074849886738919255,-0.0515093999101096,-0.01539438057620554,-0.020519250351470286,-0.02547488502389451,-0.014558082485262434,-0.02100160856940012,-0.008195670212764804,-0.05132246670073503,-0.017288037375336122,-0.021488738423155955,-0.024217478924262605,-0.014629269075985784,-0.05379425914242038,-0.029504765740113757,-0.03563500663936007,-0.02544113185591689,-0.006343667004752773,0.07783325400653991,-0.028767938145755206,-0.02399814534263385,-0.02888006758234053,-0.012997667634850406,-0.02684619303219751,-0.017645850114007964,-0.008494945185236372,-0.020595482072704063,-0.03569335644655357,-0.07573296293919635,-0.014391380195235413,-0.01846147308668665,-0.06658505652201949,0.04933947311456574,0.08104002398427648,-0.04541720644115542,-0.05281501310139801,0.25562271449671026,-0.016251277982863944,-0.016472261512481153,-0.031031158488058187,-0.028849502696958306,0.7187092113504302,-0.01288660732138647,-0.01974075898397798,-0.027458788859120557,-0.05480129401480236,-0.014210159300521354,-0.0363550108307749,-0.06616197387648232,0.1250018730617552,-0.013904133250887848,-0.01633153833313385,-0.01389279330820425,-0.01982193304568332,-0.04227555507403756,-0.053550174038954124,-0.057463646533232056,-0.008888607684737027,-0.016140745091120793,-0.0266627479880773,0.052796899128704645,-0.01759211506400738,-0.04326806016231867,-0.01048388584355718,-0.020795750227116785,-0.03882138076687602,-0.01644182283221865,-0.035415380040517794,-0.03488417294655813,-0.024340329006843027,-0.013719407998780537,-0.028126453592464778,-0.02838224116528277,-0.07417198951829351,-0.035086427588406764
10,-0.010943668842500379,-0.01300391990267143,0.02589871227861406,0.014832856601469237,-0.004461703849036123,-0.008283900848758522,0.015919144473328237,-0.013567337899743069,-0.013315818358252903,-0.01611892594172516,1.0,-0.01918034435812434,-0.017239690018735487,-0.018154750179231138,0.13642671049774927,-0.018927702976454342,-0.01661747542117286,-0.010221755321300404,-0.008477030880717116,-0.0015292426816246856,-0.018590912098806228,-0.0030544363882045902,0.022211386174666697,-0.004690522684640719,0.0713452873238601,-0.011791949857197564,-0.008329252219352015,-0.009865141595129395,-0.014840082272004722,0.035345752166265114,-0.008158188947751534,-0.009924595891250484,-0.005826148886862482,-0.0067529214994645715,-0.014232748049111309,-0.01035007767885963,-0.016344089932424505,-0.011863563036660859,-0.0036648363812496823,-0.009348535607041655,0.0122838179642755,-0.010892131207831241,-0.004948891842047286,-0.005946025932321287,-0.012939752235729098,-0.00814812923618572,-0.0038407488594120465,-0.00885479614851059,0.004343699928805831,0.0023887792268123906,-0.0067617460063944534,-0.007628595803803723,-0.0280641670721481,-0.011972012903671513,-0.013626615117565898,-0.02378014510090598,-0.015295076639015474,-0.02093409233232861,-0.008243235155323554,-0.00771140049885915,-0.012335421779696801,-0.01202356615681961,-0.025070366668651475,-0.005919345031412479,-0.011649548023948332,-0.014962989756854596,-0.004610477688800303,-0.01587072326031702,-0.018290047206103055,-0.02933770437833185,-0.020707262885050065,-0.0064664968201680086,-0.0075535931724556105,-0.012491556223016273,-0.008561135904723625,-0.01668670403297226,0.05140358084151288,-0.0129441229675131,-0.00322789953566186,0.017348106095268084,0.024133598664840116,-0.02526552491064919,-0.008175298367920796,0.007168579863311212,0.028200779450582247,-0.006265828252329665,0.045961215224202406,-0.006860887748025347,-0.009270908406348907,-0.017249790112971956,0.032982056622517214,-0.0073085810025702285,-0.014230261094851683,-0.01303051380437195,0.08697383739008245,-0.013921806710782216
11,-0.0021915731985078166,-0.021325915418853033,-0.04632220971202315,-0.009590018000745928,0.005592324430649087,-0.015119177692244398,-0.033838708717000995,-0.0224791650605925,-0.03357194176111556,-0.037786865480174715,-0.01918034435812434,1.0,-0.01747782004540816,-0.036662036422420496,0.09450193378405779,-0.04427633205374497,-0.040384881370689546,-0.005991465055343223,0.018843671105407366,0.030968260035553405,-0.005959757484868895,-0.0009843440240581208,-0.053780471366096025,-0.015925555692270877,-0.018293838943029578,0.0044469873581676825,-0.017631427958020116,-0.01933458343224706,0.10826550378086156,-0.04754543106566013,0.012420264742264974,0.026835485683666466,-0.005526391882659927,-0.011619664597658544,0.02136131912728469,-0.008081557377810415,-0.017444587327748496,-0.007092754162751256,-0.009948476963405943,-0.01310297676024058,0.02306246701058398,0.0009383941351716824,-0.03144089167301188,-0.015699466162544102,-0.01507756213135992,-0.002087752812432437,-0.008665865491350249,-0.025792479309615365,-0.017112669786806645,0.0530991341887097,-0.0036993101218522877,-0.02224409517199001,-0.05681435365778316,-0.033783578958067925,0.010756543301399179,0.18869735108749516,0.006157759823471997,-0.04244947909264901,-0.014587303432908112,-0.008781307024159671,0.004194233625228547,-0.02449070276729405,-0.05532413627732072,-0.015554911111757358,0.013070044467682165,-0.01429300346364829,-0.04027139727072006,-0.02608473719125308,0.0037541974768261887,0.05537683022230987,-0.05595648912919416,-0.01519257277824061,-0.010766145321033423,0.016053564562622812,0.018300641675932875,-0.04279437100224193,-0.051571120223398256,0.086062096035769,-0.00921551844205733,0.054528464954999814,0.026125780402765468,-0.06920156993055741,-0.018125694067368567,0.03455733485284357,-0.012224562207232545,-0.011335514487707959,-0.00876609435117712,-0.014444835616747451,0.0195908709905028,0.06302632324436641,-0.0031612666287314847,0.005537852409339669,-0.0210809891429651,-0.011339346049347011,-0.026334865426428742,-0.017304149419224153
12,-0.021037830581215545,-0.026388539260880417,0.0012468419306956371,-0.0030468941168698737,-0.01057083227990525,-0.015449012814913168,-0.010462759638824535,-0.037864641017219286,-0.025425067681980898,-0.03812046926720613,-0.017239690018735487,-0.01747782004540816,1.0,0.06616228638193267,0.07475999882685928,-0.047868493085922045,-0.039395688706376886,-0.01705388357594705,-0.01951320315613496,-0.04861687012678828,-0.035069943000096235,-0.014561641347821837,-0.03713201888015598,-0.020331278832058576,-0.004542311147620253,-0.01474300354045367,-0.01976321690082687,-0.021798884898194412,-0.03321063317640774,-0.040667763215415556,-0.011374256644835545,-0.01137376492561923,-0.024049248564114126,-0.015061625133654326,0.3499697105723041,-0.03205112512424401,0.004425602131139475,-0.011694846116738936,-0.008505882674760093,-0.021746565546148258,-0.03130044719897608,0.08951220814147927,-0.03173096714679449,-0.012631118791822951,-0.019610764146757304,-0.004671081578157902,-0.004875359834040687,-0.022085129812515404,-0.04518101025122373,-0.05350048170943826,0.06531170981441536,-0.0074113744478974605,0.07787810730954627,-0.02952582980515444,-0.0319445432619224,-0.04294939478691635,-0.062024845627487814,-0.04995826027971389,-0.018241262590018098,-0.013639767544657457,0.06214371033750768,0.0023964296478437793,-0.0594663647212168,-0.013439880497416703,-0.02710780589143449,-0.033196168326405734,0.09070963835555856,-0.0322876856394568,-0.0282311826672176,-0.007042635964479429,-0.04938370611032514,-0.008000492911435335,0.009560366393325257,-0.02796557903268134,-0.010681514687566696,-0.026574986642416212,-0.02150149381640034,-0.038312591284171055,-0.009656799141990191,-0.03114381327151265,-0.03569201239404545,-0.06154114350272894,-0.018845584857389477,-0.02650879720035316,-0.011446045466980396,-0.0334123655662666,0.05722153518555018,-0.018185527244644603,-0.020616957561420766,0.021202397134049863,-0.022018379824968484,-0.01662676273503721,-0.03597660727816214,0.06488747146128354,-0.052876048553799126,-0.021665165788743244
13,0.013361537750658221,-0.03197665770599522,0.11027236396577607,0.005564181757502245,-0.00714172642135157,-0.018508839761442318,0.07663986961029787,-0.042799895158029844,-0.029889708100921772,-0.04295761775720787,-0.018154750179231138,-0.036662036422420496,0.06616228638193267,1.0,-0.019697230118020312,-0.05415087005790501,-0.0447085925925315,-0.024154166265618067,-0.022549037460703504,-0.051974351087622626,-0.046719732785881526,-0.007811846160515964,0.04838948023502297,-0.023063559298853342,0.040126511632207484,-0.02798192985266807,-0.022211970078582013,-0.024494334780678917,-0.03088238760483905,0.04006715498600668,-0.020990111225989046,-0.024575372984650238,-0.02990711575932917,-0.01791465321383658,0.0577056314704131,-0.02477655003286,-0.01167848149299618,-0.02876671735922391,-0.009695617443188434,-0.02464636488279856,-0.031115759680904034,0.07297637800385984,-0.03071904395128012,-0.012183750530839484,-0.02560838143063534,-0.01601133056902689,0.001668302209779117,-0.02231684918295506,-0.05154415152360563,-0.03585978838858296,0.04743055910165382,0.0715515775854278,0.3942716406602714,-0.03214425545303378,-0.03399662877744422,-0.057349527331052835,-0.0729693183228782,-0.057013031951856995,-0.020070854625142024,-0.021154595693139443,0.0016433626078120964,0.08417885006464676,-0.06693151662992203,-0.015665122681312673,-0.0297569885835631,-0.03914952923321838,0.1716155921514504,-0.039528952512635857,-0.03774456117690965,-0.023630866758084138,-0.05537481824851002,-0.014419525011158396,-0.017693398512056247,-0.03149637154766233,0.02335281556862006,0.010307412729146552,0.13253853590333253,-0.0067882788719424705,-0.009692224036501954,-0.04378419704361512,-0.041625986879362746,-0.06837050420137299,-0.02095127125657235,-0.0349556330032441,-0.012793760682975105,-0.03724289617432057,0.017381312309650152,-0.019496182044811496,-0.03897738838423036,0.023154497054140383,-0.015186243763673989,-0.019023562036979413,-0.04084403536347434,-0.011691157317973617,-0.04281587660432177,-5.4549044310582204e-05
14,-0.00019776018785654364,-0.034336601102730624,0.013654283147693135,-0.002432039007342392,-0.014878630885239053,-0.017012552355655446,-0.010334017907635171,-0.032255705365990615,-0.032344537354420756,-0.0451413211402549,0.13642671049774927,0.09450193378405779,0.07475999882685928,-0.019697230118020312,1.0,-0.037545279579627805,-0.044117539928877465,-0.014372062071800463,-0.005454136224124644,0.09155386964810752,-0.025960383591100908,-0.004552971674508426,-0.033805071853322946,-0.018600584065397822,0.025346336013248417,-0.03321993467153009,-0.022312832609013955,-0.018894230222393157,-0.02507137849224758,-0.004233524217937837,0.007404205823511432,-0.02782516611869543,-0.008736937473313255,-0.019255338879418583,0.0200259335153996,-0.002053597737397231,0.03916654017189058,-0.012413087632452222,-0.010184435973567883,-0.01559197197479431,0.060849243548530815,-0.01326585938324171,-0.00977760706804508,-0.003868703930109374,-0.03131189269930115,-0.008775969148997174,-0.0069138153847565775,-0.0017679113911567143,-0.00476069645190642,0.04107851938394361,-0.010501906852938083,-0.019424465524810156,-0.028431719813521775,-0.029521539569528875,-0.023776231033020997,-0.05454454848628383,-0.0005917176762484117,-0.04854607901090239,-0.013085670491372615,-0.018589753850808535,-0.0030948412841432047,-0.028847666397609315,-0.0697479239291392,-0.01700336158771567,-0.03173096687813426,-0.01865995427857337,-0.030196210101469195,-0.040961464350764906,-0.028015097651834714,-0.0023895768332745596,-0.05846311549243491,-0.014926842797385915,0.0010058767206968067,-0.03517395678085035,-0.023099042078012763,-0.011703266978613278,-0.014050032575983706,-0.03875601485278987,-0.004091020933998966,0.051535304864826506,0.03777374216781647,-0.06819389120989539,-0.021544139726018832,0.0020776676724861267,-0.002612681799860006,-0.009865742682729259,0.059957194400651885,-0.018419402588423717,0.00011361007598121795,-0.029191647009709498,0.0403601416589624,-0.019809523682845737,-0.012589224373621612,0.05174122949627468,0.13737314289132066,-0.019240882065167463
15,-0.014661960014928735,-0.03500955089786552,-0.06767259681003432,-0.03214742725065682,-0.0167319408109264,-0.006711149399041792,-0.0377714975912741,-0.002832372870403682,-0.030083446142101858,-0.022790748351202008,-0.018927702976454342,-0.04427633205374497,-0.047868493085922045,-0.05415087005790501,-0.037545279579627805,1.0,0.03437467601444562,-0.018915857715166268,-0.019586292359806245,0.03418416066472373,-0.01702108426436967,-0.012554997525245215,-0.06764559783421438,0.01858433488498419,-0.025721440300794977,-0.03217079377285381,0.2680377524115967,-0.005797018177654678,-0.037439547358843944,-0.06311888406648586,-0.019227137498199175,-0.025322688066099417,-0.0288243972513759,-0.01832639897037821,-0.06831995482019422,-0.019591674960602476,-0.040332401777070336,-0.032182227416966754,-0.009641764817353666,0.0028950752245219882,-0.01998383735750167,-0.03020915817789239,-0.028418887262439997,-0.016136385728757797,-0.0348602477900879,-0.014228192876307031,-0.010556808674813279,-0.024687094149701463,0.1305143190276225,-0.08175288595521364,-0.018444463861140317,-0.023186656420956676,-0.0811922769266151,-0.027418374081950928,-0.0021195628372965127,-0.06287741989657919,0.014844985876786877,0.11001498038885754,-0.005512413047751883,-0.02124279616012629,-0.026582184723675004,-0.03605562111106356,-0.022073405681244683,-0.016147854529231773,-0.030319067755483146,-0.0013329471132691596,-0.06936069962752608,0.15059895353787187,-0.03779068601116652,-0.07338522755345195,-0.04692399337567759,0.0008388824305323693,-0.020438816451275044,-0.031282421195202234,-0.025059211586718318,0.006912633996700573,-0.06592036484367814,-0.07120056583139334,-0.011132086644736913,-0.036137601877197646,-0.03256600907328204,0.05676065320510784,0.0043692026750377375,-0.04620153158113227,-0.01283757891572583,-0.025500785166250706,-0.04850154646615934,-0.0205808043663058,-0.026796754843895296,-0.020604170702427087,-0.02881148630833963,-0.0038897091586465762,0.19647216899013253,-0.02510746930450153,-0.01933752018382054,0.0011904868509423684
16,-0.02759969549072236,-0.028065956566855475,-0.05479598078959029,-0.03061198843574465,-0.01321115606296571,-0.01621297590185317,-0.031553555645483566,-0.028476076013917728,-0.029370435083429798,0.042548447120640334,-0.01661747542117286,-0.040384881370689546,-0.039395688706376886,-0.0447085925925315,-0.044117539928877465,0.03437467601444562,1.0,-0.02161604559362163,-0.01963213310520527,-0.04105665477103018,-0.03903971329965597,-0.015093948076569979,-0.05415170784102954,-0.013987842398500934,-0.021048711395164673,-0.02638933882237771,-0.006608278918497064,-0.018646911086283184,-0.02960945283495864,-0.05087931987099849,-0.017864494941560553,-0.021651692778490262,-0.023681619923260455,-0.013040704526973892,-0.05587065991260138,-0.028294032601293723,-0.028724811235754794,-0.026236100929644218,0.0011910645576936022,-0.021166060010120384,-0.02991986369923938,-0.024997405749972057,-0.0273409727499378,-0.01329739768686652,-0.028319137950112178,-0.017314444420992458,-0.008044870041551591,-0.020282594237293738,-0.04430858261320954,-0.07847487674502203,-0.013549421896712086,-0.017842149459347954,-0.0662743776669946,-0.002040782731642994,-0.026120725213408722,-0.04901760736405737,-0.05372019260328553,0.013170594668340422,-0.008790632943442157,-0.017177962959588365,-0.016187038222905917,-0.029205287800302543,0.057351070431274326,-0.01273575325859312,-0.025107845568953683,-0.028495675705970613,-0.05578351119652768,0.007038025404196548,-0.038287646247052276,-0.07228138638953213,0.14585036093958786,-0.012625733269594085,-0.015848056271545653,-0.02691156447806992,-0.01956236121654459,-0.035404342221530764,-0.052879368171345656,-0.050947672202633014,-0.008774845604384072,-0.03891901761460502,-0.038347584775049265,0.10951265647572614,-0.010465652654473521,-0.04675717985098168,-0.011031745143785208,-0.03086727013455497,-0.03821852585375633,-0.017149026557849653,-0.024659639087963432,-0.03786439519799489,-0.024962645181450464,-0.005563717250034971,-0.01254133541712504,-0.026926603127019177,-0.05839903130346352,-0.02500165174402992
17,-0.01918202353134648,0.4899630674699511,-0.03576685560055658,-0.019483420517569325,-0.008463277804987014,0.14458646419953736,-0.01916395396229892,-0.021850841654790558,-0.0021707279449578124,-0.022133893511052567,-0.010221755321300404,-0.005991465055343223,-0.01705388357594705,-0.024154166265618067,-0.014372062071800463,-0.018915857715166268,-0.02161604559362163,1.0,-0.010639848785736745,-0.028367048580330238,0.001080511643991549,-0.009365721574190251,-0.03393124097932863,-0.009711259735887517,-0.010288327701259443,-0.01095350927011183,-0.01103260230801353,0.004331171888406761,-0.018048706996260128,-0.032597535942684115,-0.008018610192389931,-0.005445898938412222,-0.015551454342947729,0.019877985442678308,0.10403038399630851,-0.019071731700277633,-0.02247481442058582,0.05453363189070805,-0.004996222955079303,0.0013475481659100414,-0.01850165436706809,-0.014248022510727345,-0.018430315648567064,-0.005021047391040156,0.08711471440313051,0.3886183954920357,-0.005313782186199193,-0.013105802589875634,-0.02891159805368307,-0.05030638766500572,-0.00928807529013417,-0.011725954674982332,-0.03726242931801991,-0.017204440029753704,-0.018860901007828355,-0.018937943483131266,-0.03735076966878462,-0.028088228865164315,-0.005661342163757726,-0.010694451763701655,-0.019950197094199484,0.008492448414480165,-0.033322450739906376,0.12560166017951013,-0.005718922405443985,0.003212484152286973,-0.03374532047438938,-0.017061695299268,0.07725212734897366,-0.047029694185678414,-0.02749135217920836,-0.0049674597709005765,-0.004130294992317995,-0.009956899400083824,-0.01197265076262483,-0.023311857364018234,-0.03341326798900835,-0.030740871975120244,-0.005718243365710395,-0.023873431333996633,-0.023397484545018332,-0.030223472661673564,-0.011101235530367664,-0.03076560561974058,-0.0067567038507189685,-0.019422281731562664,-0.02278949183919668,-0.010830441638938119,-0.015009785739871816,-0.006629678843126811,-0.015593589448654965,0.01975151511081806,-0.009552699313354368,0.015526123080540903,-0.043079666626511165,0.08049613549740306
18,-0.01171379351238605,-0.015288890954559785,-0.017908627553770415,-0.006786336106513457,-0.006643350329282103,-0.008874795150356475,0.005506005956165138,0.06716703470757358,-0.014386678897595286,0.007149731662272656,-0.008477030880717116,0.018843671105407366,-0.01951320315613496,-0.022549037460703504,-0.005454136224124644,-0.019586292359806245,-0.01963213310520527,-0.010639848785736745,1.0,0.019995062879724815,-0.013916134005215165,0.021766616555698826,-0.013911956403831902,-0.00571218227908768,-0.00980645317739557,-0.014040142916470079,-0.005657057260951336,-0.010396184772335795,0.038124329566279376,-0.023540431297735524,-0.00532935484688528,-0.011599476909433689,-0.00948540136139622,-0.003200802610890942,-0.023906709139065528,-0.012387555434359248,-0.011749645453632974,-0.01378682409898034,-0.004296158430879299,0.008981840714051316,-0.014123402321966764,-0.011946304210078862,-0.015371575705780547,-0.0068531004529580304,-0.012512306847331194,-0.005896177760150043,-0.004278763849971091,-0.01097984493704966,0.0065862971896922876,-0.006338905333935607,-0.006270038108973699,-0.008800659064892722,0.005462978501204897,-0.014604081914961566,0.04316489468673114,0.09725307647035275,-0.0033968483898000586,0.03781825752579907,-0.007393010327342957,0.09349262613679192,-0.001825115930588878,-0.012005056163983882,0.0145551945735805,-0.007013381048820568,-0.0010518168835193797,-0.00785891520191213,-0.027361639362298504,-0.016636496015694807,-0.01185154366744462,0.013955035161435824,-0.023975340737465704,-0.00697350263268928,-0.008580722912977266,-0.01369534602371607,-0.006137739876249505,-0.017626784118936655,0.02299095205016736,-0.005172456881653411,-0.0012143997859286652,-0.008254910004262019,-0.01385886224822527,-0.021914162926602566,-0.00822204842404193,-0.01190572132318396,-0.005469012497642721,0.028097966739937783,-0.01644569689484634,0.0004412378702190957,-0.009873412164417124,-0.013364590271948862,0.009891798391779304,-0.008174832296849985,-0.007577874186146401,-0.004069848448467117,-0.02475021661858082,-0.017169313187634917
