,0,1,2,3,4,5,6,7,8,9,10,11,12,13,14,15,16,17,18,19,20,21,22,23,24,25,26,27,28,29,30,31,32,33,34,35,36,37,38,39,40,41,42,43,44,45,46,47,48,49,50,51,52,53,54,55,56,57,58,59,60,61,62,63,64,65,66,67,68,69,70,71,72,73,74,75,76,77,78,79,80,81,82,83,84,85,86,87,88,89,90,91,92,93,94,95,96,97,98
0,1.0,-0.014258597526234523,-0.007919131764080906,-0.009108996476586462,-0.0032183885717660876,-0.00776424316637873,0.006020201078019188,-0.01614579244615079,-0.013640989428559836,-0.016870867212936798,-0.007608416592406275,-0.011352110822953208,-0.013009282907181561,-0.020757752574554117,-0.020725164411687338,-0.02092850262890821,-0.01664459431093891,-0.013789193730607958,-0.002622273351313152,-0.02110767293332956,0.005187472602898145,-0.023700462883547234,-0.009227244461120433,-0.008860204858263183,-0.0060567469133913625,-0.00519010210646341,-0.008539716702831955,-0.010283379301439088,-0.0010454757088802632,-0.021048448508070416,0.0007608907108999294,0.03486008297380418,-0.0095251416936654,-0.006661169883667599,-0.000370492682821524,-0.013848180588942889,-0.01535117358337237,-0.011963020652044687,-0.003814710598587717,-0.009657825286580655,-0.013411220129082423,0.0610026167899996,-0.013704016901047618,-0.006198131475603417,-0.010298284231949017,-0.0028058502733754862,-0.003988803420208943,-0.009835985160000834,-0.023340128673721223,-0.027544581471935947,-0.004558300767149207,-0.007140601598120962,-0.006611735946436995,-0.012904383488645341,0.022057383713169138,0.0293858046586681,-0.025473554911061312,-0.021365304853889693,-0.008221201000566291,-0.005551041292164982,0.0033902211944390297,-0.0037520808093360163,-0.024832575872042316,-0.006143257247149736,0.003305539842624806,-0.014752716118564928,-0.020582171237626703,-0.009767491707974706,-0.008892483118901449,-0.007073644858926825,-0.021594321961651394,-0.01545818157241812,-0.005384112820507241,0.01130680795171301,0.7656882845714222,-0.018930808790551756,-0.013557832276611202,0.10528286795030178,-0.003741002257565825,-0.013554816211056711,-0.010086770427245345,-0.02694878283516645,-0.008530350827951802,-0.010395435360130037,-0.004989241608908522,-0.01412609904198744,-0.006468434228505051,0.0018439751311434616,-0.007361661116579656,0.0009346287382246072,-0.004868474399074404,-0.00539227342679215,-0.015290679957057365,-0.0012668250733406082,-0.03443053217401854,-0.01757383752736717,-0.009800424462649822,-0.008149939697894765,-0.005041395345715357
1,-0.014258597526234523,1.0,-0.004609984347477834,-0.01763791604229405,-0.011353057262234534,-0.015925146127799134,-0.026163381717125886,0.23243551488905723,-0.02539010332711408,0.05842346182846708,-0.013319934442160206,-0.016339197308083492,-0.03242586304015303,-0.04693918790008975,-0.029815115924525418,0.010725945977449596,-0.024863552352673894,-0.02519384544036673,0.008182145488959295,0.0020578168684011492,-0.010695758346248955,-0.05436903980985586,-0.044094573301667085,0.0264690105459787,-0.014331162681160966,-0.01879728494044608,0.09908449797218058,-0.016644739865787454,0.007404117314662634,-0.04145483692338212,-0.002223262469119705,-0.012704696047335097,-0.010813905150953793,-0.012736559179875108,-0.04341127596638191,-0.005356195352315445,-0.028743895138220753,-0.022095817155212128,-0.00695958407185919,-0.016177985579696016,-0.002374538867304038,-0.019585893188308865,-0.02298787715605615,-0.011412069113008714,-0.024412175660620844,-0.0010814720673007127,-0.007343269734180049,-0.01685110669712632,0.10665177260803632,-0.009399658139019645,-0.008784930824345677,-0.01623214946396396,-0.03416851935031136,-0.015475350143541965,0.07530468735185483,-0.02473982178679147,0.05917812092676794,0.012897927774930894,-0.01071103043818416,0.06777525160927404,-0.02230329031945639,-0.024927842538651393,0.07702074061079191,-0.011330467799718288,-0.01681178993056807,-0.023808937018982727,-0.04735569576580313,-0.017135484761975413,-0.0074480891162835685,0.07296269474635828,-0.02282333490038162,-0.001802633866053711,-0.014028383894677095,-0.02123619867052966,-0.01768492625406271,-0.023323750140363288,-0.04483916708152074,-0.04632383061195906,-0.006422546720074271,0.3103579597252873,-0.021652796117346537,0.004411316608735687,-0.014343033191276418,0.004655305137758391,-0.008172369237854955,0.03604369564071167,-0.030297920945792187,-0.01308004315116761,-0.026309841380385043,-0.016711879951897855,-0.00609245636218333,-0.011519018534122898,0.0041036531531300525,0.046102000091094913,-0.01242592993887885,-0.020487101222493767,-0.01899870535928076,-0.014346466750525708,-0.007856566111119963
2,-0.007919131764080906,-0.004609984347477834,1.0,0.007679195490416838,-0.005152592420549161,-0.016797257434089004,-0.008403569012420798,0.0015817104041888075,-0.024067604596536493,-0.031192060101053458,-0.010833318756972606,0.00017590922530097997,-0.020747724985514755,0.14079109324565042,0.00028961191361550395,-0.014783226365999068,-0.02758785994889398,-0.02551562451491361,-0.012323194861709678,0.12153137188393019,-0.00942484235194812,0.04172088634155048,0.002968185924101195,-0.009788930225654774,-0.0001808647277781539,-0.009362931865455587,-0.00867210730018628,-0.019063604566930285,-0.002788467283319218,0.151986307843849,0.018988723887755674,-0.0033125426506772646,-0.02028546620479417,-0.010726320029232274,-0.03656098292841277,0.20981662744629737,0.03822544489103619,-0.020655367224082496,-0.006784575281903736,-0.017840503044895407,0.029147682483252977,-0.02053747567231158,0.12455260426860498,-0.01120462127977213,-0.02441112783421207,-0.007518743255255368,0.0031427353737850036,0.18458309389635058,-0.019473292122044777,-0.016608220579070937,0.0058567967197941705,-0.006803212075727224,0.014237332496162769,-0.024069298834486483,-0.020502284419774187,-0.010713562721067164,-0.02384838587577077,-0.030653770566738216,-0.013234113366089106,-0.015589763126298097,0.0557426725935594,0.001251657727862256,-0.042708233557309724,-0.011834281606201327,-0.01974553086561264,-0.027732149461035215,0.037322756791921534,-0.011520223215070645,-0.010186230126249111,-0.030337632988132777,-0.04084521691464621,-0.025824648246347944,-0.013135578211734717,-0.017205791209707447,-0.015254030407465265,0.12770727373776633,0.03343024297565849,-0.0406385756658888,-0.0012625756654496886,-0.01968219551529208,0.0005710776806044904,-0.043872021443472964,-0.014718319434441431,-0.02333635453374261,-0.009501125927664104,-0.020012890521966815,-0.015407661339222015,-0.010837454902851786,-0.013244904570010076,-0.00618561945252096,-0.009593075157035431,-0.012467755420847933,-0.011345678003144273,-0.008304549044971798,0.10646980475645818,0.005631921360384694,-0.01914038862886503,-0.013076820398091025,-0.0019475910824521356
3,-0.009108996476586462,-0.01763791604229405,0.007679195490416838,1.0,-0.0020407378473950386,-0.011874914248262841,0.10377813065782741,-0.01572488538470076,-0.019697395294626642,-0.02390095845086372,0.033265523210922146,0.03009246269422832,-0.020947162064391706,-0.005295825429762072,0.038532090513266275,-0.028820398838991686,-0.0239021625585007,-0.019905718644274234,0.008912473896172802,-0.02108503969887474,-0.011579559349191203,-0.010912511680009585,0.0585001223579726,-0.012180287951574706,0.0021476210025004367,-0.017485770986717754,-0.011996894115706147,-0.014007273269714664,-0.0024034337940925434,0.0537232963145069,0.011865008357180216,-0.014379126987999159,0.02212937102462921,-0.009996111408337761,-0.01497199404559857,0.014968445657103991,-0.022226084614515203,-0.01743211514876024,-0.005466893954260052,-0.01360567345751891,0.0022924633303113935,-0.014049727186933234,-0.01415349061916032,-0.008916018103047504,-0.017784515019617496,-0.003712518393933168,-0.005555476232096465,-0.011725664306978262,-0.012412875923102147,0.06577245551262897,-0.008974703882782771,-0.009823065745191022,-0.014030616342847396,-0.017896511826706974,-0.0006619622263396149,-0.029443709761252396,0.018582132187714078,-0.030974348354111607,-0.011523263164854025,-0.009093256532198047,-0.013843180811179736,0.04538365297995486,-0.03619505950548154,-0.008864881956441296,-0.015413271068015181,-0.021086877504176357,0.004622550363268559,0.046386425098949746,-0.026514686740247893,-0.008935904491523402,-0.030902958945626134,-0.02503896001732207,-0.011146536028713717,-0.018287378796970233,-0.010000694273246466,-0.007346245507258046,0.0032786609314702985,0.0007782832495813533,0.0026007231536997848,-0.014478174541266499,0.02657848817719131,-0.03732291783185521,-0.012117140488814562,0.03737373798123302,0.08979158837859336,-0.004145723532832761,0.04010182693936778,7.4539789987168766e-06,-0.01690854338834429,-0.021768994344980953,-0.0022211145153408895,-0.010662048819997591,-0.022119612719145455,-0.016923913536609186,0.07947110988390649,-0.024165884391874136,-0.015203024250682673,-0.01172398494975827,0.020304686779812068
4,-0.0032183885717660876,-0.011353057262234534,-0.005152592420549161,-0.0020407378473950386,1.0,-0.006923059158688773,0.009659632254107136,-0.013020292642477373,-0.010726078560776725,-0.013504018672886607,-0.004468782562874841,-0.013359064684338534,-0.0105300681241811,-0.012087274933434004,-0.014864524045669545,-0.016744336185757346,-0.013088182450238503,-0.01106386237659089,-0.0047548797410785736,-0.016331444292460723,-0.0008963568952957326,0.031341494872763685,0.01648643370847543,-0.0071214748650849855,0.012032252026521513,-0.009126413222014362,-0.006830353607788046,-0.008201845699139811,0.0064608264789546305,0.00812936177934836,-0.013947931423947749,-0.007674817614830392,0.019274102127698256,-0.004964809141854488,0.001078357874695584,-0.002637210355891382,-0.009517452004572845,-0.009581094585731031,-0.003028229397233495,-0.007588843554085351,-0.007055787837962237,-0.007589350431250572,-0.010255079539453515,-0.0048722172151485195,-0.008613892490044048,-0.0019325534339520146,-0.003027595438779251,-0.0068646484344978735,-0.01743584769572494,-0.014419275819775068,0.0012720008819279566,-0.002106482191592189,-0.007066630114952393,-0.010315542016785703,-0.00815974749587365,0.0020275056379997257,-0.02032695768064319,-0.018011042020503226,-0.005949074817944567,-0.003476687457786539,0.003850601342931631,0.01926704889506403,-0.020663333872319778,-0.0049075609547319455,-0.007845530331135494,-0.012158527394140917,0.016175356642104885,0.0034890454901256533,-0.014415021660275217,-0.013103982508871344,-0.017345110637795903,-0.013831050833063659,-0.0053404115988895575,-0.006338194720230436,-0.004495382286854894,-0.006070573786515394,0.013220368445339362,0.082370268365542,0.05102419097058061,-0.011120765011615024,-0.01347335444199671,-0.021540430087090244,-0.006644636973912317,-0.0023740525412454224,-0.003807817366129362,-0.011199831981427112,0.0705345037687625,0.0032904228579125634,-0.012036122953677758,-0.010703496894547759,-0.0038158287506380477,-0.0034805212412022356,-0.012327329969702169,-0.010277767358667728,-0.019093684329163533,-0.014283727769373145,-0.008469996827603882,-0.0066651866872493755,0.004327302219608776
5,-0.00776424316637873,-0.015925146127799134,-0.016797257434089004,-0.011874914248262841,-0.006923059158688773,1.0,-0.013508766982578186,-0.01920780531895168,0.06366801178143422,-0.018852065092384535,-0.008990011614269036,-0.020233037985261416,-0.016318194515629346,-0.02794431553078859,-0.018417952169264312,-0.00621898234495345,-0.017505918097964843,0.024860307452825633,-0.00725886615171799,-0.025194159785030992,-0.0018140735136931633,-0.031814502281890575,-0.027923147702049254,-0.010173173319080839,-0.00964761097269837,-0.0081717260920785,-0.01008244552578915,0.10350296227056796,-0.016452109510017236,-0.02714354673030712,-0.01769036372450604,-0.008672039918484482,-0.012403717037267338,0.07897048491794735,0.0020800558327417357,-0.01665601118187105,-0.0184097829973755,0.08278914441080963,-0.0038672951932081354,0.030786358259594422,-0.016229675772295452,-0.01027734586523712,-0.016279842964338032,-0.006531009421318886,0.12150532831829962,-0.007255809544816872,-0.004437471127471547,-0.011538683782954222,0.02829723248900754,-0.04209096523153137,-0.007818754037237429,-0.010177988421374193,-0.02000951908249961,-0.015143933274551668,-0.005115597197930144,0.0088553614761521,-0.023020695769153048,-0.019134988886717594,-0.0040609456816344475,-0.009209768088290103,-0.01283660333611024,-0.010471776681668434,-0.028464644286984753,0.00017612049977012252,-0.005652012629702579,0.11005760356859003,-0.025124337253512805,-0.006179532403476759,0.04599069354904291,-0.03486176262751883,-0.021960875431492888,-0.004277176908186541,-0.005509877170765417,0.011063376601711679,-0.008268981745113414,-0.007315206417541879,-0.026206977778906616,-0.019270056762452234,-0.0048736370067272265,-0.015313734213078816,-0.02078828335004238,-0.03121933586463364,0.07365582601309603,-0.025286469516885502,-0.0056812476181958785,-0.016900731160783233,-0.015000502918711243,-0.009013932836781497,-0.011663921619709021,0.005182059876331939,-0.006219952148333489,-0.00582359334680322,-0.007042357958636904,-0.0033518401600631936,-0.036299790280606634,0.01794639206944197,0.15504066771761044,0.010768814110978589,-0.007358006552336002
6,0.006020201078019188,-0.026163381717125886,-0.008403569012420798,0.10377813065782741,0.009659632254107136,-0.013508766982578186,1.0,-0.028713757564402885,-0.025201783170911297,-0.030942088777443325,0.015961572216904314,-0.010936335743134962,-0.010387264890690001,-0.0018599997483715533,-0.010051360406494094,-0.03769201226061328,-0.031136264974307513,-0.025494925555965543,0.010935126089735701,-0.0352997523676523,-0.014748622965723844,0.0747293267495522,0.4247083847666886,-0.016437757357955798,0.0012807522758242185,-0.02249031607174641,-0.015840353723372752,-0.019341854246593966,-0.033620398838894595,0.021589372076291254,-0.034757624252185856,-0.019037689476257887,-0.012582412308317695,-0.012167327265591717,-0.003954418419934835,-0.013944982096252601,-0.01952755105038107,-0.021670004083932843,-0.007058580995218517,-0.017934113116787206,-0.01248170196178569,0.0025101465221369903,-0.02171259272590846,-0.011460172099408326,-0.023026669467921236,-0.004305880691247504,-0.004566753503748423,-0.011338007832709263,-0.04235434544263263,-0.028764944565467954,-0.009737080346035144,0.017939803960200517,0.076524653510255,-0.02378033393231964,-0.01857547823779324,-0.017337648866178793,-0.04373909811908873,-0.04245339216678316,-0.015206215243376092,-0.012641478447533855,-0.014932779930575998,0.0599899726976706,-0.047622957197148416,-0.011423827162445496,-0.020768236740893377,-0.028180144671547808,0.08513191434995807,0.08174507076386914,-0.033145849625487764,-0.04127585907199412,-0.036376694381013375,-0.032042718620389946,-0.01399523097326447,-0.023637569018824956,0.030355836118578644,-0.01649703187742476,0.019427464206962022,0.043607253981970566,-0.00022956937182096377,-0.026098646272174383,-0.0060841021140089265,-0.049805550270582255,-0.01577110742758769,-0.027135376023917846,0.009503697113052559,-0.024138172329969995,0.0018872397529319331,0.07855138355484459,-0.026831761827474196,-0.019439981240591223,-0.0030946925200703848,-0.012735806708436413,-0.02861231226149277,-0.023244607805959685,-0.012772875849068586,-0.026657898380004222,-0.01920303654113118,-0.01536393054096704,0.0025988508538817004
7,-0.01614579244615079,0.23243551488905723,0.0015817104041888075,-0.01572488538470076,-0.013020292642477373,-0.01920780531895168,-0.028713757564402885,1.0,-0.028672218761718462,0.034554054169144276,-0.013524287428366207,-0.01870965178162362,-0.0378251396967458,-0.052236953268142386,-0.032475543229109456,-0.001971448106723914,-0.028405963976968974,-0.02850274265890011,0.05553368139681453,-0.014736721142989719,-0.0124569273074539,-0.06101267477813187,-0.047072260368619154,0.009231411673129727,-0.018879176733688694,-0.025275456907462433,0.007022136908440372,-0.020833190269880578,-0.023506786301371395,-0.04771294583905942,0.0012728510118082022,-0.019051851982660822,0.030290695405417123,-0.0144378403557649,-0.052634775266619305,-0.02273071296962767,-0.03391480823525592,-0.02502610209460278,-0.00792716718284507,0.009878414771373037,-0.019611784376640514,-0.02316410002159231,-0.02689393785824673,-0.01290977260737108,-0.02811859508210266,0.009829157894874811,-0.00804044834539244,-0.01981239026855302,0.10925973636825345,-3.306004929428579e-05,-0.013802592185723434,-0.01800103492929596,-0.04257840602961151,-0.011294729001791796,0.02937726545287348,-0.02969383610328843,0.03276864453061878,0.04838107259253163,-0.011052855131781426,0.06467366064871476,-0.028057544851975105,-0.028555837110761137,0.0892828652067678,-0.012727209195756782,-0.023319811859035214,-0.03189774614854406,-0.0547318032350269,-0.014769145514981725,-0.021324730553924753,0.05876164141331709,-0.035751003786463696,-0.019995016719677836,-0.01612907283247305,-0.026101754932533524,-0.02018137710720224,-0.029301117047761234,-0.04954729773472183,-0.056372675462786924,-0.004517132696653387,0.20711012756158587,-0.017161705475134324,0.13068226303662242,-0.01733062264991464,-0.003929491310150471,-0.009251629640926044,0.03578597864569456,-0.032644840120161674,-0.013675787978477589,-0.03522367849861387,-0.033236895157660144,-0.007994592934926005,-0.00927817942619703,-0.022709580942276812,0.029020331286590526,-0.049839144661096256,-0.027330576204433944,-0.021923047164447283,-0.01752422147687354,-0.010668044708416022
8,-0.013640989428559836,-0.02539010332711408,-0.024067604596536493,-0.019697395294626642,-0.010726078560776725,0.06366801178143422,-0.025201783170911297,-0.028672218761718462,1.0,-0.029188643189889903,-0.01327717259050179,-0.0306762683523992,-0.025416883802695217,-0.04118812546994851,-0.032310829730983315,-0.0297980006952338,-0.02893841464757569,0.09904045061622481,-0.01182321407989699,-0.0369086466142841,-0.0033819899671428014,-0.0488170592931007,-0.04415823216486123,-0.015366324190802185,-0.016552673963593865,-0.010823004347573922,-0.014796928414688753,0.11701576758051,-0.03320909860016115,-0.03974115034764725,-0.01273314263084528,-0.01778940364995056,-0.020389376879664106,-0.011374594828515997,-0.0285790891651985,-0.024589577757211992,-0.022611445455438407,0.06258877557923619,-0.006430495043823197,-0.01360863933889734,-0.023796946637530327,-0.01805996784078718,-0.02383880159130263,0.1764183839875491,0.163514067467692,-0.010527311920997267,-0.002948870772283247,-0.016935769873804532,-0.03268308328142151,-0.0625031210881331,-0.008636802086557111,-0.014866024119073784,-0.029843379765491573,-0.02220071327549672,-0.0250547364452458,-0.04038512948431393,-0.047207146189848274,-0.04074701617695876,0.002159701148944236,-0.013750685962091459,-0.014029486706353608,-0.016385734370486675,-0.044920369644884744,0.004270526482540447,-0.019002749231927962,0.006295213641580687,-0.04282222389887473,-0.01950278285169548,0.0698798487816935,-0.053595613065724385,-0.036713216872850514,0.0017335949387181308,0.08238566399620881,-0.012144303723263233,-0.01659251838067183,-0.00996399360240745,-0.041269771823313046,-0.0462116699250357,-0.0074161545802044265,-0.02299230538013042,-0.03080394819068777,-0.046525233978609665,0.020052059950342892,-0.03983406059208394,-0.00872211792724696,-0.025008247859670374,-0.029888458205272667,-0.013940835276589441,-0.012235896230769825,-0.005852542174172871,-0.01216995441841192,-0.011727680251103462,-0.025953571896148414,-0.021088533303150775,-0.05114351866558882,0.031006891387041068,-0.004069069600645242,0.014370772252941588,-0.012200812653995545
9,-0.016870867212936798,0.05842346182846708,-0.031192060101053458,-0.02390095845086372,-0.013504018672886607,-0.018852065092384535,-0.030942088777443325,0.034554054169144276,-0.029188643189889903,1.0,-0.016287752019726903,-0.027168795104223077,-0.038570478943126,-0.05822820008953995,-0.04605600329589185,-0.021132306689324407,0.04396601641660698,-0.02928281215399211,-0.005181354027394175,-0.041866289001371085,-0.01790726976130842,-0.06659951438818222,-0.05213524891114194,-0.015238817648936009,-0.020728267984341867,-0.025772234129677447,-0.013444653402516524,-0.02178194489291678,-0.03816238312037028,-0.051911625783079014,-0.04418064165914333,-0.021741218674218125,-0.024451175859314993,-0.014723345992347682,-0.05438497370137272,-0.029783611462351093,-0.03596341742368096,-0.02577951456999613,-0.006458489222598472,0.07598559529450852,-0.02898272085291913,-0.024241111253522026,-0.029201702231231683,-0.013123364295019951,-0.02717630100775685,-0.0060599900006108225,-0.00855041004396703,-0.020800456251100753,-0.03653772893362892,-0.07684730186444669,-0.014549972554248513,-0.018680377926631124,-0.04322204473667152,0.05199861869161978,-0.025609144568021765,-0.0461435564512971,-0.052070859230481714,0.21118097801902375,-0.015997289116153793,-0.016989404383243086,-0.030106446662523056,-0.029181650755859025,0.7207344391906201,-0.013051180663244755,-0.01929328363284232,-0.02775391326038721,-0.055433140970370456,-0.03033259828787171,-0.03687136840232603,-0.06659650763468358,0.12793572287244873,-0.015503002817009628,-0.016524476827797757,-0.01425651189459834,-0.020667606890291592,-0.04253994872593485,-0.05411458979552395,-0.058078762349739105,-0.008929876257200285,0.16351304471380074,-0.01718941077894964,0.061602074389880926,-0.01799220283054726,-0.04373594629722559,-0.010606849981740583,-0.020804569664489563,-0.03905089157640752,-0.016627084053412948,-0.0354844668101527,-0.03529042948675479,-0.014186017500909138,-0.01384176374222234,-0.027529577064009506,-0.02833797085903253,-0.07479967796131737,-0.03528619965419577,-0.022498244320234423,-0.017906905238317842,-0.015004624282672251
10,-0.007608416592406275,-0.013319934442160206,-0.010833318756972606,0.033265523210922146,-0.004468782562874841,-0.008990011614269036,0.015961572216904314,-0.013524287428366207,-0.01327717259050179,-0.016287752019726903,1.0,0.024078254074102422,-0.017242254550949382,0.02818343219981224,0.13694699868545585,-0.01894162950198457,-0.01639909224265377,-0.01340586811634939,-0.006406981185549604,-0.0015353820588874236,-0.008481750347081282,-0.027754110743301984,0.022239074765790817,-0.004688311559985584,0.07129448879132574,-0.011791052117852113,-0.008274804677253554,-0.010141528654155603,-0.018842487088696486,0.035451604163294875,-0.014274198426346441,-0.009926650180973152,-0.00581284499875069,-0.006728056624916209,-0.01422121544376338,-0.010381118903577666,-0.016288774914629336,-0.011887780582947581,-0.0036778582039260466,-0.009343951131588937,0.01232502617142579,-0.010950467058440782,-0.004956857298898213,-0.005938808421916366,-0.012952247000425597,0.0027571090489389993,-0.0038343970111420845,-0.008853918222939731,0.004435594438947444,0.002097225569811744,-0.006754990098006122,-0.007629635547571773,-0.018075320537234298,-0.011947333382739147,-0.01421146336447452,-0.02373588758655181,-0.01439186061959009,-0.021845358147466847,-0.008009273910958466,-0.007711463755482048,-0.009934090667408864,-0.01203181627507973,-0.025099989969131896,-0.0059246235556191865,-0.011714087490621607,-0.014989672712327463,-0.004637383271887884,0.013818949457443351,-0.018297451261497115,-0.02941429938735725,-0.02070332777072932,-0.01701345108727189,-0.007549553207863492,-0.012519935691931461,-0.008709991334657462,-0.016730889204129566,0.051392914759038545,-0.012650520284209602,-0.0032731830292714497,-0.013589581524906386,0.017988628342941678,-0.025266095447561594,-0.008260892601869133,0.007196968350007501,0.02820359337382298,-0.006072074280077869,0.04625068449445903,-0.006670882071362699,-0.00916150339034104,-0.017315483394103905,-0.003640789273669849,-0.007317039748384225,-0.014012487093234877,-0.01294677833754658,0.08716132164446642,-0.013944018844873805,-0.010270763689963573,-0.008192676063822174,0.012514651143279631
11,-0.011352110822953208,-0.016339197308083492,0.00017590922530097997,0.03009246269422832,-0.013359064684338534,-0.020233037985261416,-0.010936335743134962,-0.01870965178162362,-0.0306762683523992,-0.027168795104223077,0.024078254074102422,1.0,-0.03566973333455106,0.028685167332741242,0.03746010264227807,-0.03256695535631966,-0.037930276191127626,-0.03177896404866843,-0.014394673435306099,0.0709725787263121,-0.011401428828961373,-0.0479025718235323,-0.01673931223048713,-0.01678184463941869,-0.00912248039359407,-0.028072022614682446,-0.017658800788419235,-0.023517391588817896,0.025647983420042403,0.0025028970846961143,0.024383777636833505,-0.018239452791937297,0.10135690978756652,-0.01604504998230828,-0.048838824412747665,0.03525827450031388,-0.032684555934308114,-0.028165600432732165,-0.008774667733829698,-0.016611369232191957,0.04988744493296954,-0.0238800003761796,-0.007028883972190346,-0.013905021860761058,-0.0295772418131777,-0.009988105782022883,-0.008410602228712242,-0.011770601631941009,-0.01435676661224589,0.05515343652539784,-0.01474798382216812,-0.01789730313831578,-0.04158693764310686,-0.028284083998895128,-0.014621532090499757,-0.04372681621161392,0.012588233557058886,-0.041258236743456064,-0.017376302460458216,-0.013611481431444288,-0.02816492479363996,-0.017842868598572256,-0.04049412113717731,-0.014127043058570196,-0.027332519892247775,-0.03345469617014256,-0.046851761156667796,0.038171030523219025,-0.022391728841714857,0.10849306335576787,-0.04625614585837998,-0.03940007010971003,-0.017298195649313265,-0.025792057645696025,-0.004858773488209213,-0.025763441298811446,-0.013624453527968507,-0.03484983666770188,-0.005420255740571568,-0.013180630173920741,0.73477106437152,-0.057562506770268806,-0.018918808928313026,0.0764893177218787,0.050912406298854025,0.02173433465040025,0.03275750524291492,-0.005062049339781426,-0.025349818301896185,-0.038512723614501004,-0.010834785536429851,-0.017293165800831276,-0.033365943806729095,-0.015934588098854608,0.07416498827928283,-0.020497411024513794,-0.023443097996907577,-0.01870843784124948,-0.0023060657346180256
12,-0.013009282907181561,-0.03242586304015303,-0.020747724985514755,-0.020947162064391706,-0.0105300681241811,-0.016318194515629346,-0.010387264890690001,-0.0378251396967458,-0.025416883802695217,-0.038570478943126,-0.017242254550949382,-0.03566973333455106,1.0,0.006333623605168488,0.07500402435033213,-0.0479253348162095,-0.03888685442513905,-0.027060260415965036,-0.015079766146996677,-0.048612641452597506,-0.012121764155103694,0.07645111440349825,-0.037126554276444845,-0.02032242211761863,-0.004516392238988721,-0.014729305643733835,-0.019599339112668063,-0.021586086265925713,-0.016704864967248965,-0.0406953748124463,-0.03505234861390293,-0.011288811611565214,-0.02404203486141618,-0.01490609210198446,0.349993756144887,-0.03204455392459935,0.004283172411600847,-0.011596837176145472,-0.00853764352188794,-0.02173078911899458,-0.03130753575875161,0.08998260084907334,-0.03174116249651707,-0.012631809384652741,-0.019626817295274206,-0.012859087068794881,-0.0050116136928904246,-0.02206345751768201,-0.044169319697709306,-0.053546043183988944,0.06531711729608052,-0.007399805041357447,0.06599538615251167,-0.029470234905102706,-0.03167070650735016,-0.042842859414223174,-0.06048728820154736,-0.05327624196049569,-0.01792298557370558,-0.013644902368905261,0.06766495148576901,0.0024070799237489713,-0.05953697357881059,-0.013449741931125622,-0.02724990983672721,-0.03313187534426642,0.09069859503285299,-0.0032369416448955433,-0.02826649879926891,-0.004586466116770473,-0.04937964764488662,-0.034676148507567256,0.009279054327975862,-0.028009097602746048,-0.008883598452136906,-0.027051037560506405,-0.02153521355551682,-0.03798550833022778,-0.009677246127935423,-0.030279115509521014,-0.03156357338730106,-0.061542341366134665,-0.018857203955549108,-0.02637665776539263,-0.011458633359224217,-0.03314343498766353,0.05787782159622208,-0.018130386699042874,-0.019864620814743765,0.021292450166494323,-0.014561117866675561,-0.01665745647154384,-0.03540522481515285,0.06541623020484863,-0.05286357913942051,-0.021680811657959313,-0.01717086366596323,-0.004472305893463685,-0.012119721177814312
13,-0.020757752574554117,-0.04693918790008975,0.14079109324565042,-0.005295825429762072,-0.012087274933434004,-0.02794431553078859,-0.0018599997483715533,-0.052236953268142386,-0.04118812546994851,-0.05822820008953995,0.02818343219981224,0.028685167332741242,0.006333623605168488,1.0,0.009258933970977497,-0.06922341864553631,-0.05351596348612493,-0.04626820499722954,-0.022364294968500058,0.034240162953766584,-0.030155993019520468,0.2525774136883338,0.017038222973788413,-0.03066189866268785,0.017406785582536794,-0.0414855896960534,-0.029243076316723297,-0.03190287606177798,-0.04956543269699007,0.4004479527332616,0.01757201732827527,-0.03526646941033268,-0.021037719794859105,-0.023106486174526975,0.004674122911809322,0.07577714038108152,0.10037645426875208,-0.041067671967210194,-0.012040336148796918,-0.03341114011022346,0.020188034251638516,-0.02757357497469506,0.16768344346387581,-0.01863197883748379,-0.03763947218553709,0.0047306582732617175,0.021485917126028882,0.032194509162277424,-0.06003113783551566,0.1131559723437043,0.02946870759634509,-0.004514177416526791,0.11354920529449408,-0.04417475459014991,-0.04283274486459546,-0.0792920038450182,-0.06359095711477197,-0.07803848769295924,-0.02588927076400063,-0.02539492574176656,0.04626049684908627,0.04413635160347003,-0.08969538384921379,-0.02107577024016625,-0.04106056262126865,-0.04856213924294174,0.20954709086758616,0.04705617869116423,-0.03491971029995379,0.007382915665631184,-0.07220916603191907,-0.057252414184726486,-0.02655753928458894,-0.04419422008866068,-0.02352502187883708,0.27698620873708946,0.218360740028049,-0.054975835467426404,-2.600832924917187e-05,-0.0482044221197626,0.017897772096866348,-0.09249804113754745,-0.019537295823907605,-0.021422802500394113,0.010124832278117692,-0.04001903980859868,0.10123306444117491,-0.009516352607655583,-0.05041508671678378,-0.02908519608054469,-0.015642526982528968,-0.025297235500530483,-0.05092803759581785,0.0005877107306142969,0.19813204433811812,-0.004281865167055486,-0.03496025564515195,-0.018863403343204847,0.019873305722896025
14,-0.020725164411687338,-0.029815115924525418,0.00028961191361550395,0.038532090513266275,-0.014864524045669545,-0.018417952169264312,-0.010051360406494094,-0.032475543229109456,-0.032310829730983315,-0.04605600329589185,0.13694699868545585,0.03746010264227807,0.07500402435033213,0.009258933970977497,1.0,-0.0376118188045481,-0.04384334840818612,-0.03481519227364499,-0.016532850616069815,0.09140484381293365,0.0065613735634125585,-0.02774647954248822,-0.03371192555071427,-0.018698680122778644,0.025429830136943714,-0.033186734147970215,-0.022961280963371387,-0.019719986245021054,0.09343336882068003,-0.004014015862382187,0.1319467518002596,-0.02768469811408844,-0.008590203984850458,-0.01916866373499344,0.020059589969334088,-0.0019254045799729017,0.03908555640783236,-0.012337683265733592,-0.010227932457584155,-0.01580939871155493,0.061318183602387624,-0.013045574108706933,-0.009648647208562632,-0.0038528547767518787,-0.03130906550476582,-0.00987108608600026,-0.0069997232559201265,-0.0017119109798004297,-0.004859981248190698,0.0415735409130463,-0.010445270883239842,-0.019373853559509106,-0.019610335553743766,-0.02940311291335558,-0.02829849237659378,-0.054516518621045756,-0.003601642499828462,-0.058485418154706974,-0.01368524520942756,-0.018559758341027327,-0.006463784361742461,-0.028777078839380684,-0.06986740545832926,-0.017004107342490898,-0.03191619403521509,-0.01899627322587625,-0.030032497205337943,-0.0034341440310975847,-0.028075425092909872,-0.00011413294085554221,-0.05837495382819256,-0.0420846671430429,0.0008266013152959319,-0.03518616879874007,-0.023221339709985297,-0.011398762056404655,-0.01384767297758533,-0.038721935703141495,-0.004129729697246696,0.001600408267301779,0.05115960690048993,-0.06819515789480443,-0.02189289419257037,0.0019901604372210393,-0.0025968081488493026,-0.010118627843175021,0.06037026781166667,-0.0185113787326222,-0.0008704890827167557,-0.029773930956702388,-0.017874813287132744,-0.019806341800851897,-0.014740997771662023,0.05083823882314326,0.13752773719959707,-0.019284103247626357,-0.01449107109869193,-0.009344077336829766,-0.01131845780423458
15,-0.02092850262890821,0.010725945977449596,-0.014783226365999068,-0.028820398838991686,-0.016744336185757346,-0.00621898234495345,-0.03769201226061328,-0.001971448106723914,-0.0297980006952338,-0.021132306689324407,-0.01894162950198457,-0.03256695535631966,-0.0479253348162095,-0.06922341864553631,-0.0376118188045481,1.0,0.03204605056370083,-0.03590357412132712,-0.017451554083308764,0.03412366280892879,-0.02081449163177835,-0.08037059827708881,-0.06777868373911199,0.018649619854326213,-0.025742023592454,-0.0322161952942006,0.26811840983752266,-0.0027490635312586082,-0.04422625229520647,-0.06318703114843817,0.003906635582045443,-0.025385359354416624,-0.02892170781648288,-0.01828437731683641,-0.0684262473974891,-0.019541099639820664,-0.04020448872337064,-0.03229148107252961,-0.009597277599602088,0.003027792496999771,-0.019886917993247537,-0.030217457216750884,-0.028364679555177096,-0.01615068232017912,-0.03488331268678639,-0.01402940281654438,-0.010508952407371387,-0.02467020930057718,0.12931297218222323,-0.08148235307247573,-0.018453643043649895,-0.02323094750399795,-0.05399068438359749,-0.0277264346977358,-0.03575408848031345,-0.06279155266018474,0.013535793718129005,0.1837880662966751,-0.0047912420000858985,-0.021268815816269465,-0.026698264707317437,-0.03608703541630196,-0.022518348372933636,-0.016228685797993806,-0.030532221830616484,8.19670522394973e-05,-0.06946468999738065,-0.03263154641743525,-0.037763071336733164,-0.07463248639785472,-0.04701347465103375,0.14123354057743934,-0.02046741985821958,-0.03128409117478689,-0.025928544486943615,0.008598987449476271,-0.06596559750290423,-0.07127137240316461,-0.011130167066071874,-0.02469292344181436,-0.03640571426756384,0.0566978090445523,0.006509285912197905,-0.04627789953218595,-0.012841227676786212,-0.02629322727553059,-0.04845798462244041,-0.02059592525370102,-0.026161296169393798,-0.02094667491172706,-0.015757912530658096,-0.0039044316384500527,0.19726391884491223,-0.025348199293342866,-0.019535379541954584,0.0013528594857515508,-0.019281647942274233,-0.014259351770809564,-0.016824167974620247
16,-0.01664459431093891,-0.024863552352673894,-0.02758785994889398,-0.0239021625585007,-0.013088182450238503,-0.017505918097964843,-0.031136264974307513,-0.028405963976968974,-0.02893841464757569,0.04396601641660698,-0.01639909224265377,-0.037930276191127626,-0.03888685442513905,-0.05351596348612493,-0.04384334840818612,0.03204605056370083,1.0,-0.028373483110424355,-0.014762204658562386,-0.04085228452939589,-0.0187419522491999,-0.06473675522399343,-0.05367743635291529,-0.014058203761484239,-0.02084681032938216,-0.0260529054371979,-0.007079789277074531,-0.01932691444119125,-0.039737698125112034,-0.05032761875777683,-0.040091655807711624,-0.021540056448812486,-0.023627361283888433,-0.01273200548599981,-0.05519477529440031,-0.027970801255549536,-0.02855967178170308,-0.025882330743118614,0.0014907996932302147,-0.020884701557874797,-0.029544497159835797,-0.024654871876311067,-0.027087089155297884,-0.01309895833535733,-0.02799964158623907,-0.013620415732520446,-0.007912079136413947,-0.019988766132679994,-0.04371243776551087,-0.07805629864454758,-0.013336886426878199,-0.01770789846450589,-0.043896786323244806,-0.0024647407517878143,-0.028148131831358475,-0.04862774179975882,-0.05305728219106101,0.02138305648513849,-0.008679413942233476,-0.016990391065789166,-0.01583999226760744,-0.028895736251325365,0.05725109126017337,-0.012456246990967451,-0.024969725856865785,-0.028542341317609608,-0.05516210653716046,-0.03082725035504949,-0.03799326372467572,-0.07248365829161657,0.1462698199435206,0.001935275917138407,-0.015621340837938865,-0.026683124721513157,-0.020055853839704166,-0.03545237678877445,-0.05237466264742072,-0.05109229830525784,-0.008669440582808342,-0.029237478520977203,-0.03876491739350352,0.10719245005499534,-0.010826420793502121,-0.04631639728691713,-0.010900646788891421,-0.030378821588132807,-0.037865983176062254,-0.016901588041824983,-0.02402855524611735,-0.03753508258034334,-0.014639274332411982,-0.005216882460612889,-0.01233852506219973,-0.02657346003687268,-0.0584364983013849,-0.025127290935470444,-0.0214370822352897,-0.017271577234316566,-0.014985077555493088
17,-0.013789193730607958,-0.02519384544036673,-0.02551562451491361,-0.019905718644274234,-0.01106386237659089,0.024860307452825633,-0.025494925555965543,-0.02850274265890011,0.09904045061622481,-0.02928281215399211,-0.01340586811634939,-0.03177896404866843,-0.027060260415965036,-0.04626820499722954,-0.03481519227364499,-0.03590357412132712,-0.028373483110424355,1.0,-0.011509000643244357,-0.03710979909559757,-0.008651574285224528,-0.0526790540775586,-0.04479415919651676,-0.015279047683252622,-0.016383812117389637,-0.01900145859749583,-0.014929922048933748,0.02455684788422982,-0.020903388526227622,-0.04227827987528411,-0.03802362633535985,-0.016374748512150875,-0.020666863150166175,-0.006926884024246405,0.07309530939477543,-0.024953586604200453,-0.02774289870278806,0.21435843723803533,-0.006281132649977509,0.0018376230036849827,-0.02408192641966605,-0.01892428973570899,-0.024062989013489744,0.028446047722394542,0.15533184793545943,-0.011150186431554823,-0.006693156799029698,-0.01688924771262544,-0.035061167161377874,-0.06381170568935665,-0.012125309163050078,-0.015042096533622134,-0.03276664555687801,-0.02231718530023296,-0.0245646303734036,-0.027199790125885467,-0.048952294032583665,-0.040029759420221064,0.009242387737297401,-0.014193528793713455,-0.026183491301502212,-0.0026550304564917767,-0.04449189178424828,0.11542481340272343,-0.01533749200310889,-0.013548173443421102,-0.042793427565288464,-0.01837577050105741,0.18396101300312917,-0.059376375801951035,-0.036025617305886264,-0.022239509841792487,-0.0027395173871436365,-0.01733009955192977,-0.01673378993914864,-0.027780477036834325,-0.04363208959880842,-0.047836530620069685,-0.00737366610127111,-0.024016928976304967,-0.032330494372218216,-0.046308512149623476,-0.013082636052751343,-0.037959576678301965,-0.008819507432958767,-0.02444318863779761,-0.02982811162147784,-0.014095030294118148,-0.022773322496125813,-0.00031558737647138725,-0.012067901054670227,0.006686748868708815,-0.025427672051022955,-0.015769574481625807,-0.06186090929309063,0.08946098108396869,0.48227517941154724,0.08477070269097892,-0.012459243091852094
