,0,1,2,3,4,5,6,7,8
0,1.0,-0.10564083498644307,0.003934926632678925,-0.06695266351337457,-0.11233778738626587,-0.05333370153864912,-0.03954172420696653,0.031008825039895486,-0.045184864675344216
1,-0.10564083498644307,1.0,-0.05757601369492288,-0.1409213774207555,-0.24934642754233088,-0.09119123452014369,-0.06941348821442853,-0.09356111079939937,-0.08046746492808836
2,0.003934926632678925,-0.05757601369492288,1.0,-0.028493638078392412,-0.00908684672705836,-0.02570023347574353,-0.019003684424590134,0.10827365243917403,-0.021539723445156592
3,-0.06695266351337457,-0.1409213774207555,-0.028493638078392412,1.0,0.0923494539622847,-0.05800670699639939,-0.04425455522627347,-0.0372213855948072,-0.0532897909756297
4,-0.11233778738626587,-0.24934642754233088,-0.00908684672705836,0.0923494539622847,1.0,-0.07965710773918813,-0.06865544885203484,0.004576913059408903,-0.08036536658333981
5,-0.05333370153864912,-0.09119123452014369,-0.02570023347574353,-0.05800670699639939,-0.07965710773918813,1.0,-0.007996546554455263,-0.04218979193829656,0.16300791117647362
6,-0.03954172420696653,-0.06941348821442853,-0.019003684424590134,-0.04425455522627347,-0.06865544885203484,-0.007996546554455263,1.0,-0.03099003172273796,-0.006760980299520643
7,0.031008825039895486,-0.09356111079939937,0.10827365243917403,-0.0372213855948072,0.004576913059408903,-0.04218979193829656,-0.03099003172273796,1.0,-0.03569750577010784
8,-0.045184864675344216,-0.08046746492808836,-0.021539723445156592,-0.0532897909756297,-0.08036536658333981,0.16300791117647362,-0.006760980299520643,-0.03569750577010784,1.0
