,0,1,2,3,4,5,6,7,8,9,10,11,12,13,14,15,16,17,18,19,20,21,22,23,24,25,26,27,28,29,30,31,32,33,34,35,36
0,1.0,-0.06658505146971493,-0.10426090003746458,0.5137777593679737,0.24158596255936454,-0.06854700630586645,0.09791302139657766,0.32976676712369263,0.09663319011742373,0.007064162985119239,0.24616529654263913,-0.00953256375603247,-0.07809233421122638,-0.1160535238222916,0.2267014475534417,-0.13305375348521375,-0.000935791182425236,-0.011456333517502203,-0.05674811236733146,-0.015190812459121895,-0.029612700032176684,0.07005218409559778,-0.00143501434072998,0.012238582583922665,0.16579227304688493,-0.07148966706589904,0.0009917160502573722,-0.11376049844183782,-0.10879688845848036,-0.08684926112145729,-0.03930993038900679,-0.002559897082483836,0.10360714527197282,0.08555560655383428,-0.11796079230572214,-0.09469092534797895,-0.0609566035740266
1,-0.06658505146971493,1.0,-0.08492427029482424,0.03209191433296339,-0.052097513941490946,-0.05141096930071114,-0.040900986440642786,-0.025260312812062775,-0.0381677827374894,-0.09042625584849733,-0.06587469984884455,0.16697102566646763,-0.07407425348576177,-0.06301047181993123,-0.04341275891393895,-0.08878016067104263,0.09426836948832758,-0.05488673977400105,-0.04799781126433624,-0.0074767239978449015,-0.05135062645047764,-0.020938083533781023,-0.020932327961095794,-0.03858637415749528,-0.03561494134244124,-0.06627874972983547,-0.03707343784020205,0.23411446916034517,-0.09970146075238927,-0.07873256861904374,-0.028364267351797548,0.12174771030244294,-0.060175716898988485,-0.0695061579633367,-0.07990187945972801,-0.10097432033003573,0.07415477195335538
2,-0.10426090003746458,-0.08492427029482424,1.0,-0.14598197100587568,-0.11226487088283844,0.19509502431691755,-0.0653795495172542,-0.06088878063512296,-0.05466808572376686,0.41268174659454526,-0.08823432778948317,-0.07536587362781547,0.11306856503025958,-0.036675481386136216,-0.09073028628942864,0.2204395898853435,-0.12464346909536095,0.1596479083017751,0.0827428886158555,-0.014194035172369585,0.02997630630205172,-0.056741916957826814,-0.019729758354030087,0.06860601360382239,-0.06661844522485591,0.012263097611674817,-0.04054752003884328,-0.11817659974511087,0.14884452609946638,0.17703354995897674,-0.0018619158775064308,-0.0354616953965112,0.0025691344578808056,0.04575805588857571,0.16597573172287222,0.09871010296374638,-0.0922730012283367
3,0.5137777593679737,0.03209191433296339,-0.14598197100587568,1.0,0.3416832644002652,-0.09087670148179176,0.1716267516779229,0.1135147590298391,-0.004451868541166687,-0.02730501495555989,0.3311024931835573,-0.004606695512870837,-0.11545858386207108,-0.06117130941707806,0.39253244364385714,-0.15719171120785785,-0.005504655449500951,-0.029901564781003528,-0.08351575911676601,-0.01666312598262527,-0.10923938106481615,0.18569602612045122,0.0071421247782073975,-0.05811906612412021,0.1963251913335664,-0.06199436583693915,0.06054604883197284,-0.07061137816115162,-0.13176294157413443,-0.09044756577397312,-0.0446197825902092,-0.011848978049126976,-0.06934217514594099,0.12290487590250994,-0.15693320853015055,-0.08027618551838472,-0.039678610829268976
4,0.24158596255936454,-0.052097513941490946,-0.11226487088283844,0.3416832644002652,1.0,-0.056240975124489515,0.4416093537536253,0.021342707825041246,-0.028980788105921133,-0.04950090413390462,0.1348823045079923,-0.0298476669055802,-0.07538575729626334,-0.06776483737186463,0.0830658477880521,-0.10571029975523857,-0.06916874815367496,-0.044277700345572574,-0.06122425874083591,-0.0084415099074787,-0.09778850374309327,0.2696250110484818,0.11858857687795855,-0.04750927317990224,0.23015966900813534,0.008545145473585734,0.13464840018165047,-0.09981213773658841,-0.06421612877271833,-0.07284721849865702,-0.0306181208733871,-0.016926723420890657,-0.07263418879284837,0.07262429364172657,-0.11758114973661385,-0.01737238618469482,-0.06294268170492892
5,-0.06854700630586645,-0.05141096930071114,0.19509502431691755,-0.09087670148179176,-0.056240975124489515,1.0,0.01842294805239797,-0.043981454890975866,-0.03997240193071196,0.33012414825372116,-0.045218242732155425,-0.04555333667346218,-0.05971389681935728,-0.03128828002308738,-0.05091521614594176,-0.01274029886502594,-0.0779051920601418,0.48359489340110995,-0.03942345485891105,-0.00832664029681468,-0.07293715250288468,-0.03456219586254658,0.19623115202747232,-0.018559131553909036,-0.04258188766820878,0.1523768774151987,0.010522551710433151,-0.08486230690234949,0.11699650948567977,-0.0021602586963165808,-0.010018660491517707,-0.02102808447332219,-0.05596172243563675,0.30175189503923305,-0.07421394754878716,0.1754187094513382,-0.05556336714667097
6,0.09791302139657766,-0.040900986440642786,-0.0653795495172542,0.1716267516779229,0.4416093537536253,0.01842294805239797,1.0,0.021545592926830108,-0.03906092103110803,-0.024366602510023268,0.0029401552629820357,-0.0431737611251821,-0.0699953375007333,-0.05428382693187749,0.050682023404409055,-0.07881873847307669,-0.07144905368015617,0.07736656955390786,-0.0518894299404425,-0.003599407021160241,-0.082149404754532,0.0339456261140121,0.27168506443560253,-0.05486885843540118,0.09631698100062583,0.09529870040482182,0.25145784355817424,-0.08182673245600991,-0.0073040609270862075,-0.018978869837695127,-0.02596509488270826,-0.01833956815338561,-0.06615744667645898,0.1906274517215687,-0.10855990131348407,0.0032401560778255525,-0.052683412517044156
7,0.32976676712369263,-0.025260312812062775,-0.06088878063512296,0.1135147590298391,0.021342707825041246,-0.043981454890975866,0.021545592926830108,1.0,0.01683882716793305,-0.037356098696278026,0.07784820697981606,-0.017488902959367218,-0.05391386131621314,-0.10092776121285778,0.1861477893750841,-0.09760928883772765,0.062280981616168546,0.02458021020509986,-0.023277048510972245,-0.010862046855145035,-0.046658248990645135,-0.005105516712845508,-0.013865480306274608,-0.03707784892230815,0.11893589247982243,-0.04455284999130872,-0.03267507521245963,-0.07033091021121676,-0.059969176816312635,-0.012043809175032089,-0.022935700490757435,-0.008896898053744214,0.2912610015108162,-0.02863348539287878,-0.09993076046699678,-0.09962091851136161,-0.049435360791065655
8,0.09663319011742373,-0.0381677827374894,-0.05466808572376686,-0.004451868541166687,-0.028980788105921133,-0.03997240193071196,-0.03906092103110803,0.01683882716793305,1.0,-0.05278304159652554,0.020498280935711925,0.06693495999343438,-0.04107186254432509,-0.07290630809465797,0.024958482218516438,-0.07179710681831272,0.21302915508573028,-0.03544760859036955,-0.022391911585488318,-0.0073095147701249565,0.12337736667219695,-0.00777133390204811,-0.02850687371285805,0.0764059389960474,0.007030500188874683,-0.04182945011961185,-0.027934057226259232,-0.036571249771067946,-0.057754882324905214,-0.03426395385844254,-0.020719462730601226,0.008036016378927422,0.3318523683187419,-0.06028546942631383,-0.0676489792644962,-0.07605036092438919,0.02527953495136709
9,0.007064162985119239,-0.09042625584849733,0.41268174659454526,-0.02730501495555989,-0.04950090413390462,0.33012414825372116,-0.024366602510023268,-0.037356098696278026,-0.05278304159652554,1.0,0.10418325495698666,-0.08091716465772399,0.18238775237918456,-0.05262538098728251,-0.08778175034241098,0.16374919771458113,-0.14466327100252152,0.33540086944053227,0.023068387187833196,-0.013973865290204356,0.0876166235509652,-0.06268081022468192,0.051576549476599676,0.1598927401330133,-0.05571791919555291,0.015198998885011871,-0.05735208389813107,-0.12927011908327696,-0.01987180671800341,0.03690191907694709,-0.017967055585455464,-0.03998178710240376,-0.03433394884072147,0.15829853409413205,0.3082437339440115,0.16000052847814583,-0.10092525421570708
10,0.24616529654263913,-0.06587469984884455,-0.08823432778948317,0.3311024931835573,0.1348823045079923,-0.045218242732155425,0.0029401552629820357,0.07784820697981606,0.020498280935711925,0.10418325495698666,1.0,0.06909867147147514,-0.062156492525602416,-0.05927361607989885,0.03473084122394894,-0.07556264243832861,-0.07950328196343051,0.01792221552531256,-0.03556517012666834,-0.010022224401544747,0.021305872014147215,-0.011783610160590284,-0.01854420091854394,-0.045380735776912824,0.07186855412948776,-0.035709046701026675,-0.040421588906632305,-0.10309383281980476,-0.08520230307037624,-0.07241309821949671,-0.028553735854702576,-0.024253921532627003,-0.0004610913325669812,0.09218556765530729,-0.04135466019790286,0.17759295452436594,-0.050612143584129146
11,-0.00953256375603247,0.16697102566646763,-0.07536587362781547,-0.004606695512870837,-0.0298476669055802,-0.04555333667346218,-0.0431737611251821,-0.017488902959367218,0.06693495999343438,-0.08091716465772399,0.06909867147147514,1.0,-0.045797515518476314,-0.07051021349012254,-0.03544364158000732,-0.07179608483600239,0.2765934580925776,-0.04713268669873552,-0.022283600448758482,-0.00482583239876142,0.03895518847861269,-0.023206006058056027,-0.03557206561377524,0.01842699218618245,-0.004507063960366619,-0.044367642486438236,-0.0399144245953667,0.022685199283843285,-0.06519494407028084,-0.05719653982182486,-0.020202294858597415,0.1252807732692894,0.0389363076266815,-0.06597202681192763,-0.07487157140302685,-0.06792847736194173,0.30837405748339425
12,-0.07809233421122638,-0.07407425348576177,0.11306856503025958,-0.11545858386207108,-0.07538575729626334,-0.05971389681935728,-0.0699953375007333,-0.05391386131621314,-0.04107186254432509,0.18238775237918456,-0.062156492525602416,-0.045797515518476314,1.0,0.05927559132502602,-0.07631763754165054,0.278486331685145,-0.08345962302583362,-0.05880641443231508,0.18292121680492077,0.011501259642264058,0.12456983130531914,-0.04641752736422435,-0.06381553630405563,0.11998823072824055,-0.0469503287323506,-0.007619726703394375,-0.06853841604036906,-0.09101866932047109,0.16028611018496997,0.09350748837865233,0.006801264237552735,-0.02776967013523248,0.02369829656685122,-0.1282242862895012,0.5312300892526233,0.02488356357865786,-0.05726505610041034
13,-0.1160535238222916,-0.06301047181993123,-0.036675481386136216,-0.06117130941707806,-0.06776483737186463,-0.03128828002308738,-0.05428382693187749,-0.10092776121285778,-0.07290630809465797,-0.05262538098728251,-0.05927361607989885,-0.07051021349012254,0.05927559132502602,1.0,-0.10728871647482009,0.2296304370323804,-0.1255937752534254,-0.10035054251423857,-0.007107908346969247,0.012030537453551465,-0.09981833036249593,-0.05805875714304425,-0.032401944160827104,-0.10137922438007799,-0.054137490013723345,0.06439167652594471,-0.0002490632199049778,-0.11675024513718817,0.0937227830410037,0.3738528702317807,0.03926500489997685,-0.034628442912769605,-0.12451421442097113,0.0723652813436473,0.11094402492587363,0.061772285481141824,-0.08974787103022193
14,0.2267014475534417,-0.04341275891393895,-0.09073028628942864,0.39253244364385714,0.0830658477880521,-0.05091521614594176,0.050682023404409055,0.1861477893750841,0.024958482218516438,-0.08778175034241098,0.03473084122394894,-0.03544364158000732,-0.07631763754165054,-0.10728871647482009,1.0,-0.10379330564319689,-0.003065297112588144,0.011835118821072577,-0.04224701979504607,-0.011205848288774564,-0.047648336793051665,0.18167329735150362,0.02584453838884061,-0.05624453629239095,0.1731587291563761,-0.05682154808871187,0.038089699215715644,-0.0823187576328961,-0.05621297712503832,-0.07255847343502092,-0.028675962461253954,-0.011408472440415832,0.07728755137734616,-0.05992758134827858,-0.10972514289690391,-0.1161022010185199,-0.05100855201280797
15,-0.13305375348521375,-0.08878016067104263,0.2204395898853435,-0.15719171120785785,-0.10571029975523857,-0.01274029886502594,-0.07881873847307669,-0.09760928883772765,-0.07179710681831272,0.16374919771458113,-0.07556264243832861,-0.07179608483600239,0.278486331685145,0.2296304370323804,-0.10379330564319689,1.0,-0.13017882431655042,-0.06512492614571674,0.15424521544603928,0.008396827239555054,0.0032163675277267316,-0.05738549426044256,-0.05380178444360211,-0.0664998592857109,-0.07239295002575573,-0.05938316228659113,-0.08436713560813117,-0.10479902183756688,0.05246252868079412,0.005822505027939665,0.018379497297894624,-0.03484228408318449,-0.10968154203823967,-0.014259248893221305,0.4588064030469894,0.25992623700392203,-0.09051979414637137
16,-0.000935791182425236,0.09426836948832758,-0.12464346909536095,-0.005504655449500951,-0.06916874815367496,-0.0779051920601418,-0.07144905368015617,0.062280981616168546,0.21302915508573028,-0.14466327100252152,-0.07950328196343051,0.2765934580925776,-0.08345962302583362,-0.1255937752534254,-0.003065297112588144,-0.13017882431655042,1.0,-0.07751038157476173,-0.019858849021232645,-0.011767815159468347,0.12213115124784116,-0.01585664027709416,-0.059586679132206846,0.059523233003988096,-0.013832961029451148,-0.07616475343434488,-0.06271729950363931,0.056214666587751684,-0.12994755323747675,-0.06951346694159827,-0.02692561449044828,0.047113099108420556,0.24605774075238282,-0.1256705558086275,-0.13163606694305702,-0.14721235974128347,0.22801509240642304
17,-0.011456333517502203,-0.05488673977400105,0.1596479083017751,-0.029901564781003528,-0.044277700345572574,0.48359489340110995,0.07736656955390786,0.02458021020509986,-0.03544760859036955,0.33540086944053227,0.01792221552531256,-0.04713268669873552,-0.05880641443231508,-0.10035054251423857,0.011835118821072577,-0.06512492614571674,-0.07751038157476173,1.0,-0.0433423575138733,-0.009470106476268045,-0.06964703369888575,-0.01919515310708713,0.13902184037900558,0.03273962024766775,-0.02966848398527514,0.04157224181244207,9.542904426754206e-05,-0.09088215049428795,0.07503437178619593,0.024724831630818133,-0.01995858946668395,-0.021570890145804517,0.03203872579533539,0.309530426854157,-0.09314472120237026,0.04394796161365832,-0.05898830233038713
18,-0.05674811236733146,-0.04799781126433624,0.0827428886158555,-0.08351575911676601,-0.06122425874083591,-0.03942345485891105,-0.0518894299404425,-0.023277048510972245,-0.022391911585488318,0.023068387187833196,-0.03556517012666834,-0.022283600448758482,0.18292121680492077,-0.007107908346969247,-0.04224701979504607,0.15424521544603928,-0.019858849021232645,-0.0433423575138733,1.0,-0.004862723726635675,0.07144533622837154,-0.028891604351027625,-0.03973856693954414,-0.0014844486000382875,-0.031658698892983485,-0.04628463089187733,-0.04454456150947493,-0.0375984018588221,0.021127619009002313,-0.013271880380185161,-0.00288873429020106,-0.016690406594414738,0.007131165622071715,-0.08259069825995025,0.1495758087219544,0.06765043066707015,-0.0305100525842461
19,-0.015190812459121895,-0.0074767239978449015,-0.014194035172369585,-0.01666312598262527,-0.0084415099074787,-0.00832664029681468,-0.003599407021160241,-0.010862046855145035,-0.0073095147701249565,-0.013973865290204356,-0.010022224401544747,-0.00482583239876142,0.011501259642264058,0.012030537453551465,-0.011205848288774564,0.008396827239555054,-0.011767815159468347,-0.009470106476268045,-0.004862723726635675,1.0,-0.012096941967378148,-0.006083509191090019,0.005766186258293838,-0.011637954378977917,-0.007332400993035276,-0.006589382221944405,0.04282892431978604,-0.009361797203851854,-0.005757191572023118,0.002215554833259509,-0.0006109956107827561,-0.0036247216150474652,-0.012472493817217156,-0.005196886034304394,-0.0049096303410951945,-0.013601274730539651,-0.007028884992218309
20,-0.029612700032176684,-0.05135062645047764,0.02997630630205172,-0.10923938106481615,-0.09778850374309327,-0.07293715250288468,-0.082149404754532,-0.046658248990645135,0.12337736667219695,0.0876166235509652,0.021305872014147215,0.03895518847861269,0.12456983130531914,-0.09981833036249593,-0.047648336793051665,0.0032163675277267316,0.12213115124784116,-0.06964703369888575,0.07144533622837154,-0.012096941967378148,1.0,-0.04428442021543391,-0.06414387579617284,0.4548653159249414,-0.0598401462411305,-0.09112016098126077,-0.07561090702743559,0.08973650458543968,-0.04262888493222698,-0.05454153029407588,-0.030721014078888744,-0.025546474809434214,0.13103034003905512,-0.14696890845866548,0.33277451371154143,-0.048676715815014114,0.08234431256474183
21,0.07005218409559778,-0.020938083533781023,-0.056741916957826814,0.18569602612045122,0.2696250110484818,-0.03456219586254658,0.0339456261140121,-0.005105516712845508,-0.00777133390204811,-0.06268081022468192,-0.011783610160590284,-0.023206006058056027,-0.04641752736422435,-0.05805875714304425,0.18167329735150362,-0.05738549426044256,-0.01585664027709416,-0.01919515310708713,-0.028891604351027625,-0.006083509191090019,-0.04428442021543391,1.0,0.004030066922333759,-0.03694269472608154,0.6490356467143161,-0.036434368832662344,0.025949650449810333,-0.04648413436522354,-0.03581603005356333,-0.04795697656591148,-0.016152245850773496,-0.0010198447527810276,-0.025604785482438455,-0.0427253297587942,-0.061193074501859686,-0.06637562487729481,-0.029409919654150296
22,-0.00143501434072998,-0.020932327961095794,-0.019729758354030087,0.0071421247782073975,0.11858857687795855,0.19623115202747232,0.27168506443560253,-0.013865480306274608,-0.02850687371285805,0.051576549476599676,-0.01854420091854394,-0.03557206561377524,-0.06381553630405563,-0.032401944160827104,0.02584453838884061,-0.05380178444360211,-0.059586679132206846,0.13902184037900558,-0.03973856693954414,0.005766186258293838,-0.06414387579617284,0.004030066922333759,1.0,-0.04182238830766746,-0.004001052390279079,0.25972439295902616,0.5132337163722281,-0.06816557635251405,0.26887700698979244,-0.020226123830961715,-0.018322074576204616,-0.01568457213226001,-0.04003555218625977,0.2579630792128331,-0.08746749431731511,0.1932802250426547,-0.04413780481480775
23,0.012238582583922665,-0.03858637415749528,0.06860601360382239,-0.05811906612412021,-0.04750927317990224,-0.018559131553909036,-0.05486885843540118,-0.03707784892230815,0.0764059389960474,0.1598927401330133,-0.045380735776912824,0.01842699218618245,0.11998823072824055,-0.10137922438007799,-0.05624453629239095,-0.0664998592857109,0.059523233003988096,0.03273962024766775,-0.0014844486000382875,-0.011637954378977917,0.4548653159249414,-0.03694269472608154,-0.04182238830766746,1.0,-0.03676358813127345,-0.05162282139137078,-0.049665993634351854,0.004776774975302908,-0.01618246220294938,0.0013862381207581217,-0.01955276003020926,-0.02021041415497244,0.08195036425713757,-0.08434328687368858,0.06411337888480192,-0.06629139175042423,0.1271382027997106
24,0.16579227304688493,-0.03561494134244124,-0.06661844522485591,0.1963251913335664,0.23015966900813534,-0.04258188766820878,0.09631698100062583,0.11893589247982243,0.007030500188874683,-0.05571791919555291,0.07186855412948776,-0.004507063960366619,-0.0469503287323506,-0.054137490013723345,0.1731587291563761,-0.07239295002575573,-0.013832961029451148,-0.02966848398527514,-0.031658698892983485,-0.007332400993035276,-0.0598401462411305,0.6490356467143161,-0.004001052390279079,-0.03676358813127345,1.0,0.015966820732601222,0.012506435217302764,-0.06250185714447737,-0.03886882826479382,-0.025467620306281184,-0.01907745562322101,-0.005717152233574551,-0.0007248002792789687,0.0030721683570493733,-0.0749704459089896,-0.04126177421148256,-0.03978491896246024
25,-0.07148966706589904,-0.06627874972983547,0.012263097611674817,-0.06199436583693915,0.008545145473585734,0.1523768774151987,0.09529870040482182,-0.04455284999130872,-0.04182945011961185,0.015198998885011871,-0.035709046701026675,-0.044367642486438236,-0.007619726703394375,0.06439167652594471,-0.05682154808871187,-0.05938316228659113,-0.07616475343434488,0.04157224181244207,-0.04628463089187733,-0.006589382221944405,-0.09112016098126077,-0.036434368832662344,0.25972439295902616,-0.05162282139137078,0.015966820732601222,1.0,0.10912227109921982,-0.09198631034672984,0.14928857537738807,0.24407843445894417,-0.015800352090416477,-0.02221100077243498,-0.04648735886144095,0.09933571412245848,-0.10747160026365538,0.4572386788421323,-0.05978354253904032
26,0.0009917160502573722,-0.03707343784020205,-0.04054752003884328,0.06054604883197284,0.13464840018165047,0.010522551710433151,0.25145784355817424,-0.03267507521245963,-0.027934057226259232,-0.05735208389813107,-0.040421588906632305,-0.0399144245953667,-0.06853841604036906,-0.0002490632199049778,0.038089699215715644,-0.08436713560813117,-0.06271729950363931,9.542904426754206e-05,-0.04454456150947493,0.04282892431978604,-0.07561090702743559,0.025949650449810333,0.5132337163722281,-0.049665993634351854,0.012506435217302764,0.10912227109921982,1.0,-0.07491513850955187,0.13510632412610316,0.08458916725010629,-0.023677339041918044,-0.01590079216928965,-0.05610338551478629,0.12919715684042563,-0.09666431835033706,0.0008715109435821593,-0.04848963023232068
27,-0.11376049844183782,0.23411446916034517,-0.11817659974511087,-0.07061137816115162,-0.09981213773658841,-0.08486230690234949,-0.08182673245600991,-0.07033091021121676,-0.036571249771067946,-0.12927011908327696,-0.10309383281980476,0.022685199283843285,-0.09101866932047109,-0.11675024513718817,-0.0823187576328961,-0.10479902183756688,0.056214666587751684,-0.09088215049428795,-0.0375984018588221,-0.009361797203851854,0.08973650458543968,-0.04648413436522354,-0.06816557635251405,0.004776774975302908,-0.06250185714447737,-0.09198631034672984,-0.07491513850955187,1.0,-0.15910977574636817,-0.11300291176280575,-0.03959260817862756,-0.018245498551172752,-0.08456751126972524,-0.14748184686110138,-0.029084783899188643,-0.1283150392711094,0.2681293302176866
28,-0.10879688845848036,-0.09970146075238927,0.14884452609946638,-0.13176294157413443,-0.06421612877271833,0.11699650948567977,-0.0073040609270862075,-0.059969176816312635,-0.057754882324905214,-0.01987180671800341,-0.08520230307037624,-0.06519494407028084,0.16028611018496997,0.0937227830410037,-0.05621297712503832,0.05246252868079412,-0.12994755323747675,0.07503437178619593,0.021127619009002313,-0.005757191572023118,-0.04262888493222698,-0.03581603005356333,0.26887700698979244,-0.01618246220294938,-0.03886882826479382,0.14928857537738807,0.13510632412610316,-0.15910977574636817,1.0,0.1934666056367016,0.039397033911450316,-0.03955126895350473,-0.02358336507248915,0.1053408819480454,0.06333981936876998,0.11068413885330274,-0.1044419987512043
29,-0.08684926112145729,-0.07873256861904374,0.17703354995897674,-0.09044756577397312,-0.07284721849865702,-0.0021602586963165808,-0.018978869837695127,-0.012043809175032089,-0.03426395385844254,0.03690191907694709,-0.07241309821949671,-0.05719653982182486,0.09350748837865233,0.3738528702317807,-0.07255847343502092,0.005822505027939665,-0.06951346694159827,0.024724831630818133,-0.013271880380185161,0.002215554833259509,-0.05454153029407588,-0.04795697656591148,-0.020226123830961715,0.0013862381207581217,-0.025467620306281184,0.24407843445894417,0.08458916725010629,-0.11300291176280575,0.1934666056367016,1.0,-0.014135483055107574,-0.027580308584818875,0.048721775757402885,-0.05037091711259033,0.046737433401061526,0.015221377392090615,-0.06967632363520165
30,-0.03930993038900679,-0.028364267351797548,-0.0018619158775064308,-0.0446197825902092,-0.0306181208733871,-0.010018660491517707,-0.02596509488270826,-0.022935700490757435,-0.020719462730601226,-0.017967055585455464,-0.028553735854702576,-0.020202294858597415,0.006801264237552735,0.03926500489997685,-0.028675962461253954,0.018379497297894624,-0.02692561449044828,-0.01995858946668395,-0.00288873429020106,-0.0006109956107827561,-0.030721014078888744,-0.016152245850773496,-0.018322074576204616,-0.01955276003020926,-0.01907745562322101,-0.015800352090416477,-0.023677339041918044,-0.03959260817862756,0.039397033911450316,-0.014135483055107574,1.0,-0.008925307114274713,-0.015476422205635991,-0.026906987508029973,-0.0028813176817391924,0.01397077920070459,-0.02593589380088951
31,-0.002559897082483836,0.12174771030244294,-0.0354616953965112,-0.011848978049126976,-0.016926723420890657,-0.02102808447332219,-0.01833956815338561,-0.008896898053744214,0.008036016378927422,-0.03998178710240376,-0.024253921532627003,0.1252807732692894,-0.02776967013523248,-0.034628442912769605,-0.011408472440415832,-0.03484228408318449,0.047113099108420556,-0.021570890145804517,-0.016690406594414738,-0.0036247216150474652,-0.025546474809434214,-0.0010198447527810276,-0.01568457213226001,-0.02021041415497244,-0.005717152233574551,-0.02221100077243498,-0.01590079216928965,-0.018245498551172752,-0.03955126895350473,-0.027580308584818875,-0.008925307114274713,1.0,-0.012174591842374249,-0.03139353972611071,-0.036738648181554076,-0.040343214441715625,0.08749604519006753
32,0.10360714527197282,-0.060175716898988485,0.0025691344578808056,-0.06934217514594099,-0.07263418879284837,-0.05596172243563675,-0.06615744667645898,0.2912610015108162,0.3318523683187419,-0.03433394884072147,-0.0004610913325669812,0.0389363076266815,0.02369829656685122,-0.12451421442097113,0.07728755137734616,-0.10968154203823967,0.24605774075238282,0.03203872579533539,0.007131165622071715,-0.012472493817217156,0.13103034003905512,-0.025604785482438455,-0.04003555218625977,0.08195036425713757,-0.0007248002792789687,-0.04648735886144095,-0.05610338551478629,-0.08456751126972524,-0.02358336507248915,0.048721775757402885,-0.015476422205635991,-0.012174591842374249,1.0,-0.11966056091385799,-0.07358631880789573,-0.10816055421930043,-0.03828646056626822
33,0.08555560655383428,-0.0695061579633367,0.04575805588857571,0.12290487590250994,0.07262429364172657,0.30175189503923305,0.1906274517215687,-0.02863348539287878,-0.06028546942631383,0.15829853409413205,0.09218556765530729,-0.06597202681192763,-0.1282242862895012,0.0723652813436473,-0.05992758134827858,-0.014259248893221305,-0.1256705558086275,0.309530426854157,-0.08259069825995025,-0.005196886034304394,-0.14696890845866548,-0.0427253297587942,0.2579630792128331,-0.08434328687368858,0.0030721683570493733,0.09933571412245848,0.12919715684042563,-0.14748184686110138,0.1053408819480454,-0.05037091711259033,-0.026906987508029973,-0.03139353972611071,-0.11966056091385799,1.0,-0.16477984995368522,0.10772399534396271,-0.09656140924711167
34,-0.11796079230572214,-0.07990187945972801,0.16597573172287222,-0.15693320853015055,-0.11758114973661385,-0.07421394754878716,-0.10855990131348407,-0.09993076046699678,-0.0676489792644962,0.3082437339440115,-0.04135466019790286,-0.07487157140302685,0.5312300892526233,0.11094402492587363,-0.10972514289690391,0.4588064030469894,-0.13163606694305702,-0.09314472120237026,0.1495758087219544,-0.0049096303410951945,0.33277451371154143,-0.061193074501859686,-0.08746749431731511,0.06411337888480192,-0.0749704459089896,-0.10747160026365538,-0.09666431835033706,-0.029084783899188643,0.06333981936876998,0.046737433401061526,-0.0028813176817391924,-0.036738648181554076,-0.07358631880789573,-0.16477984995368522,1.0,0.04047064356155013,-0.08090672479309122
35,-0.09469092534797895,-0.10097432033003573,0.09871010296374638,-0.08027618551838472,-0.01737238618469482,0.1754187094513382,0.0032401560778255525,-0.09962091851136161,-0.07605036092438919,0.16000052847814583,0.17759295452436594,-0.06792847736194173,0.02488356357865786,0.061772285481141824,-0.1161022010185199,0.25992623700392203,-0.14721235974128347,0.04394796161365832,0.06765043066707015,-0.013601274730539651,-0.048676715815014114,-0.06637562487729481,0.1932802250426547,-0.06629139175042423,-0.04126177421148256,0.4572386788421323,0.0008715109435821593,-0.1283150392711094,0.11068413885330274,0.015221377392090615,0.01397077920070459,-0.040343214441715625,-0.10816055421930043,0.10772399534396271,0.04047064356155013,1.0,-0.10668671135393962
36,-0.0609566035740266,0.07415477195335538,-0.0922730012283367,-0.039678610829268976,-0.06294268170492892,-0.05556336714667097,-0.052683412517044156,-0.049435360791065655,0.02527953495136709,-0.10092525421570708,-0.050612143584129146,0.30837405748339425,-0.05726505610041034,-0.08974787103022193,-0.05100855201280797,-0.09051979414637137,0.22801509240642304,-0.05898830233038713,-0.0305100525842461,-0.007028884992218309,0.08234431256474183,-0.029409919654150296,-0.04413780481480775,0.1271382027997106,-0.03978491896246024,-0.05978354253904032,-0.04848963023232068,0.2681293302176866,-0.1044419987512043,-0.06967632363520165,-0.02593589380088951,0.08749604519006753,-0.03828646056626822,-0.09656140924711167,-0.08090672479309122,-0.10668671135393962,1.0
