,0,1,2,3,4,5,6,7,8,9,10,11,12,13,14,15,16,17,18,19,20,21,22,23,24,25,26,27,28,29,30,31,32,33,34,35,36,37,38
0,1.0,-0.05418656852177242,0.07756273285487622,-0.02046062262055187,-0.029421565538006747,0.5309495500117066,0.09213976406583926,-0.0023344286459550177,-0.0367491704871101,0.3203107337556369,0.01910283026785235,-0.04763437510795861,-0.07765957655693662,0.013486962404607113,0.014846991320591814,-0.061949364280457976,0.01044617777624613,0.1547069032970999,-0.04664513724673471,-0.009835555183821967,-0.07889189009629245,-0.018709493725773477,0.09001968518398257,-0.010552303254099522,-0.02686226159143175,0.06298641671493416,-0.038108187661241744,-0.07855639733266126,-0.018906311811830247,0.0975626722891818,-0.020447754592369104,-0.021254687731780797,0.025666926008291232,0.3529026554356077,-0.1010863875909375,0.06627580672892039,-0.05894452721952595,-0.09644862391005368,-0.08995884449911018
1,-0.05418656852177242,1.0,-0.0783547091807856,0.029077453091281007,-0.046895620684546044,-0.05193310413476669,-0.040902149157773154,-0.06787828935697796,-0.03823069728656159,-0.09067533907493555,-0.06696326557310611,0.16947558129106127,-0.07604335035981231,-0.07876607761816547,-0.03891934622710706,-0.08872899385446972,-0.05502281750868776,-0.09398967991900248,-0.04763999876582861,-0.007591643971956117,-0.051209306220785906,-0.02078343267638111,-0.02578174082255738,-0.019310840460028674,-0.03757439889150227,-0.0663888140720686,-0.035247343053086494,0.09316489655937066,-0.018245041101914466,-0.09783307709791379,-0.028250386218613928,0.12200236389534551,-0.027846539316584373,-0.06345155123331205,-0.07988066093754922,-0.09981515218110798,0.07479010604010024,-0.06413052393910834,0.2342142363266707
2,0.07756273285487622,-0.0783547091807856,1.0,-0.12863971984916442,-0.09320030502886595,0.023087287779507998,-0.08509517132796007,0.010534236573379452,0.05278425668093932,0.25446452713304357,-0.06132278937126443,-0.015790549758398317,0.1614020611827952,0.22300772654356282,-0.059876003304591266,-0.05157320327649467,0.2375657817349501,0.2703387405265578,0.05762274186659107,-0.014134739904988272,0.2224859334785679,-0.051678287117405915,-0.06503761896072777,0.1553533246518494,-0.04190812983844432,-0.018179929077661694,-0.06329612876160201,0.017534803643647217,-0.027377645331030532,0.13334857194461197,-0.010516164157136057,-0.030546373540007908,0.047129643352100986,-0.11373992619260292,0.12381649756182096,-0.03382181966093317,-0.036550997556916806,-0.1520417811915512,-0.10524479118633759
3,-0.02046062262055187,0.029077453091281007,-0.12863971984916442,1.0,0.30113672001874403,-0.09054354253243585,0.18938314618168955,0.49986377620988437,-0.007259159340806886,-0.0365773615644467,0.2986868083087044,-0.009297246483934542,-0.11983542018248122,-0.08533959339973561,0.40766616810170375,-0.1559626997220731,-0.04337330273643794,-0.14217827838375868,-0.08307930055089036,-0.01635542245086092,-0.10486106008397766,0.19726180813500735,0.022882938687721587,-0.0388013930314422,0.18741882694429454,-0.060497866003570995,0.3592619911995729,-0.0098857786487528,-0.017283562336820595,-0.1209619922116068,-0.04502401755214343,-0.012842964672093981,0.11909395017229932,0.08897669956633417,-0.16179529377324742,-0.08429956252026703,-0.03931118942027495,-0.06621640049520695,-0.07139059378764248
4,-0.029421565538006747,-0.046895620684546044,-0.09320030502886595,0.30113672001874403,1.0,-0.05064452449102723,0.47636890932293907,0.18785513567383771,-0.03348022272819569,-0.05882466057578119,0.07825388996000612,-0.03229191545558529,-0.07134790350039308,-0.06363532427332903,0.08484515289522783,-0.09506768674112244,-0.053858089531232514,-0.10000882047881973,-0.054642984760779244,-0.008302231387739223,-0.08845422354817992,0.2971826382499249,0.14356371483014937,-0.03215459582462785,0.21834650196142164,0.009906250700600328,0.15394294877535164,-0.06625746139254235,-0.007500608461745919,-0.04613949667769728,-0.027535537934045298,-0.017160329350618328,0.02217772346624737,0.050480919485647896,-0.11149211273215406,-0.01749581230162145,-0.05694161966876729,-0.06713708393973167,-0.0899550642609581
5,0.5309495500117066,-0.05193310413476669,0.023087287779507998,-0.09054354253243585,-0.05064452449102723,1.0,0.017095113060829253,-0.0665783695569669,-0.04109658762212146,0.339293896266345,-0.043681707084457184,-0.044989515176818345,-0.06055834571117346,-0.0039405422541508965,-0.04591199476978525,-0.01279637968372294,-0.052449138669174625,0.21692175716771583,-0.03871633045547226,-0.008536474605275903,-0.07157022107130007,-0.03451353420649049,0.11361258288541083,-0.01487510209224296,-0.04145058063869369,0.15272483126114997,-0.06544659215066617,-0.07735711444259183,-0.00552126314818654,0.14422841694738087,-0.009837183065140172,-0.02102854799764408,-0.041190344573540164,0.3219451922335361,-0.07010352560131367,0.1844589193896398,-0.055497202409749535,-0.03250121063627555,-0.08465452084614783
6,0.09213976406583926,-0.040902149157773154,-0.08509517132796007,0.18938314618168955,0.47636890932293907,0.017095113060829253,1.0,0.11701968351355155,-0.03935544628054669,-0.02617461425939538,0.011761635914437837,-0.04266258459059155,-0.07215067325642191,-0.007294467293529478,0.042519816814934525,-0.08103361293142719,-0.05887945402550306,-0.04181189557932799,-0.05188216672792875,-0.0030373979190988034,-0.08206310421563409,0.03121417048085308,0.28389716335854803,-0.03587436664229484,0.10070354300942172,0.09570917292157476,-0.015520456724842669,-0.07038830360967058,-0.01343737298495157,-0.0006653292219370582,-0.025960379947934636,-0.01832339541588353,0.03534308999929357,0.21611670069154004,-0.10935916572722554,0.008159751529754549,-0.05266934328032149,-0.05360488421696192,-0.08141782233855105
7,-0.0023344286459550177,-0.06787828935697796,0.010534236573379452,0.49986377620988437,0.18785513567383771,-0.0665783695569669,0.11701968351355155,1.0,0.10011770379191451,-0.00029709104078929445,0.20156052865680765,-0.012157451374352209,-0.0836086072197805,-0.08210036002787643,0.24988792976872176,-0.12988914782577204,0.1307695095249676,-0.11388610259559145,-0.054335240613974004,-0.014891114146414582,-0.014976334882423252,0.09537498804554562,0.004392194600526145,-0.001795191263687173,0.1514039109661311,-0.06915798162134124,0.37160006595308087,0.0007348865716714755,-0.019117803580995157,-0.0991616962498887,-0.03948689663821319,-0.00393783380673286,0.33311088412417333,0.0449374299985944,-0.11924689753889989,-0.09649055982089931,-0.05934326767850289,-0.12310027011992207,-0.1142925843920477
8,-0.0367491704871101,-0.03823069728656159,0.05278425668093932,-0.007259159340806886,-0.03348022272819569,-0.04109658762212146,-0.03935544628054669,0.10011770379191451,1.0,-0.053862276128977746,0.03187455065884669,0.07110013360388404,-0.04585558618636644,-0.028502773535715585,0.024930953493319856,-0.07388091221940396,0.3865945067756412,-0.06339361796010295,-0.022500051238826518,-0.007021396595647101,0.13082863474762887,-0.009213054877345079,-0.027172489339664117,0.06590360381105816,0.005399182846534041,-0.04209479037457482,0.008093356982033301,0.21619025922450558,-0.011250223055032087,-0.05253520327347906,-0.021021607883910137,0.007729321268153224,0.013251895302294925,-0.06170728721138433,-0.06718882958392547,-0.07339279429015119,0.02910268934878723,-0.07376153459743683,-0.03631241785869184
9,0.3203107337556369,-0.09067533907493555,0.25446452713304357,-0.0365773615644467,-0.05882466057578119,0.339293896266345,-0.02617461425939538,-0.00029709104078929445,-0.053862276128977746,1.0,0.10277365300779101,-0.08035348677173762,0.19575381112993845,0.03048886245589536,-0.08970103228221613,0.1628254903053306,-0.05528371563888906,0.3877174793762944,0.029071238312872238,-0.014376978847915339,0.09512520653612844,-0.06353843606306975,0.003709257178576654,0.10535933878137925,-0.05808637802013627,0.01312134497511597,0.01671593242689432,-0.14643126830111974,-0.024264412298465207,-0.026004090224087503,-0.016930267344372082,-0.0403659833250625,-0.04047811774276577,0.15507907530636467,0.3382748519788886,0.162009743841595,-0.10151206424605497,-0.052064333811568955,-0.12716578251102517
10,0.01910283026785235,-0.06696326557310611,-0.06132278937126443,0.2986868083087044,0.07825388996000612,-0.043681707084457184,0.011761635914437837,0.20156052865680765,0.03187455065884669,0.10277365300779101,1.0,0.06715383263497336,-0.06556785371730114,-0.07089808204638287,0.03327989354917929,-0.06830158983325772,0.007851134609670338,-0.084081257613027,-0.032851165240329494,-0.010314784436735032,0.027007380255727312,-0.01009031135319945,-0.028756450540020018,-0.03895763354124851,0.06145340604417492,-0.03413528859969178,0.3684410430909315,-0.08297999229772923,0.0053786718613567895,-0.08575703431329373,-0.02825444638234182,-0.02513268655023997,0.0656744504908214,0.055098096436230114,-0.03710282655265887,0.19170845630331307,-0.05153711504290899,-0.054241416634008686,-0.10383022848612944
11,-0.04763437510795861,0.16947558129106127,-0.015790549758398317,-0.009297246483934542,-0.03229191545558529,-0.044989515176818345,-0.04266258459059155,-0.012157451374352209,0.07110013360388404,-0.08035348677173762,0.06715383263497336,1.0,-0.047989591290479874,-0.057156481974133005,-0.033137370654687553,-0.07457947400950599,0.0405820047022869,-0.08562523810211947,-0.02190825185833685,-0.005246580858036579,0.039825789877006926,-0.022724398013359254,-0.03466403491420672,0.014863428903457002,-0.005649976785767796,-0.04476568038656411,0.0020011768929926125,0.2768849121415797,0.006202787715644354,-0.06684855509635215,-0.01992378226109428,0.1272917385255237,-0.01876541409082698,-0.06478603803529225,-0.07442791938184713,-0.07001742976902081,0.3083150349107372,-0.06958586214361111,0.022670195467828117
12,-0.07765957655693662,-0.07604335035981231,0.1614020611827952,-0.11983542018248122,-0.07134790350039308,-0.06055834571117346,-0.07215067325642191,-0.0836086072197805,-0.04585558618636644,0.19575381112993845,-0.06556785371730114,-0.047989591290479874,1.0,0.07089046681148269,-0.08037406379993463,0.36334984722348973,-0.02736831361300046,0.1252846798057604,0.1737774676412146,0.01544984845321718,0.11159568337655569,-0.04746500495748128,-0.0643104240029955,0.08768140439389213,-0.04946249611185641,-0.01115628835565874,-0.07046915205309232,-0.0879447091046308,0.00030270613598314155,0.11520890364224748,0.012276234724577872,-0.028477645523364105,-0.05818895170269605,-0.12361144827794682,0.5419184713173362,0.04176830099109364,-0.05720409024570927,0.08905800890411988,-0.0902605170494753
13,0.013486962404607113,-0.07876607761816547,0.22300772654356282,-0.08533959339973561,-0.06363532427332903,-0.0039405422541508965,-0.007294467293529478,-0.08210036002787643,-0.028502773535715585,0.03048886245589536,-0.07089808204638287,-0.057156481974133005,0.07089046681148269,1.0,-0.07063524612343747,0.01362369956652286,0.017975818467444393,0.12694098524027375,-0.01558510517796091,0.005517637404484268,-0.05878465315844765,-0.04730563629837943,0.05420084632254485,-0.03983732557589041,-0.024830318644364073,0.2470566942742131,-0.07259848548472927,-0.0678832242098256,-0.009529094934517476,0.16758034823209,-0.01491437770432296,-0.027688304225370816,-0.012322763325597038,-0.03718203284756645,0.0466288324774881,0.019432549288522616,-0.07073215987367244,0.3728253364103795,-0.11343867700032528
14,0.014846991320591814,-0.03891934622710706,-0.059876003304591266,0.40766616810170375,0.08484515289522783,-0.04591199476978525,0.042519816814934525,0.24988792976872176,0.024930953493319856,-0.08970103228221613,0.03327989354917929,-0.033137370654687553,-0.08037406379993463,-0.07063524612343747,1.0,-0.10317072668918917,0.12063137677045922,-0.09897874361032175,-0.04204238451277918,-0.010812054316588573,-0.04620734139985386,0.1739367136857032,0.04330530967627991,-0.04444145090565148,0.18485553745867633,-0.04940174222306537,0.011143533506652828,0.0019993498484569376,-0.018541642948047398,-0.04188825024561343,-0.027869930430328392,-0.010673456451999321,0.18556388089291348,-0.04903191482510123,-0.10857879615724289,-0.10762910732444794,-0.050085299559911214,-0.10486297709204673,-0.07979706589711115
15,-0.061949364280457976,-0.08872899385446972,-0.05157320327649467,-0.1559626997220731,-0.09506768674112244,-0.01279637968372294,-0.08103361293142719,-0.12988914782577204,-0.07388091221940396,0.1628254903053306,-0.06830158983325772,-0.07457947400950599,0.36334984722348973,0.01362369956652286,-0.10317072668918917,1.0,-0.10605433763140529,0.37280374514895687,0.15754120527501883,0.007200221181347543,0.0047042296689426034,-0.05765379135503841,-0.07375717577503185,-0.04803092253618618,-0.07047278176974728,-0.06316241049230478,-0.10750567252603058,-0.13017731918422337,0.04791592887341209,0.05953464523269342,0.019226658676510078,-0.03493995619983244,-0.09471099867776282,-0.017423799802272488,0.4523571794534391,0.2458171923429903,-0.09147932672854384,0.2270960973537872,-0.10540555778168084
16,0.01044617777624613,-0.05502281750868776,0.2375657817349501,-0.04337330273643794,-0.053858089531232514,-0.052449138669174625,-0.05887945402550306,0.1307695095249676,0.3865945067756412,-0.05528371563888906,0.007851134609670338,0.0405820047022869,-0.02736831361300046,0.017975818467444393,0.12063137677045922,-0.10605433763140529,1.0,-0.07009937211146014,-0.00033878104459694486,-0.011796397595562322,0.1138298754622416,-0.015381468762646608,-0.03562868613328532,0.001804353039842473,0.009972957644205995,-0.04310729808025936,-0.009454271368266754,0.2566372579638218,-0.01995911639432363,-0.05913577820450849,-0.016338707786859148,-0.00815452455492854,0.28819016465492464,-0.10394399301819118,-0.09217151076335688,-0.11059156156026388,-0.03664981658935863,-0.11476435461039383,-0.07927861977226967
17,0.1547069032970999,-0.09398967991900248,0.2703387405265578,-0.14217827838375868,-0.10000882047881973,0.21692175716771583,-0.04181189557932799,-0.11388610259559145,-0.06339361796010295,0.3877174793762944,-0.084081257613027,-0.08562523810211947,0.1252846798057604,0.12694098524027375,-0.09897874361032175,0.37280374514895687,-0.07009937211146014,1.0,0.07631416989700707,-0.011346999601864633,-0.00467230880946138,-0.0614128206120356,-0.012941721919802975,-0.018179995204372523,-0.07195441022328848,0.02088430074238119,-0.11640000743735499,-0.14364474052861903,-0.006022349063220787,0.12607393519120647,-0.0020015832954141935,-0.03948272354843239,-0.07379923251530861,0.15402646972521872,0.2101933327639363,0.1557372457888955,-0.10455001310012713,0.03370040263004111,-0.12987272167799258
18,-0.04664513724673471,-0.04763999876582861,0.05762274186659107,-0.08307930055089036,-0.054642984760779244,-0.03871633045547226,-0.05188216672792875,-0.054335240613974004,-0.022500051238826518,0.029071238312872238,-0.032851165240329494,-0.02190825185833685,0.1737774676412146,-0.01558510517796091,-0.04204238451277918,0.15754120527501883,-0.00033878104459694486,0.07631416989700707,1.0,-0.005144297783899829,0.07250458922576108,-0.02899977253924143,-0.03887275971600275,-0.010313094775150394,-0.030609748254798896,-0.046664341807576615,-0.052605573494851045,-0.019215238572320374,-0.011627878556347056,0.011830494549058336,-0.002907127494942743,-0.016703546466712682,-0.02156482459814748,-0.08279910946500513,0.1537385061728516,0.07432714764744336,-0.030608309604284515,-0.005942296036204907,-0.03766852750319201
19,-0.009835555183821967,-0.007591643971956117,-0.014134739904988272,-0.01635542245086092,-0.008302231387739223,-0.008536474605275903,-0.0030373979190988034,-0.014891114146414582,-0.007021396595647101,-0.014376978847915339,-0.010314784436735032,-0.005246580858036579,0.01544984845321718,0.005517637404484268,-0.010812054316588573,0.007200221181347543,-0.011796397595562322,-0.011346999601864633,-0.005144297783899829,1.0,-0.012184115448961015,-0.006034360270201012,0.025025640387633462,-0.00882081985764124,-0.007389799704765503,-0.006452099830121675,-0.012067935130086554,-0.011651266835654426,0.00021067373082883677,-0.004753965539352467,-0.00083163710797204,-0.003667315145680948,-0.010649800713278092,-0.009527812286314307,-0.0058588742557303345,-0.015073328206070255,-0.007101814529721377,0.028218606054965442,-0.009432235120046234
20,-0.07889189009629245,-0.051209306220785906,0.2224859334785679,-0.10486106008397766,-0.08845422354817992,-0.07157022107130007,-0.08206310421563409,-0.014976334882423252,0.13082863474762887,0.09512520653612844,0.027007380255727312,0.039825789877006926,0.11159568337655569,-0.05878465315844765,-0.04620734139985386,0.0047042296689426034,0.1138298754622416,-0.00467230880946138,0.07250458922576108,-0.012184115448961015,1.0,-0.0442250245532929,-0.06480190152965225,0.3684167976487701,-0.05800679500896941,-0.09091846738930744,-0.06882661639146705,0.1300719653428964,-0.01436812174698697,-0.06059411049588513,-0.030220322867535464,-0.025170549440732864,-0.044933477980996006,-0.13919630792508136,0.3337442217330178,-0.04424309079291839,0.07648469321584467,-0.0998562525270731,0.08593487982371867
21,-0.018709493725773477,-0.02078343267638111,-0.051678287117405915,0.19726180813500735,0.2971826382499249,-0.03451353420649049,0.03121417048085308,0.09537498804554562,-0.009213054877345079,-0.06353843606306975,-0.01009031135319945,-0.022724398013359254,-0.04746500495748128,-0.04730563629837943,0.1739367136857032,-0.05765379135503841,-0.015381468762646608,-0.0614128206120356,-0.02899977253924143,-0.006034360270201012,-0.0442250245532929,1.0,0.006076128953309925,-0.02707758693099429,0.6493855223247313,-0.036392423315026845,0.011316578774893738,-0.016521913482793752,-0.007244523243519192,-0.03262728820536837,-0.01617679581769084,-0.0008224261580355291,-0.003855149268772118,-0.03846619870105301,-0.06158991197528703,-0.06641262293066642,-0.02931223541891666,-0.058179865036203524,-0.04609271763700745
22,0.09001968518398257,-0.02578174082255738,-0.06503761896072777,0.022882938687721587,0.14356371483014937,0.11361258288541083,0.28389716335854803,0.004392194600526145,-0.027172489339664117,0.003709257178576654,-0.028756450540020018,-0.03466403491420672,-0.0643104240029955,0.05420084632254485,0.04330530967627991,-0.07375717577503185,-0.03562868613328532,-0.012941721919802975,-0.03887275971600275,0.025025640387633462,-0.06480190152965225,0.006076128953309925,1.0,-0.025972467254673712,-0.0009152160313443403,0.2288643083425616,-0.0014536853977916864,-0.056430841378957895,-0.00616015134783591,0.2685053840876805,-0.020015652539438787,-0.014911008677779239,-0.02306226967896036,0.2725035976333615,-0.08734525103279929,0.16137604255652127,-0.042999814140164794,-0.025326640163090913,-0.06670740122653146
23,-0.010552303254099522,-0.019310840460028674,0.1553533246518494,-0.0388013930314422,-0.03215459582462785,-0.01487510209224296,-0.03587436664229484,-0.001795191263687173,0.06590360381105816,0.10535933878137925,-0.03895763354124851,0.014863428903457002,0.08768140439389213,-0.03983732557589041,-0.04444145090565148,-0.04803092253618618,0.001804353039842473,-0.018179995204372523,-0.010313094775150394,-0.00882081985764124,0.3684167976487701,-0.02707758693099429,-0.025972467254673712,1.0,-0.030298470567243378,-0.04184138758158944,-0.003010897870539164,0.04367853082283216,-0.012971402338499582,-0.05915535523010576,-0.01740374964415386,-0.014524068874508602,-0.034100883605118516,-0.050806322390572464,0.04216765760601521,-0.05411555990523906,0.1410588114264602,-0.07175845521498757,0.024155293691085315
24,-0.02686226159143175,-0.03757439889150227,-0.04190812983844432,0.18741882694429454,0.21834650196142164,-0.04145058063869369,0.10070354300942172,0.1514039109661311,0.005399182846534041,-0.05808637802013627,0.06145340604417492,-0.005649976785767796,-0.04946249611185641,-0.024830318644364073,0.18485553745867633,-0.07047278176974728,0.009972957644205995,-0.07195441022328848,-0.030609748254798896,-0.007389799704765503,-0.05800679500896941,0.6493855223247313,-0.0009152160313443403,-0.030298470567243378,1.0,0.016901099020313393,0.16311389606788032,-0.016595048864353413,-0.004332312802656309,-0.036355919483055416,-0.018527883396658916,-0.005930906599065004,0.1108017738779332,-0.01162468794626579,-0.07476262537087366,-0.04084311509390695,-0.03902483778854712,-0.05362306006961824,-0.06139167331577175
25,0.06298641671493416,-0.0663888140720686,-0.018179929077661694,-0.060497866003570995,0.009906250700600328,0.15272483126114997,0.09570917292157476,-0.06915798162134124,-0.04209479037457482,0.01312134497511597,-0.03413528859969178,-0.04476568038656411,-0.01115628835565874,0.2470566942742131,-0.04940174222306537,-0.06316241049230478,-0.04310729808025936,0.02088430074238119,-0.046664341807576615,-0.006452099830121675,-0.09091846738930744,-0.036392423315026845,0.2288643083425616,-0.04184138758158944,0.016901099020313393,1.0,-0.03957671635546454,-0.07498781457576867,0.0167636312728848,0.15560701340601318,-0.01551603521665422,-0.022311236343045146,-0.04149343352381762,0.14432615206028873,-0.10745801132147037,0.47323427636170656,-0.06017716384876539,0.06485596166980877,-0.09219576477891753
26,-0.038108187661241744,-0.035247343053086494,-0.06329612876160201,0.3592619911995729,0.15394294877535164,-0.06544659215066617,-0.015520456724842669,0.37160006595308087,0.008093356982033301,0.01671593242689432,0.3684410430909315,0.0020011768929926125,-0.07046915205309232,-0.07259848548472927,0.011143533506652828,-0.10750567252603058,-0.009454271368266754,-0.11640000743735499,-0.052605573494851045,-0.012067935130086554,-0.06882661639146705,0.011316578774893738,-0.0014536853977916864,-0.003010897870539164,0.16311389606788032,-0.03957671635546454,1.0,-0.02700881752966638,-0.006664960616917078,-0.12306829902314284,-0.030895222509353393,-0.002583450900557559,0.08754518811633738,0.06756914753165189,-0.0829130909074727,-0.01116944408208776,-0.058251325564317565,-0.06312548197574488,-0.08256404559039524
27,-0.07855639733266126,0.09316489655937066,0.017534803643647217,-0.0098857786487528,-0.06625746139254235,-0.07735711444259183,-0.07038830360967058,0.0007348865716714755,0.21619025922450558,-0.14643126830111974,-0.08297999229772923,0.2768849121415797,-0.0879447091046308,-0.0678832242098256,0.0019993498484569376,-0.13017731918422337,0.2566372579638218,-0.14364474052861903,-0.019215238572320374,-0.011651266835654426,0.1300719653428964,-0.016521913482793752,-0.056430841378957895,0.04367853082283216,-0.016595048864353413,-0.07498781457576867,-0.02700881752966638,1.0,-0.017445805474261614,-0.12585755375874394,-0.026911076468833797,0.04681179957139879,0.05903652801094347,-0.12043890704126488,-0.13326805964128613,-0.14609867473893773,0.22970067055563267,-0.12617007298827548,0.055340849673546126
28,-0.018906311811830247,-0.018245041101914466,-0.027377645331030532,-0.017283562336820595,-0.007500608461745919,-0.00552126314818654,-0.01343737298495157,-0.019117803580995157,-0.011250223055032087,-0.024264412298465207,0.0053786718613567895,0.006202787715644354,0.00030270613598314155,-0.009529094934517476,-0.018541642948047398,0.04791592887341209,-0.01995911639432363,-0.006022349063220787,-0.011627878556347056,0.00021067373082883677,-0.01436812174698697,-0.007244523243519192,-0.00616015134783591,-0.012971402338499582,-0.004332312802656309,0.0167636312728848,-0.006664960616917078,-0.017445805474261614,1.0,0.009268216414142978,-0.002327164448589476,-0.006210775519157424,-0.016645061375895,-0.01103549291811169,-0.005139707887046224,0.04861307209582147,-0.008948945172952843,0.014121774998658517,-0.017768030733149805
29,0.0975626722891818,-0.09783307709791379,0.13334857194461197,-0.1209619922116068,-0.04613949667769728,0.14422841694738087,-0.0006653292219370582,-0.0991616962498887,-0.05253520327347906,-0.026004090224087503,-0.08575703431329373,-0.06684855509635215,0.11520890364224748,0.16758034823209,-0.04188825024561343,0.05953464523269342,-0.05913577820450849,0.12607393519120647,0.011830494549058336,-0.004753965539352467,-0.06059411049588513,-0.03262728820536837,0.2685053840876805,-0.05915535523010576,-0.036355919483055416,0.15560701340601318,-0.12306829902314284,-0.12585755375874394,0.009268216414142978,1.0,0.0401132652795783,-0.03846820935894162,-0.06420498205658104,0.1902143364430388,0.047270267125340694,0.1112385971076171,-0.10385825208675403,0.11437790289364216,-0.15518630275827144
30,-0.020447754592369104,-0.028250386218613928,-0.010516164157136057,-0.04502401755214343,-0.027535537934045298,-0.009837183065140172,-0.025960379947934636,-0.03948689663821319,-0.021021607883910137,-0.016930267344372082,-0.02825444638234182,-0.01992378226109428,0.012276234724577872,-0.01491437770432296,-0.027869930430328392,0.019226658676510078,-0.016338707786859148,-0.0020015832954141935,-0.002907127494942743,-0.00083163710797204,-0.030220322867535464,-0.01617679581769084,-0.020015652539438787,-0.01740374964415386,-0.018527883396658916,-0.01551603521665422,-0.030895222509353393,-0.026911076468833797,-0.002327164448589476,0.0401132652795783,1.0,-0.008942494259284539,-0.02232332990483528,-0.027983875362402495,-0.0030686312465285285,0.01600092827025151,-0.025950324013800062,0.0373863116934956,-0.03946135733912538
31,-0.021254687731780797,0.12200236389534551,-0.030546373540007908,-0.012842964672093981,-0.017160329350618328,-0.02102854799764408,-0.01832339541588353,-0.00393783380673286,0.007729321268153224,-0.0403659833250625,-0.02513268655023997,0.1272917385255237,-0.028477645523364105,-0.027688304225370816,-0.010673456451999321,-0.03493995619983244,-0.00815452455492854,-0.03948272354843239,-0.016703546466712682,-0.003667315145680948,-0.025170549440732864,-0.0008224261580355291,-0.014911008677779239,-0.014524068874508602,-0.005930906599065004,-0.022311236343045146,-0.002583450900557559,0.04681179957139879,-0.006210775519157424,-0.03846820935894162,-0.008942494259284539,1.0,-0.009107299259424833,-0.031058357543997252,-0.03705570355564768,-0.04013071495178877,0.0877857646632837,-0.03490168309783915,-0.018645906550476255
32,0.025666926008291232,-0.027846539316584373,0.047129643352100986,0.11909395017229932,0.02217772346624737,-0.041190344573540164,0.03534308999929357,0.33311088412417333,0.013251895302294925,-0.04047811774276577,0.0656744504908214,-0.01876541409082698,-0.05818895170269605,-0.012322763325597038,0.18556388089291348,-0.09471099867776282,0.28819016465492464,-0.07379923251530861,-0.02156482459814748,-0.010649800713278092,-0.044933477980996006,-0.003855149268772118,-0.02306226967896036,-0.034100883605118516,0.1108017738779332,-0.04149343352381762,0.08754518811633738,0.05903652801094347,-0.016645061375895,-0.06420498205658104,-0.02232332990483528,-0.009107299259424833,1.0,-0.03318455611819859,-0.09932654767342149,-0.09921934299361483,-0.048021734243916765,-0.09948423866423842,-0.0700613474847932
33,0.3529026554356077,-0.06345155123331205,-0.11373992619260292,0.08897669956633417,0.050480919485647896,0.3219451922335361,0.21611670069154004,0.0449374299985944,-0.06170728721138433,0.15507907530636467,0.055098096436230114,-0.06478603803529225,-0.12361144827794682,-0.03718203284756645,-0.04903191482510123,-0.017423799802272488,-0.10394399301819118,0.15402646972521872,-0.08279910946500513,-0.009527812286314307,-0.13919630792508136,-0.03846619870105301,0.2725035976333615,-0.050806322390572464,-0.01162468794626579,0.14432615206028873,0.06756914753165189,-0.12043890704126488,-0.01103549291811169,0.1902143364430388,-0.027983875362402495,-0.031058357543997252,-0.03318455611819859,1.0,-0.16333149550014453,0.13834064210057023,-0.09052362531784675,0.05941196234791485,-0.1393024662791626
34,-0.1010863875909375,-0.07988066093754922,0.12381649756182096,-0.16179529377324742,-0.11149211273215406,-0.07010352560131367,-0.10935916572722554,-0.11924689753889989,-0.06718882958392547,0.3382748519788886,-0.03710282655265887,-0.07442791938184713,0.5419184713173362,0.0466288324774881,-0.10857879615724289,0.4523571794534391,-0.09217151076335688,0.2101933327639363,0.1537385061728516,-0.0058588742557303345,0.3337442217330178,-0.06158991197528703,-0.08734525103279929,0.04216765760601521,-0.07476262537087366,-0.10745801132147037,-0.0829130909074727,-0.13326805964128613,-0.005139707887046224,0.047270267125340694,-0.0030686312465285285,-0.03705570355564768,-0.09932654767342149,-0.16333149550014453,1.0,0.04251388398184744,-0.08310742311218856,0.10178590517291936,-0.030713749946074717
35,0.06627580672892039,-0.09981515218110798,-0.03382181966093317,-0.08429956252026703,-0.01749581230162145,0.1844589193896398,0.008159751529754549,-0.09649055982089931,-0.07339279429015119,0.162009743841595,0.19170845630331307,-0.07001742976902081,0.04176830099109364,0.019432549288522616,-0.10762910732444794,0.2458171923429903,-0.11059156156026388,0.1557372457888955,0.07432714764744336,-0.015073328206070255,-0.04424309079291839,-0.06641262293066642,0.16137604255652127,-0.05411555990523906,-0.04084311509390695,0.47323427636170656,-0.01116944408208776,-0.14609867473893773,0.04861307209582147,0.1112385971076171,0.01600092827025151,-0.04013071495178877,-0.09921934299361483,0.13834064210057023,0.04251388398184744,1.0,-0.10608834583662508,0.06317047844043709,-0.12734370188973654
36,-0.05894452721952595,0.07479010604010024,-0.036550997556916806,-0.03931118942027495,-0.05694161966876729,-0.055497202409749535,-0.05266934328032149,-0.05934326767850289,0.02910268934878723,-0.10151206424605497,-0.05153711504290899,0.3083150349107372,-0.05720409024570927,-0.07073215987367244,-0.050085299559911214,-0.09147932672854384,-0.03664981658935863,-0.10455001310012713,-0.030608309604284515,-0.007101814529721377,0.07648469321584467,-0.02931223541891666,-0.042999814140164794,0.1410588114264602,-0.03902483778854712,-0.06017716384876539,-0.058251325564317565,0.22970067055563267,-0.008948945172952843,-0.10385825208675403,-0.025950324013800062,0.0877857646632837,-0.048021734243916765,-0.09052362531784675,-0.08310742311218856,-0.10608834583662508,1.0,-0.0901994377627251,0.2666876329388266
37,-0.09644862391005368,-0.06413052393910834,-0.1520417811915512,-0.06621640049520695,-0.06713708393973167,-0.03250121063627555,-0.05360488421696192,-0.12310027011992207,-0.07376153459743683,-0.052064333811568955,-0.054241416634008686,-0.06958586214361111,0.08905800890411988,0.3728253364103795,-0.10486297709204673,0.2270960973537872,-0.11476435461039383,0.03370040263004111,-0.005942296036204907,0.028218606054965442,-0.0998562525270731,-0.058179865036203524,-0.025326640163090913,-0.07175845521498757,-0.05362306006961824,0.06485596166980877,-0.06312548197574488,-0.12617007298827548,0.014121774998658517,0.11437790289364216,0.0373863116934956,-0.03490168309783915,-0.09948423866423842,0.05941196234791485,0.10178590517291936,0.06317047844043709,-0.0901994377627251,1.0,-0.1171401416260284
38,-0.08995884449911018,0.2342142363266707,-0.10524479118633759,-0.07139059378764248,-0.0899550642609581,-0.08465452084614783,-0.08141782233855105,-0.1142925843920477,-0.03631241785869184,-0.12716578251102517,-0.10383022848612944,0.022670195467828117,-0.0902605170494753,-0.11343867700032528,-0.07979706589711115,-0.10540555778168084,-0.07927861977226967,-0.12987272167799258,-0.03766852750319201,-0.009432235120046234,0.08593487982371867,-0.04609271763700745,-0.06670740122653146,0.024155293691085315,-0.06139167331577175,-0.09219576477891753,-0.08256404559039524,0.055340849673546126,-0.017768030733149805,-0.15518630275827144,-0.03946135733912538,-0.018645906550476255,-0.0700613474847932,-0.1393024662791626,-0.030713749946074717,-0.12734370188973654,0.2666876329388266,-0.1171401416260284,1.0
