,0,1,2,3,4,5,6,7,8,9,10,11,12,13,14,15,16,17,18,19,20,21,22,23,24,25,26,27,28,29,30,31,32,33,34,35,36,37,38,39,40,41,42
0,1.0,0.004255488472879407,-0.10669740279193965,0.5523977143690537,0.22455093839254855,-0.06979699191241814,0.058608809460026445,0.22948129848753265,0.14317651144981947,-0.0017456634261025321,0.23964495184981216,0.004632873496998777,-0.06532465026738309,-0.10151350257901993,0.19057626373009046,-0.123699330495608,0.05232427101802397,-0.06283569584375631,-0.05320045872012384,-0.01371781529694898,0.0008769752569329856,0.07169119022783539,0.018945228056207897,0.027966773730252976,0.15580509422960676,-0.06818587146441665,0.14406140502011994,-0.06321725622606342,-0.09129486411794974,-0.08910331313097375,-0.037592073674403224,0.00021110571083812237,0.07384744255028242,-0.07298613904699021,-0.09970267027583808,-0.08348694874609207,-0.07517074541495991,0.06837935622602759,-0.09750799277505115,-0.014618108637476594,-0.05181736397525427,-0.03349196847251969,-0.0005619203875615666
1,0.004255488472879407,1.0,-0.07030733421637989,-0.005458259709056965,-0.020483497471985256,-0.04125794901949724,-0.03901513014633116,-0.02239237441478751,0.04349195929630671,-0.07362833086893023,0.06883611572618889,0.22590136244240394,-0.040944499239264506,-0.0657934853468556,-0.030463768739986526,-0.06957401752562209,0.018104146532098714,-0.05777458540468551,-0.024012029539109806,-0.005970437062597987,0.01738540878769426,-0.016122533840267902,-0.03136602791794823,0.005280892918505112,0.0004569854131433494,-0.03966848361104972,-0.06955943977467921,0.2116048170058344,-0.05616968760331573,-0.05312029938805711,-0.018437806127343248,0.12989595643793678,0.02089410498360177,-0.0475696418449177,-0.06861890430536746,-0.05551053280194144,0.09288933064172072,-0.050788868107602844,0.0056178423264619075,0.005696372132111209,0.30802993368945164,-0.03959022575801908,0.05668252695987833
2,-0.10669740279193965,-0.07030733421637989,1.0,-0.1517709215764808,-0.11434861443596367,0.2072902867109572,-0.06123845539372129,-0.07059410585959316,-0.05552201534047253,0.41288508551880865,-0.08081115534363417,-0.11606439853890503,0.112803525253598,-0.03144600021159142,-0.09550045801549706,0.25298408915727605,-0.028963578740271972,0.11816857316293644,0.08820747296603844,-0.012968064755968765,0.026947786597415545,-0.0584786027773362,-0.044247279597781033,0.07020876987892835,-0.06681167138854782,0.01923318093670169,0.09994658717420159,-0.07673442638864372,0.13740245968439968,0.15639462302817347,-0.0033341609746076065,-0.03686849604163224,-0.00447250150560525,0.08981050364067494,0.1709231373841642,0.07961765802099688,-0.0841991015281908,0.04952577286517723,-0.11358632134427579,-0.015790872334192144,-0.09391057191364813,0.15804120122150794,-0.12063563852489562
3,0.5523977143690537,-0.005458259709056965,-0.1517709215764808,1.0,0.35182283638374234,-0.09324467211226808,0.20148126489051765,0.1458532961438751,-0.014990787138719769,-0.04208121503761196,0.3115628521331711,-0.031748480526839935,-0.11485627216739687,-0.06614403926059281,0.44897982321274277,-0.15343874005087094,0.0459986246193363,-0.056727675282504705,-0.08181290289450985,-0.016161742455395922,-0.10662339437377283,0.1936866232391564,0.06455394110723431,-0.06462560454912966,0.1997350924966883,-0.056199097656797176,0.3277105430929126,0.0038964646194228755,-0.10973135641010417,-0.08454373691273773,-0.04480549044794381,-0.012803942937345431,-0.0664309476204325,-0.07096399495196826,-0.1540009509153328,-0.09099852092177249,-0.06633629035534894,0.06759056893130783,-0.06712174151222242,-0.01604660851423638,-0.04099010065206332,-0.04733271068623136,0.07028931490274799
4,0.22455093839254855,-0.020483497471985256,-0.11434861443596367,0.35182283638374234,1.0,-0.0567079291944959,0.42680650033776124,0.05685012652911109,-0.027951688810308566,-0.059192792174646146,0.12695798737372566,-0.06971279162910679,-0.07589193558917554,-0.06899996465112283,0.09534153815883292,-0.10637699891904726,0.009154720174334989,0.0013706224844384218,-0.05978808589443789,-0.009571967996471645,-0.09360197365327785,0.28904792451801786,0.19684887254081201,-0.052288896862851916,0.24494346554775948,0.002487562967542314,0.15029739882439858,-0.047661740279550446,-0.059958232119107724,-0.0685303402010578,-0.030605630153641743,-0.01656437806374135,-0.06837794409836238,-0.044125656036090484,-0.11191323644746845,-0.039121880557550406,-0.0821282398548658,0.07433173193782192,-0.08630846316188676,-0.008299503849138063,-0.06067079635954771,-0.047925486640437893,-0.014334154739677786
5,-0.06979699191241814,-0.04125794901949724,0.2072902867109572,-0.09324467211226808,-0.0567079291944959,1.0,0.016920359358638403,-0.042355855999897246,-0.03806828009808851,0.33420675984586845,-0.04408796976409389,-0.07023052071344962,-0.05880290803823609,-0.033411100539458394,-0.04564469370848171,-0.009238711354118311,-0.01771856646716316,0.3386261975049447,-0.037834353425358375,-0.008259553113133247,-0.07158448147527648,-0.03387979063122175,0.09244034824652432,-0.015180208112764553,-0.041081653914531543,0.13498862924165783,0.11373501902760691,-0.04341085977310679,0.10664955621651145,-0.012944537653318627,-0.009447121944633369,-0.02113870213335443,-0.05339177807916183,0.13595320044729195,-0.06971407488954473,0.01782855388179677,-0.06734771655729735,0.2985887255047466,-0.07569991031223512,-0.003420491643611937,-0.05486221077513288,0.5100815706487958,-0.07163104164417927
6,0.058608809460026445,-0.03901513014633116,-0.06123845539372129,0.20148126489051765,0.42680650033776124,0.016920359358638403,1.0,0.06526786539895102,-0.037732243769243126,-0.035462582207954375,0.006238623379416495,-0.06651947537072517,-0.06943697863171404,-0.05080252440146721,0.06869282660671908,-0.07561447875042965,-0.016195075138463612,0.13459557802298097,-0.05127287616522215,-0.003419461583433565,-0.08171713194516228,0.03348043806019623,0.2925056038594134,-0.05641728852424715,0.09816578192407988,0.09181156630290285,0.07698960893172699,-0.031978366439127506,-0.012631453902869525,-0.018966419705060175,-0.02563420355263769,-0.01901102912089976,-0.06633152867360219,0.10571560924088773,-0.10558863625840186,-0.07063229812086572,-0.06854698043683802,0.22614912626535735,-0.0742487409755204,-0.012414634627347838,-0.0526030727785867,0.07922488082756365,-0.05822185704635661
7,0.22948129848753265,-0.02239237441478751,-0.07059410585959316,0.1458532961438751,0.05685012652911109,-0.042355855999897246,0.06526786539895102,1.0,0.004430329556234125,-0.03767806913312481,0.08396323152617499,0.020409012840616428,-0.05970583667272624,-0.1080107862420944,0.24820997817737944,-0.1017802922138838,0.14309807414786677,-0.06997679467766482,-0.026499167552427323,-0.011485972555729501,-0.05293013511951344,0.0033133305739960657,0.0011467151222254003,-0.0361529467917703,0.11837962702454743,-0.04082297603754791,0.07139597213027729,-0.041109583859229734,-0.05487414553731961,-0.01584592213597572,-0.025122924807028477,-0.009705076139427886,0.29817118387269526,-0.04342833168095678,-0.10584726392874315,-0.09773484343261532,-0.06221548852214458,-0.02003330734406806,-0.07483622552725108,-0.017795201576008418,-0.05411301920082391,0.02448765671359443,0.09397678471950413
8,0.14317651144981947,0.04349195929630671,-0.05552201534047253,-0.014990787138719769,-0.027951688810308566,-0.03806828009808851,-0.037732243769243126,0.004430329556234125,1.0,-0.05020715096283471,0.018334910816973173,0.21752261859369076,-0.03859718128055675,-0.07202136122251566,0.029770519592753484,-0.07122712473732604,0.047570780277376816,-0.06264797577864098,-0.02193253671037176,-0.007169676991407933,0.12326892322626071,-0.00574577841430699,-0.02301874768213414,0.07986261439100728,0.000760285312171251,-0.04017517526399743,-0.03593886387041578,-0.037989911738184834,-0.052038139842139924,-0.03280481849899306,-0.0202952231282435,0.008912329737309297,0.31778358356799097,-0.039292063959235776,-0.06448170609455221,-0.06478905977608489,-0.005537408403772977,-0.057754842168252815,-0.03636417642465695,-0.01135886271928594,0.026506079240533338,-0.032506713665065745,-0.00032143103344322264
9,-0.0017456634261025321,-0.07362833086893023,0.41288508551880865,-0.04208121503761196,-0.059192792174646146,0.33420675984586845,-0.035462582207954375,-0.03767806913312481,-0.05020715096283471,1.0,0.09296382256501182,-0.1305977623668666,0.212968317498385,-0.05278381112405288,-0.08875657669282556,0.17389350184551722,-0.03109437730030671,0.20857537107118884,0.030690966772118876,-0.014068732191864268,0.11645984047279509,-0.0627863088036491,-0.01830107300480607,0.1717417069235149,-0.05651731177198895,-0.00283065334047182,0.19850237436017432,-0.08238701910310677,0.0034252459777108155,0.0375004322858216,-0.014465808906607015,-0.04057174485136738,-0.03035821467125016,-0.04120288725153923,0.36708502302216667,0.040647151407627924,-0.081414514991554,0.11721256009788303,-0.11554244512560762,-0.02132927435405186,-0.09873232473049871,0.3057639612755454,-0.12312934901763353
10,0.23964495184981216,0.06883611572618889,-0.08081115534363417,0.3115628521331711,0.12695798737372566,-0.04408796976409389,0.006238623379416495,0.08396323152617499,0.018334910816973173,0.09296382256501182,1.0,-0.0747451476674307,-0.06077567926564952,-0.06066727165482381,0.03375293807455735,-0.08409817097577924,0.04529993356168625,0.08842825439610943,-0.03667819474938075,-0.009862337999725851,0.02483159946571723,-0.012713066658148735,-0.018367438226939533,-0.04636397415097686,0.0703109340919268,-0.03581026063646638,0.2813708901686056,-0.057789311757257086,-0.07128632024067247,-0.06943707049578185,-0.029444700861603678,-0.023773261574763546,-0.002638756802853073,-0.08286074657473064,-0.03922259725265802,0.09789451455747264,-0.0017826923023789775,0.043083863885203244,-0.11233281274810755,0.004864315157864868,-0.042141398767761004,0.0016207587743253347,-0.04442273729206743
11,0.004632873496998777,0.22590136244240394,-0.11606439853890503,-0.031748480526839935,-0.06971279162910679,-0.07023052071344962,-0.06651947537072517,0.020409012840616428,0.21752261859369076,-0.1305977623668666,-0.0747451476674307,1.0,-0.07225308296715213,-0.1157968132496039,-0.026188641065199383,-0.11740245541071784,0.025689832134356952,-0.11091613229503633,-0.012631496964287276,-0.01110038706732427,0.14193126769581388,-0.0345970042024363,-0.05361495125958981,0.07596268927381594,-0.03262232243935622,-0.0689460497610346,-0.12660456541347154,0.05688646162620302,-0.1155050245773617,-0.06086406019778694,-0.02402821507480804,0.050400813122218335,0.24540192639132452,-0.06579316597118952,-0.1166479152287345,-0.11392883329261078,0.039615169454870536,-0.1062551689278465,0.08923620075100402,-0.015412883079520543,0.2627504548242686,-0.06352119617103259,0.11679454060646993
12,-0.06532465026738309,-0.040944499239264506,0.112803525253598,-0.11485627216739687,-0.07589193558917554,-0.05880290803823609,-0.06943697863171404,-0.05970583667272624,-0.03859718128055675,0.212968317498385,-0.06077567926564952,-0.07225308296715213,1.0,0.06259100400954443,-0.07588315733890472,0.315144521806325,-0.01603744461438682,-0.03339732710817324,0.18411467591937208,0.008711058776524533,0.12936894370555332,-0.04552637030343028,-0.06024881258464497,0.12433718830804479,-0.04651162153348393,-0.01724302344967271,-0.07070617094173055,-0.0704717866438897,0.17211074655599695,0.09740534304471321,0.0031048069491098782,-0.02776163930534104,0.02484289141182268,-0.07972231513077997,0.5297598550774849,0.05810365360955524,-0.06492924620571966,-0.11310026761072317,-0.08020416680609171,0.001288322075606699,-0.05506890580744219,-0.0542783716927998,-0.08365116312364027
13,-0.10151350257901993,-0.0657934853468556,-0.03144600021159142,-0.06614403926059281,-0.06899996465112283,-0.033411100539458394,-0.05080252440146721,-0.1080107862420944,-0.07202136122251566,-0.05278381112405288,-0.06066727165482381,-0.1157968132496039,0.06259100400954443,1.0,-0.10561866972322656,0.2388990372646848,-0.023733872370310695,0.0058393784828442204,-0.00759652528807536,0.013616640423154344,-0.0976971538232522,-0.05710036451542337,-0.02234406759341633,-0.10199267318113783,-0.0520023637309287,0.07107245385542939,0.007282936886440273,-0.06514937215684727,0.11314147232753886,0.3915819325760315,0.040930047202658595,-0.035002995826609554,-0.12371049812956778,-0.03232079239642908,0.0996453906795142,0.08601456979078301,-0.0821289211496639,0.06733461119099454,-0.11206449516281038,0.013417065056291172,-0.08988017085008845,-0.09317096865509722,-0.08642566482330849
14,0.19057626373009046,-0.030463768739986526,-0.09550045801549706,0.44897982321274277,0.09534153815883292,-0.04564469370848171,0.06869282660671908,0.24820997817737944,0.029770519592753484,-0.08875657669282556,0.03375293807455735,-0.026188641065199383,-0.07588315733890472,-0.10561866972322656,1.0,-0.10317203516344883,0.019060054434457994,-0.07156718400093005,-0.04217368079006268,-0.01096703723567816,-0.045130716426435694,0.1786798697679463,0.07118693802567044,-0.05559897962516268,0.17534655370664207,-0.04797333689973425,0.06765827976469882,-0.049806509259534254,-0.043113904234250294,-0.07213863181572441,-0.02846724160387524,-0.012117998854603261,0.0805621995566992,-0.036263927833889695,-0.10836090747191833,-0.10285765995882486,-0.07452041067731964,-0.04863568927928949,-0.07196084714738074,-0.017662141095093564,-0.04991457929673812,-0.0032293136640186965,0.06268176950348861
15,-0.123699330495608,-0.06957401752562209,0.25298408915727605,-0.15343874005087094,-0.10637699891904726,-0.009238711354118311,-0.07561447875042965,-0.1017802922138838,-0.07122712473732604,0.17389350184551722,-0.08409817097577924,-0.11740245541071784,0.315144521806325,0.2388990372646848,-0.10317203516344883,1.0,-0.030859426362440236,0.05384743812917125,0.15024523214505575,0.00834644977139239,0.013859879402533831,-0.05701343965192751,-0.07421136779114401,-0.05909991811410019,-0.07281071334891084,-0.07493024602564133,-0.07859729676639157,-0.08078803199018922,0.05433473908925428,0.02069444222760032,0.01570165014752983,-0.03533576678631019,-0.10910803573674198,-0.0798927127756757,0.44903243899100564,0.2697384880388156,-0.0713172508922589,0.008468356240630005,-0.09814128019136947,0.04075667903260173,-0.08989380314236076,-0.04663900166459722,-0.10946933158308328
16,0.05232427101802397,0.018104146532098714,-0.028963578740271972,0.0459986246193363,0.009154720174334989,-0.01771856646716316,-0.016195075138463612,0.14309807414786677,0.047570780277376816,-0.03109437730030671,0.04529993356168625,0.025689832134356952,-0.01603744461438682,-0.023733872370310695,0.019060054434457994,-0.030859426362440236,1.0,-0.026705378978169395,-0.009305597429848402,-0.0029805831324641358,-0.02074684899054266,-0.0017939190060285064,-0.011042505875550992,-0.017800694397253063,0.04620276876463745,-0.013421991716024016,-0.02153377583347269,-0.006394545829236138,-0.013556060344425136,-0.012444296442749359,-0.008199580844736785,0.0017912684637025542,0.03408229326438046,-0.013547726578638482,-0.03074471019634886,-0.026689040231071347,-0.01666716304460398,-0.014725778685962516,-0.02177621668851689,-0.0024303612145340934,-0.01293829482787828,-0.01608457969118904,0.037503540316207985
17,-0.06283569584375631,-0.05777458540468551,0.11816857316293644,-0.056727675282504705,0.0013706224844384218,0.3386261975049447,0.13459557802298097,-0.06997679467766482,-0.06264797577864098,0.20857537107118884,0.08842825439610943,-0.11091613229503633,-0.03339732710817324,0.0058393784828442204,-0.07156718400093005,0.05384743812917125,-0.026705378978169395,1.0,0.0024640108247979096,-0.01136430264337535,-0.053181071714057324,-0.05224508139800517,0.4008411738715916,-0.04385074647258557,-0.0327636316321174,0.520534017646949,0.18810660415395636,-0.064272164453189,0.1382839274146995,0.035733523657330825,-0.014458510643916163,-0.03332421017021253,-0.09463854925061027,0.07249050173053961,-0.023623269411438035,0.23082382990527264,-0.06786726300585269,0.37994765583198314,-0.10394843509625243,0.01884296716166878,-0.08709263641305871,0.25390179918997063,-0.09895556361111096
18,-0.05320045872012384,-0.024012029539109806,0.08820747296603844,-0.08181290289450985,-0.05978808589443789,-0.037834353425358375,-0.05127287616522215,-0.026499167552427323,-0.02193253671037176,0.030690966772118876,-0.03667819474938075,-0.012631496964287276,0.18411467591937208,-0.00759652528807536,-0.04217368079006268,0.15024523214505575,-0.009305597429848402,0.0024640108247979096,1.0,-0.004538373061348521,0.06628527498389476,-0.028499982193614794,-0.037010665584936375,0.0010291514361245348,-0.030847932621327345,-0.04452665558809748,-0.06721727718428025,-0.04643288013603436,0.03087515132038144,-0.010428300408713596,-0.004578455510081987,-0.0166349870293618,0.010028873401282945,-0.05049243888724517,0.1436959870034183,0.12681094261492024,-0.017160120785175044,-0.07279677968520903,-0.03836010060061547,-0.010454456792026234,-0.030838652902463702,-0.038185210327868965,-0.04888666824620765
19,-0.01371781529694898,-0.005970437062597987,-0.012968064755968765,-0.016161742455395922,-0.009571967996471645,-0.008259553113133247,-0.003419461583433565,-0.011485972555729501,-0.007169676991407933,-0.014068732191864268,-0.009862337999725851,-0.01110038706732427,0.008711058776524533,0.013616640423154344,-0.01096703723567816,0.00834644977139239,-0.0029805831324641358,-0.01136430264337535,-0.004538373061348521,1.0,-0.012376396048667294,-0.005971144360886248,0.019902547009553236,-0.011385855497814953,-0.007133365298600992,-0.005206027303965524,-0.008998781332156505,-0.008261620741596403,-0.012142053815210541,0.001734177561935022,-0.0008152008996458121,-0.003673797651004204,-0.01250701726823258,0.030193353752077497,-0.0048458714232803585,-0.011449672363275801,-0.0022354634933115735,-0.004617495547377338,-0.011778578044792248,0.0014082569643498644,-0.007143986969677006,-0.008372687857227522,-0.009570725861487767
20,0.0008769752569329856,0.01738540878769426,0.026947786597415545,-0.10662339437377283,-0.09360197365327785,-0.07158448147527648,-0.08171713194516228,-0.05293013511951344,0.12326892322626071,0.11645984047279509,0.02483159946571723,0.14193126769581388,0.12936894370555332,-0.0976971538232522,-0.045130716426435694,0.013859879402533831,-0.02074684899054266,-0.053181071714057324,0.06628527498389476,-0.012376396048667294,1.0,-0.04385597546743453,-0.06500726053477499,0.46631147486475416,-0.05895817876226582,-0.08953009770252537,-0.11394894413686521,-0.05328996759432825,-0.02196068746777864,-0.051333266998284485,-0.030708797165400994,-0.025732262681678535,0.12832882848573457,-0.09423011301814396,0.34336621269680545,-0.030303928940121197,0.12140420337688894,-0.13052906401789693,0.07024540306068808,-0.013053847807050697,0.08446082073862543,-0.06306632525782227,-0.06048417812858285
21,0.07169119022783539,-0.016122533840267902,-0.0584786027773362,0.1936866232391564,0.28904792451801786,-0.03387979063122175,0.03348043806019623,0.0033133305739960657,-0.00574577841430699,-0.0627863088036491,-0.012713066658148735,-0.0345970042024363,-0.04552637030343028,-0.05710036451542337,0.1786798697679463,-0.05701343965192751,-0.0017939190060285064,-0.05224508139800517,-0.028499982193614794,-0.005971144360886248,-0.04385597546743453,1.0,0.026275782116088067,-0.03634993865523897,0.6492474848094516,-0.0351935666335572,0.022668812658854016,-0.027275402558014375,-0.03144379517913487,-0.04611302222282637,-0.0159612711466297,-0.0017989482167102876,-0.024702423598879565,-0.02277490458568509,-0.05981271450420122,-0.055717503771690886,-0.04268020033744918,-0.04257881260043682,-0.041621682054099954,-0.007187584805180057,-0.029475772047457053,-0.025664158136514285,0.06377374389078116
22,0.018945228056207897,-0.03136602791794823,-0.044247279597781033,0.06455394110723431,0.19684887254081201,0.09244034824652432,0.2925056038594134,0.0011467151222254003,-0.02301874768213414,-0.01830107300480607,-0.018367438226939533,-0.05361495125958981,-0.06024881258464497,-0.02234406759341633,0.07118693802567044,-0.07421136779114401,-0.011042505875550992,0.4008411738715916,-0.037010665584936375,0.019902547009553236,-0.06500726053477499,0.026275782116088067,1.0,-0.04517712841575636,0.01854870001959972,0.18450650688910095,0.07275531302042265,-0.01880187338513748,0.21548247215489852,0.01843490675756015,-0.021374101007320134,-0.015046623722566163,-0.03963919833685442,0.251988277472191,-0.08098623312529192,-0.05791328122193308,-0.05403177264709131,0.2942890746636414,-0.05993721048089833,-0.003392814929182227,-0.0425447553354142,0.06811586751720503,-0.04102122739365943
23,0.027966773730252976,0.005280892918505112,0.07020876987892835,-0.06462560454912966,-0.052288896862851916,-0.015180208112764553,-0.05641728852424715,-0.0361529467917703,0.07986261439100728,0.1717417069235149,-0.04636397415097686,0.07596268927381594,0.12433718830804479,-0.10199267318113783,-0.05559897962516268,-0.05909991811410019,-0.017800694397253063,-0.04385074647258557,0.0010291514361245348,-0.011385855497814953,0.46631147486475416,-0.03634993865523897,-0.04517712841575636,1.0,-0.03841567289721544,-0.05122999311019687,-0.014983288065096422,-0.042758259317142104,0.0037554339781050556,0.006210917664083799,-0.019080582099402256,-0.020612854191543732,0.08482724597117963,-0.05571341162658143,0.07436071676818518,-0.0667107937008744,0.018088656207382866,-0.08188245421135298,0.009061466753720049,-0.01763830467856593,0.12660332445361708,0.03667416423733769,-0.04590143501106546
24,0.15580509422960676,0.0004569854131433494,-0.06681167138854782,0.1997350924966883,0.24494346554775948,-0.041081653914531543,0.09816578192407988,0.11837962702454743,0.000760285312171251,-0.05651731177198895,0.0703109340919268,-0.03262232243935622,-0.04651162153348393,-0.0520023637309287,0.17534655370664207,-0.07281071334891084,0.04620276876463745,-0.0327636316321174,-0.030847932621327345,-0.007133365298600992,-0.05895817876226582,0.6492474848094516,0.01854870001959972,-0.03841567289721544,1.0,0.018106258104938686,0.024471233990418506,-0.0397886870352041,-0.03278680919171739,-0.022660884077973655,-0.018617520487328183,-0.006181401456584052,0.00310808849929039,-0.03020073327966029,-0.07261412831992493,-0.036173521680163606,-0.05203927718621899,0.003623173447120346,-0.05611892381313267,-0.00510920756074265,-0.03973980769776746,-0.031078141871025717,0.04761934572746954
25,-0.06818587146441665,-0.03966848361104972,0.01923318093670169,-0.056199097656797176,0.002487562967542314,0.13498862924165783,0.09181156630290285,-0.04082297603754791,-0.04017517526399743,-0.00283065334047182,-0.03581026063646638,-0.0689460497610346,-0.01724302344967271,0.07107245385542939,-0.04797333689973425,-0.07493024602564133,-0.013421991716024016,0.520534017646949,-0.04452665558809748,-0.005206027303965524,-0.08953009770252537,-0.0351935666335572,0.18450650688910095,-0.05122999311019687,0.018106258104938686,1.0,0.044038241223092967,-0.061071206965546666,0.1337138124055429,0.24096131306637153,-0.015214546799624896,-0.022160179954060784,-0.04094382270350018,0.14047913112736904,-0.10513064755346632,0.25337399407847255,-0.06462900537526653,0.14133786601848816,-0.0835661963430841,0.019026182829952876,-0.058612428766071825,0.033443455429821634,-0.07273724168418519
26,0.14406140502011994,-0.06955943977467921,0.09994658717420159,0.3277105430929126,0.15029739882439858,0.11373501902760691,0.07698960893172699,0.07139597213027729,-0.03593886387041578,0.19850237436017432,0.2813708901686056,-0.12660456541347154,-0.07070617094173055,0.007282936886440273,0.06765827976469882,-0.07859729676639157,-0.02153377583347269,0.18810660415395636,-0.06721727718428025,-0.008998781332156505,-0.11394894413686521,0.022668812658854016,0.07275531302042265,-0.014983288065096422,0.024471233990418506,0.044038241223092967,1.0,-0.08054104591280384,-0.03183994051453043,0.05872590667919623,-0.029668084741247262,-0.03567650193870814,0.039623196934300886,0.05397538572917002,-0.08433084806472113,0.042508898836506666,-0.12324802043888264,0.1961269663510204,-0.14583689857972573,-0.015637033339264018,-0.1065460393154786,0.21402131282870307,-0.09738861067569023
27,-0.06321725622606342,0.2116048170058344,-0.07673442638864372,0.0038964646194228755,-0.047661740279550446,-0.04341085977310679,-0.031978366439127506,-0.041109583859229734,-0.037989911738184834,-0.08238701910310677,-0.057789311757257086,0.05688646162620302,-0.0704717866438897,-0.06514937215684727,-0.049806509259534254,-0.08078803199018922,-0.006394545829236138,-0.064272164453189,-0.04643288013603436,-0.008261620741596403,-0.05328996759432825,-0.027275402558014375,-0.01880187338513748,-0.042758259317142104,-0.0397886870352041,-0.061071206965546666,-0.08054104591280384,1.0,-0.08389196849962938,-0.07101688803235495,-0.027619931802849104,0.18756755064027766,-0.06252847814959417,-0.0487407557935806,-0.07666303384087819,-0.08680494985305766,0.09813405441390252,-0.03621051579202027,0.18736938446590207,-0.01629435317961115,0.07094293540884306,-0.04034014245302041,0.5392910249880528
28,-0.09129486411794974,-0.05616968760331573,0.13740245968439968,-0.10973135641010417,-0.059958232119107724,0.10664955621651145,-0.012631453902869525,-0.05487414553731961,-0.052038139842139924,0.0034252459777108155,-0.07128632024067247,-0.1155050245773617,0.17211074655599695,0.11314147232753886,-0.043113904234250294,0.05433473908925428,-0.013556060344425136,0.1382839274146995,0.03087515132038144,-0.012142053815210541,-0.02196068746777864,-0.03144379517913487,0.21548247215489852,0.0037554339781050556,-0.03278680919171739,0.1337138124055429,-0.03183994051453043,-0.08389196849962938,1.0,0.1794182055199856,0.042548969508380136,-0.038242845849500745,-0.0061378434262677264,0.1403488222008455,0.09366805979059821,0.10133967288211101,-0.08975877568315385,0.14657340060164153,-0.1459136721315502,0.007092599606386238,-0.0977141444217804,0.06929472587949573,-0.10814768577728884
29,-0.08910331313097375,-0.05312029938805711,0.15639462302817347,-0.08454373691273773,-0.0685303402010578,-0.012944537653318627,-0.018966419705060175,-0.01584592213597572,-0.03280481849899306,0.0375004322858216,-0.06943707049578185,-0.06086406019778694,0.09740534304471321,0.3915819325760315,-0.07213863181572441,0.02069444222760032,-0.012444296442749359,0.035733523657330825,-0.010428300408713596,0.001734177561935022,-0.051333266998284485,-0.04611302222282637,0.01843490675756015,0.006210917664083799,-0.022660884077973655,0.24096131306637153,0.05872590667919623,-0.07101688803235495,0.1794182055199856,1.0,-0.012965072704838355,-0.02736072126156212,0.051518820656086206,0.10458362832974048,0.05624387096218403,-0.024243812194869013,-0.07316594211418895,-0.07055087027780024,-0.10339310464073634,-0.008121404011707155,-0.06880720157526193,0.0017025209073300018,-0.09418450680386087
30,-0.037592073674403224,-0.018437806127343248,-0.0033341609746076065,-0.04480549044794381,-0.030605630153641743,-0.009447121944633369,-0.02563420355263769,-0.025122924807028477,-0.0202952231282435,-0.014465808906607015,-0.029444700861603678,-0.02402821507480804,0.0031048069491098782,0.040930047202658595,-0.02846724160387524,0.01570165014752983,-0.008199580844736785,-0.014458510643916163,-0.004578455510081987,-0.0008152008996458121,-0.030708797165400994,-0.0159612711466297,-0.021374101007320134,-0.019080582099402256,-0.018617520487328183,-0.015214546799624896,-0.029668084741247262,-0.027619931802849104,0.042548969508380136,-0.012965072704838355,1.0,-0.008939177988376554,-0.015049863545149197,-0.020414752250864934,-0.006221167314651612,0.040171812637025635,-0.03166727030877741,-0.024490863970972596,-0.035812187670054035,-0.0034199444726258905,-0.025797522864477826,-0.0169746569678138,-0.02882045613538134
31,0.00021110571083812237,0.12989595643793678,-0.03686849604163224,-0.012803942937345431,-0.01656437806374135,-0.02113870213335443,-0.01901102912089976,-0.009705076139427886,0.008912329737309297,-0.04057174485136738,-0.023773261574763546,0.050400813122218335,-0.02776163930534104,-0.035002995826609554,-0.012117998854603261,-0.03533576678631019,0.0017912684637025542,-0.03332421017021253,-0.0166349870293618,-0.003673797651004204,-0.025732262681678535,-0.0017989482167102876,-0.015046623722566163,-0.020612854191543732,-0.006181401456584052,-0.022160179954060784,-0.03567650193870814,0.18756755064027766,-0.038242845849500745,-0.02736072126156212,-0.008939177988376554,1.0,-0.011710354907567692,-0.022288705219302655,-0.036692966909717656,-0.03437441701347941,-0.011709872087668556,-0.02852306316403643,-0.017072765905938078,-0.006042848281926971,0.0856273434864224,-0.02034908781934898,0.036614121238112474
32,0.07384744255028242,0.02089410498360177,-0.00447250150560525,-0.0664309476204325,-0.06837794409836238,-0.05339177807916183,-0.06633152867360219,0.29817118387269526,0.31778358356799097,-0.03035821467125016,-0.002638756802853073,0.24540192639132452,0.02484289141182268,-0.12371049812956778,0.0805621995566992,-0.10910803573674198,0.03408229326438046,-0.09463854925061027,0.010028873401282945,-0.01250701726823258,0.12832882848573457,-0.024702423598879565,-0.03963919833685442,0.08482724597117963,0.00310808849929039,-0.04094382270350018,0.039623196934300886,-0.06252847814959417,-0.0061378434262677264,0.051518820656086206,-0.015049863545149197,-0.011710354907567692,1.0,-0.056081405868232535,-0.06639721437615685,-0.08465359436078326,-0.05277100993103327,-0.11142425816722798,-0.07688965329751046,-0.021126678079771942,-0.03737137356084218,0.015074140188714174,-0.0011212225027893126
33,-0.07298613904699021,-0.0475696418449177,0.08981050364067494,-0.07096399495196826,-0.044125656036090484,0.13595320044729195,0.10571560924088773,-0.04342833168095678,-0.039292063959235776,-0.04120288725153923,-0.08286074657473064,-0.06579316597118952,-0.07972231513077997,-0.03232079239642908,-0.036263927833889695,-0.0798927127756757,-0.013547726578638482,0.07249050173053961,-0.05049243888724517,0.030193353752077497,-0.09423011301814396,-0.02277490458568509,0.251988277472191,-0.05571341162658143,-0.03020073327966029,0.14047913112736904,0.05397538572917002,-0.0487407557935806,0.1403488222008455,0.10458362832974048,-0.020414752250864934,-0.022288705219302655,-0.056081405868232535,1.0,-0.11197428941843311,-0.07544669237481873,-0.06388119753630182,0.2578171951325867,-0.08768829389857566,-0.014972545135340038,-0.06249161596698195,0.12068718002776432,-0.07210930846672209
34,-0.09970267027583808,-0.06861890430536746,0.1709231373841642,-0.1540009509153328,-0.11191323644746845,-0.06971407488954473,-0.10558863625840186,-0.10584726392874315,-0.06448170609455221,0.36708502302216667,-0.03922259725265802,-0.1166479152287345,0.5297598550774849,0.0996453906795142,-0.10836090747191833,0.44903243899100564,-0.03074471019634886,-0.023623269411438035,0.1436959870034183,-0.0048458714232803585,0.34336621269680545,-0.05981271450420122,-0.08098623312529192,0.07436071676818518,-0.07261412831992493,-0.10513064755346632,-0.08433084806472113,-0.07666303384087819,0.09366805979059821,0.05624387096218403,-0.006221167314651612,-0.036692966909717656,-0.06639721437615685,-0.11197428941843311,1.0,0.07443968421073949,0.00815082920678966,-0.1474777957508806,-0.03553834949729305,-0.004487328619687839,-0.07925623664819163,-0.0838275516075506,-0.10930611080808195
35,-0.08348694874609207,-0.05551053280194144,0.07961765802099688,-0.09099852092177249,-0.039121880557550406,0.01782855388179677,-0.07063229812086572,-0.09773484343261532,-0.06478905977608489,0.040647151407627924,0.09789451455747264,-0.11392883329261078,0.05810365360955524,0.08601456979078301,-0.10285765995882486,0.2697384880388156,-0.026689040231071347,0.23082382990527264,0.12681094261492024,-0.011449672363275801,-0.030303928940121197,-0.055717503771690886,-0.05791328122193308,-0.0667107937008744,-0.036173521680163606,0.25337399407847255,0.042508898836506666,-0.08680494985305766,0.10133967288211101,-0.024243812194869013,0.040171812637025635,-0.03437441701347941,-0.08465359436078326,-0.07544669237481873,0.07443968421073949,1.0,-0.06058863359090597,-0.027223960372924853,-0.11016200860439498,0.08385076379079776,-0.08986768044421067,-0.07890921529523517,-0.09860861993575386
36,-0.07517074541495991,0.09288933064172072,-0.0841991015281908,-0.06633629035534894,-0.0821282398548658,-0.06734771655729735,-0.06854698043683802,-0.06221548852214458,-0.005537408403772977,-0.081414514991554,-0.0017826923023789775,0.039615169454870536,-0.06492924620571966,-0.0821289211496639,-0.07452041067731964,-0.0713172508922589,-0.01666716304460398,-0.06786726300585269,-0.017160120785175044,-0.0022354634933115735,0.12140420337688894,-0.04268020033744918,-0.05403177264709131,0.018088656207382866,-0.05203927718621899,-0.06462900537526653,-0.12324802043888264,0.09813405441390252,-0.08975877568315385,-0.07316594211418895,-0.03166727030877741,-0.011709872087668556,-0.05277100993103327,-0.06388119753630182,0.00815082920678966,-0.06058863359090597,1.0,-0.10275351453414469,0.3029220650849518,-0.005529092085676414,0.13642923472079288,-0.06142608984984115,0.0671491949484794
37,0.06837935622602759,-0.050788868107602844,0.04952577286517723,0.06759056893130783,0.07433173193782192,0.2985887255047466,0.22614912626535735,-0.02003330734406806,-0.057754842168252815,0.11721256009788303,0.043083863885203244,-0.1062551689278465,-0.11310026761072317,0.06733461119099454,-0.04863568927928949,0.008468356240630005,-0.014725778685962516,0.37994765583198314,-0.07279677968520903,-0.004617495547377338,-0.13052906401789693,-0.04257881260043682,0.2942890746636414,-0.08188245421135298,0.003623173447120346,0.14133786601848816,0.1961269663510204,-0.03621051579202027,0.14657340060164153,-0.07055087027780024,-0.024490863970972596,-0.02852306316403643,-0.11142425816722798,0.2578171951325867,-0.1474777957508806,-0.027223960372924853,-0.10275351453414469,1.0,-0.11991425821910287,-0.004094038947223567,-0.0849835543347656,0.3181925080755918,-0.08565521696225951
38,-0.09750799277505115,0.0056178423264619075,-0.11358632134427579,-0.06712174151222242,-0.08630846316188676,-0.07569991031223512,-0.0742487409755204,-0.07483622552725108,-0.03636417642465695,-0.11554244512560762,-0.11233281274810755,0.08923620075100402,-0.08020416680609171,-0.11206449516281038,-0.07196084714738074,-0.09814128019136947,-0.02177621668851689,-0.10394843509625243,-0.03836010060061547,-0.011778578044792248,0.07024540306068808,-0.041621682054099954,-0.05993721048089833,0.009061466753720049,-0.05611892381313267,-0.0835661963430841,-0.14583689857972573,0.18736938446590207,-0.1459136721315502,-0.10339310464073634,-0.035812187670054035,-0.017072765905938078,-0.07688965329751046,-0.08768829389857566,-0.03553834949729305,-0.11016200860439498,0.3029220650849518,-0.11991425821910287,1.0,-0.017632281015437165,0.30102023176940274,-0.0758716046162885,0.06078245541775919
39,-0.014618108637476594,0.005696372132111209,-0.015790872334192144,-0.01604660851423638,-0.008299503849138063,-0.003420491643611937,-0.012414634627347838,-0.017795201576008418,-0.01135886271928594,-0.02132927435405186,0.004864315157864868,-0.015412883079520543,0.001288322075606699,0.013417065056291172,-0.017662141095093564,0.04075667903260173,-0.0024303612145340934,0.01884296716166878,-0.010454456792026234,0.0014082569643498644,-0.013053847807050697,-0.007187584805180057,-0.003392814929182227,-0.01763830467856593,-0.00510920756074265,0.019026182829952876,-0.015637033339264018,-0.01629435317961115,0.007092599606386238,-0.008121404011707155,-0.0034199444726258905,-0.006042848281926971,-0.021126678079771942,-0.014972545135340038,-0.004487328619687839,0.08385076379079776,-0.005529092085676414,-0.004094038947223567,-0.017632281015437165,1.0,-0.0075120435792000615,-0.016694894013098323,-0.016275175612124708
40,-0.05181736397525427,0.30802993368945164,-0.09391057191364813,-0.04099010065206332,-0.06067079635954771,-0.05486221077513288,-0.0526030727785867,-0.05411301920082391,0.026506079240533338,-0.09873232473049871,-0.042141398767761004,0.2627504548242686,-0.05506890580744219,-0.08988017085008845,-0.04991457929673812,-0.08989380314236076,-0.01293829482787828,-0.08709263641305871,-0.030838652902463702,-0.007143986969677006,0.08446082073862543,-0.029475772047457053,-0.0425447553354142,0.12660332445361708,-0.03973980769776746,-0.058612428766071825,-0.1065460393154786,0.07094293540884306,-0.0977141444217804,-0.06880720157526193,-0.025797522864477826,0.0856273434864224,-0.03737137356084218,-0.06249161596698195,-0.07925623664819163,-0.08986768044421067,0.13642923472079288,-0.0849835543347656,0.30102023176940274,-0.0075120435792000615,1.0,-0.05305748136396782,-0.025257557534800912
41,-0.03349196847251969,-0.03959022575801908,0.15804120122150794,-0.04733271068623136,-0.047925486640437893,0.5100815706487958,0.07922488082756365,0.02448765671359443,-0.032506713665065745,0.3057639612755454,0.0016207587743253347,-0.06352119617103259,-0.0542783716927998,-0.09317096865509722,-0.0032293136640186965,-0.04663900166459722,-0.01608457969118904,0.25390179918997063,-0.038185210327868965,-0.008372687857227522,-0.06306632525782227,-0.025664158136514285,0.06811586751720503,0.03667416423733769,-0.031078141871025717,0.033443455429821634,0.21402131282870307,-0.04034014245302041,0.06929472587949573,0.0017025209073300018,-0.0169746569678138,-0.02034908781934898,0.015074140188714174,0.12068718002776432,-0.0838275516075506,-0.07890921529523517,-0.06142608984984115,0.3181925080755918,-0.0758716046162885,-0.016694894013098323,-0.05305748136396782,1.0,-0.07179116338669528
42,-0.0005619203875615666,0.05668252695987833,-0.12063563852489562,0.07028931490274799,-0.014334154739677786,-0.07163104164417927,-0.05822185704635661,0.09397678471950413,-0.00032143103344322264,-0.12312934901763353,-0.04442273729206743,0.11679454060646993,-0.08365116312364027,-0.08642566482330849,0.06268176950348861,-0.10946933158308328,0.037503540316207985,-0.09895556361111096,-0.04888666824620765,-0.009570725861487767,-0.06048417812858285,0.06377374389078116,-0.04102122739365943,-0.04590143501106546,0.04761934572746954,-0.07273724168418519,-0.09738861067569023,0.5392910249880528,-0.10814768577728884,-0.09418450680386087,-0.02882045613538134,0.036614121238112474,-0.0011212225027893126,-0.07210930846672209,-0.10930611080808195,-0.09860861993575386,0.0671491949484794,-0.08565521696225951,0.06078245541775919,-0.016275175612124708,-0.025257557534800912,-0.07179116338669528,1.0
