,0,1,2,3,4,5,6,7,8,9,10,11,12,13,14,15,16,17,18,19,20,21,22,23,24,25,26,27,28,29,30,31,32,33,34,35,36,37,38,39,40,41,42,43
0,1.0,0.003613482243149921,0.01509190105628549,0.21743385029160334,-0.028800341052396847,-0.06604129187026149,0.06247346710881202,0.2550608015767226,0.15272317155167137,0.004669827703432646,0.23087642114252166,0.009990904901848126,-0.07096483854046712,-0.10840911154577554,0.5405261346133201,-0.11634040954864813,0.03923121840447576,-0.028226378703850967,-0.05025437468286865,-0.014118508179232202,0.014512273207114207,0.07413612283289406,-0.0017887713428237284,0.03291174760965735,0.15238314795046562,-0.06817280637057167,-0.07546817667980676,-0.06454986646853761,-0.09163225111351517,-0.08641833810730534,-0.037838838089552324,-0.0006563414572573634,0.09453451241592636,-0.12238858097277541,-0.1001768807861472,-0.08560686260572434,-0.07567432905244306,0.11837688252935119,-0.09959173177614336,-0.015774243629544642,-0.05094198681162718,0.04378967944292673,-0.006979920255107602,0.18343353578344485
1,0.003613482243149921,1.0,-0.02614601267367793,-0.021392780948988502,-0.05375301435040481,-0.04193750344458798,-0.03710380027236366,-0.021845311611643353,0.04363389622869232,-0.07306742925028234,0.0663989774472872,0.22368533477134375,-0.04443234006961666,-0.06659532879364946,-0.007712016517918176,-0.07924782940290173,0.018968078109318824,-0.04360122147972406,-0.024213459919761635,-0.005769370363715312,0.016848914737063066,-0.016195849308699835,-0.033448156280721064,0.0056059861355332785,0.0009627247900341491,-0.03886734782136436,-0.05106914386339295,0.21353130708107096,-0.057105751415722585,-0.053074396856905015,-0.018338650015613786,0.13045437213743466,0.02057013306411831,-0.0687082992083004,-0.06991561265438907,-0.06535984046789572,0.09221409802462341,-0.056809064448388756,0.004938674961761029,0.005616753274969575,0.3078058760215642,-0.02862248451605084,0.058231393313660985,-0.029623519548988883
2,0.01509190105628549,-0.02614601267367793,1.0,-0.09675512958377139,-0.11007600382841191,0.023580484708665393,-0.08125925201738435,0.05233668304505827,0.058314435103014504,0.26555574084939426,-0.06104801464860321,0.03013564083989874,0.1554142995861591,-0.14895228330159876,-0.1217408504323014,0.26340783198851636,-0.006682276184904188,0.08239968510329668,0.056586494043404004,-0.015157409574585043,0.218406710001604,-0.050675105517986166,-0.059113110461842776,0.15358357377836662,-0.04035662167279608,-0.020462889413258183,-0.00779819865015762,-0.07130062498495443,0.12969310097175313,0.2242653834404595,-0.01054322104379805,-0.030425147373241687,0.23252500794773368,-0.053525237613287716,0.12363344070532527,-0.035413453479596915,-0.059537506602882276,-0.12497579389596901,-0.0992937139755603,-0.02723911429363282,-0.03644397465860952,-0.06057791337529675,-0.09081042504127664,-0.05801598179426039
3,0.21743385029160334,-0.021392780948988502,-0.09675512958377139,1.0,0.22411625120869436,-0.05502823835446409,0.43599349967135553,0.06261059932730453,-0.028463901300903337,-0.05610327132151688,0.12916242735793404,-0.0718707156377152,-0.07680486562678218,-0.07013422102233745,0.3477637268944406,-0.11174346772949509,0.00796712103574227,-0.03583416362694923,-0.0599744856968506,-0.008737556467386293,-0.0945617617954797,0.27929684513834546,0.10665668468920289,-0.021347737432026406,0.23184345037490978,0.008340789164446236,-0.05886663239873736,-0.0468352968072584,-0.045415972094914006,-0.06959765888833508,-0.03009640799359275,-0.017239187560613788,-0.059825736796652144,-0.10418844679333239,-0.11527522887250868,-0.019016159614268592,-0.08351314118227257,0.10221139919602201,-0.08717711427605446,-0.007446409454883856,-0.061435869197621146,0.16101296294942405,-0.016309521029837078,0.07805362869608232
4,-0.028800341052396847,-0.05375301435040481,-0.11007600382841191,0.22411625120869436,1.0,0.03985966441402036,0.4062660909119924,-0.029135846268394598,-0.051833037455093975,-0.06191270847354925,-0.042281030335010114,-0.08739259037378105,-0.08929486806289835,0.24986976000739455,0.08809334185404458,-0.06081554310822912,-0.01746316164361052,0.025761670736048188,-0.06363464480654789,0.014330748172846908,-0.11158270009113938,0.05953656687505761,0.422349329184463,-0.05227326150663984,0.06954530063556097,0.27530907738087934,0.20639200258460066,-0.054823654679086314,0.13766493283194436,0.3177762322467365,-0.02355922525937404,-0.02543352795965584,-0.07073842966545597,-0.09838229478914834,-0.14684540991515915,0.04552791731107603,-0.08264774399545785,0.22539263996045394,-0.10244580924925738,-0.006618904357474883,-0.07221022815851211,0.41408882756211224,-0.07725771599795929,0.05489027028864098
5,-0.06604129187026149,-0.04193750344458798,0.023580484708665393,-0.05502823835446409,0.03985966441402036,1.0,0.0160051401066838,-0.04117254385810843,-0.04115266653713549,0.3359357892048328,-0.044430543247783894,-0.0720842283774957,-0.06089010078683306,-0.0314392530650415,-0.08841627200247137,0.21150144001868787,-0.017943089357019267,0.5589528647500925,-0.03859090058260672,-0.00840758395083366,-0.07177007435202439,-0.0345011298213307,0.19456641249946444,-0.02073444491225648,-0.04199149879358499,0.1511938811947706,0.17509900981169577,-0.04350457144000779,0.10733905486540088,-0.014668549525954694,-0.009398743828967661,-0.021572353035993454,-0.05439824967403745,-0.010719151822177643,-0.07048620252700791,0.18534261653107034,-0.06790604430523592,0.28562101423502106,-0.077157886064422,-0.005211081994508907,-0.05600793301340362,0.005884846694152197,-0.07228170261125635,-0.05267453606711094
6,0.06247346710881202,-0.03710380027236366,-0.08125925201738435,0.43599349967135553,0.4062660909119924,0.0160051401066838,1.0,0.06007569410415992,-0.037039239035807484,-0.03078220479041472,0.004692345592016881,-0.06410486808700339,-0.06842451710315123,-0.06807703356754558,0.19067680908919749,-0.042275145706790966,-0.015075261610434449,0.08996946294994171,-0.04963264658567899,-0.003964049973186409,-0.07798825852511457,0.031255178806554165,0.25617446774820835,-0.032202199602633735,0.09901877160878433,0.08674149604761118,0.0594889801302208,-0.030058868387177678,-0.01399321218792561,-0.032573152791443974,-0.025005006060978663,-0.018287284255871065,-0.05628571460003765,-0.07777996590215688,-0.10473876645680216,0.005120304146339086,-0.06622693101085973,0.18711157003855522,-0.07107569471796657,-0.012949559653937964,-0.050383585659156294,0.21464407714277642,-0.05450846642564611,0.044063394965001404
7,0.2550608015767226,-0.021845311611643353,0.05233668304505827,0.06261059932730453,-0.029135846268394598,-0.04117254385810843,0.06007569410415992,1.0,-0.00040333842336353286,-0.029713504522697717,0.09414739803608238,0.01919389409278597,-0.06798510810517384,-0.109690463584198,0.1555322240835948,-0.08374806047923845,0.14242983748449317,0.033133473938905915,-0.028202459417683998,-0.011837999658445814,-0.054613213190595214,0.0037857524428818704,0.0032985867216636464,-0.029749781423688053,0.11815095511722869,-0.04330958261407087,-0.03094674806902421,-0.04124634546782115,-0.06928353559052697,-0.016863897155723694,-0.02555849161894301,-0.009528562476982421,0.30373106272604866,-0.10527295104817881,-0.10902715538899178,-0.10306500476682204,-0.06370264799553818,-0.003981306568189083,-0.07686906368137253,-0.018280978889219923,-0.05532665018555078,-0.009660632124885903,0.08990956260166566,0.22075807353130122
8,0.15272317155167137,0.04363389622869232,0.058314435103014504,-0.028463901300903337,-0.051833037455093975,-0.04115266653713549,-0.037039239035807484,-0.00040333842336353286,1.0,-0.05173990922510864,0.017188070306400207,0.21952335954913405,-0.04362835147874777,-0.0732530760980636,-0.014273900478572573,-0.062353305324600525,0.045575453875420814,-0.03585977582990858,-0.022064118138234168,-0.007325382423955893,0.128815712562307,-0.007245890040450452,-0.02976798587788549,0.06684786817260654,0.00016128452691997405,-0.041256326542065104,-0.037226166032382484,-0.03805517015325701,-0.04975398816822424,-0.025949914138429737,-0.020327305312034517,0.008988627685975262,0.3530599739530643,-0.07247307634837008,-0.06593949721074004,-0.07548822287367166,-0.0039091871704724866,-0.060849886141138586,-0.03623922347133128,-0.011523877626234958,0.02954549112365406,-0.01657476823238803,-0.002452527563403443,0.023913418807491874
9,0.004669827703432646,-0.07306742925028234,0.26555574084939426,-0.05610327132151688,-0.06191270847354925,0.3359357892048328,-0.03078220479041472,-0.029713504522697717,-0.05173990922510864,1.0,0.10059355975863446,-0.132712129813707,0.19884579542013872,-0.04457314516767071,-0.028795735609100412,0.3865229146254954,-0.03134344869498513,0.3184516908579328,0.03174188432064627,-0.013835816603533549,0.10039901592919867,-0.06253817536096876,0.039015121853855514,0.10621478450538771,-0.0558762970758961,0.013291873104441757,-0.01623838807262566,-0.07943086339940474,-0.02842604839624165,0.03870043388956226,-0.01681337311863631,-0.04072674741922801,-0.05426163437644702,0.1646835615988465,0.34021869983756087,0.15973393217292292,-0.08453323903493953,0.1492157546050747,-0.11845402952922726,-0.023703054125963043,-0.0999183364366385,-0.03595460553834616,-0.12363641676224668,-0.08634878095707625
10,0.23087642114252166,0.0663989774472872,-0.06104801464860321,0.12916242735793404,-0.042281030335010114,-0.044430543247783894,0.004692345592016881,0.09414739803608238,0.017188070306400207,0.10059355975863446,1.0,-0.0785893312669558,-0.06730659287112653,-0.058835411980038325,0.327058192074504,-0.09024343736509483,0.04236047325752018,0.012481833945186736,-0.034533498139795754,-0.010272598532243816,0.019235584311634628,-0.012150973175378109,-0.01631058885513306,-0.0273874209047027,0.07053815321562011,-0.0281450663713309,-0.07330988416943951,-0.05789181791196544,-0.06611744335886004,-0.06903828974140425,-0.0283249602998603,-0.024871596768775622,0.008275059592738731,-0.07402952411493065,-0.040312511594287045,0.18629430650952597,-0.0033044447486499304,0.1297857416598807,-0.11620949152627087,0.005155576176876596,-0.0455091336028797,-0.02245716335916163,-0.04669502651597656,0.03446864112571861
11,0.009990904901848126,0.22368533477134375,0.03013564083989874,-0.0718707156377152,-0.08739259037378105,-0.0720842283774957,-0.06410486808700339,0.01919389409278597,0.21952335954913405,-0.132712129813707,-0.0785893312669558,1.0,-0.0774154145836776,-0.11808823358117557,-0.03621055410826603,-0.13329477093550723,0.02561531160480573,-0.07096108268054818,-0.012784245173851926,-0.011366159593694922,0.14834212766886068,-0.03504002142744618,-0.058621657031870174,0.05771008636299913,-0.03252535050169227,-0.06895731441485367,-0.07289408811598935,0.05495113360543909,-0.11980926371019915,-0.05756557459298544,-0.02431537310846198,0.050421658783710396,0.2548930360225026,-0.11820404368052559,-0.12142896004888173,-0.13898232529772792,0.038640368069523215,-0.1220288348332717,0.08822280731955644,-0.0160951059312683,0.2637173467876141,-0.049186141692146856,0.11711491150017365,-0.024335180477345675
12,-0.07096483854046712,-0.04443234006961666,0.1554142995861591,-0.07680486562678218,-0.08929486806289835,-0.06089010078683306,-0.06842451710315123,-0.06798510810517384,-0.04362835147874777,0.19884579542013872,-0.06730659287112653,-0.0774154145836776,1.0,0.0985998874924108,-0.11959694056593928,0.1417523091231312,-0.018690653051297502,-0.07316120692213038,0.17523463652520913,0.014329421850910599,0.11851317861561829,-0.046827026564438115,-0.06740247440568978,0.08552811519857442,-0.050478924947904076,-0.0068738891076682435,-0.08989883597473972,-0.07358110330844407,0.14671495578750804,0.0869389891884453,0.013376274556625257,-0.028706123464374615,-0.023809837221262613,0.36455206469639273,0.5429202943604973,0.03974679610450615,-0.06512630681632622,-0.1234641739134589,-0.08066897484155514,0.00013625864597749211,-0.05607515540344807,-0.05762614974096071,-0.08711455068770228,-0.07855799675828858
13,-0.10840911154577554,-0.06659532879364946,-0.14895228330159876,-0.07013422102233745,0.24986976000739455,-0.0314392530650415,-0.06807703356754558,-0.109690463584198,-0.0732530760980636,-0.04457314516767071,-0.058835411980038325,-0.11808823358117557,0.0985998874924108,1.0,-0.0788758105178787,0.052503525108516344,-0.024284038455781354,-0.08753339799324161,-0.001705386491696494,0.025219142567971364,-0.0957211937611124,-0.05786625352583907,-0.04101550485507863,-0.07165181552234019,-0.054314977520583674,0.05059485235509199,-0.06553828181996557,-0.06890262520942898,0.16439905879638558,0.38140646932042066,0.04250317157393799,-0.03555566362517171,-0.11252530046674514,0.2379229861344161,0.12012863918110245,0.067940388908406,-0.08316385159233028,0.0766515258011366,-0.11266969563283175,0.017294469238866392,-0.09123888478431294,-0.0420785936394426,-0.08805509287111937,-0.10359629626221206
14,0.5405261346133201,-0.007712016517918176,-0.1217408504323014,0.3477637268944406,0.08809334185404458,-0.08841627200247137,0.19067680908919749,0.1555322240835948,-0.014273900478572573,-0.028795735609100412,0.327058192074504,-0.03621055410826603,-0.11959694056593928,-0.0788758105178787,1.0,-0.1438931894506984,0.045834593913400036,-0.02321071761381343,-0.08187364426496607,-0.01712000979914367,-0.1075629062706294,0.19322185800281722,0.017644745622547815,-0.026479042796752023,0.19869535448086995,-0.06309382111199657,-0.07767759675108821,0.002361791190757752,-0.10433083546867461,-0.0975938347359103,-0.04397015475304826,-0.013339461434358503,-0.0382296401614594,-0.15525865831800487,-0.1565061892536576,-0.07744608534091829,-0.06902588695991041,0.1718419256307365,-0.06902707852365936,-0.016682494154664797,-0.04313860557181649,0.10033509085226364,0.06194124857975507,0.4464032191395567
15,-0.11634040954864813,-0.07924782940290173,0.26340783198851636,-0.11174346772949509,-0.06081554310822912,0.21150144001868787,-0.042275145706790966,-0.08374806047923845,-0.062353305324600525,0.3865229146254954,-0.09024343736509483,-0.13329477093550723,0.1417523091231312,0.052503525108516344,-0.1438931894506984,1.0,-0.033453908990474165,0.15240310218004255,0.07910316597677641,-0.009368367560188615,-0.0027735394536424277,-0.06102606643603703,0.018319257940749928,-0.02347067951107322,-0.07351696097024646,0.016431508429046532,0.1309805189172361,-0.08244639271413384,0.10214193551934539,0.1134424415748361,5.257896629251189e-05,-0.04033679077048974,-0.07512897202328638,0.3984340506445816,0.2273346722952654,0.1746251358068401,-0.09174681095978761,0.12754817161150958,-0.1220654787410069,-0.003127870434446213,-0.10415224615978297,-0.043806133550690775,-0.12903061299572327,-0.10012945595715017
16,0.03923121840447576,0.018968078109318824,-0.006682276184904188,0.00796712103574227,-0.01746316164361052,-0.017943089357019267,-0.015075261610434449,0.14242983748449317,0.045575453875420814,-0.03134344869498513,0.04236047325752018,0.02561531160480573,-0.018690653051297502,-0.024284038455781354,0.045834593913400036,-0.033453908990474165,1.0,-0.016741281654188908,-0.009451885523620668,-0.0029859835464746136,-0.02035663241154182,-0.0020359145297697326,-0.010093143668388531,-0.014340020751074625,0.04672358617725853,-0.013304297465245942,-0.013612468634283777,-0.006975632463696408,-0.017810851099186512,-0.012451176316056575,-0.008246228823714615,0.001686963462708161,0.03759088346085019,-0.030769027662287757,-0.03184103228507813,-0.032485552432931775,-0.016271979346687282,-0.02054944941173572,-0.021848622406200877,-0.0024335956525503646,-0.012971573534832996,-0.010524147220689728,0.038198115117954345,0.019445241772536967
17,-0.028226378703850967,-0.04360122147972406,0.08239968510329668,-0.03583416362694923,0.025761670736048188,0.5589528647500925,0.08996946294994171,0.033133473938905915,-0.03585977582990858,0.3184516908579328,0.012481833945186736,-0.07096108268054818,-0.07316120692213038,-0.08753339799324161,-0.02321071761381343,0.15240310218004255,-0.016741281654188908,1.0,-0.04536488638741393,-0.008377080456340166,-0.07575078403184772,-0.019604075744301848,0.18584352465078186,-0.011634265017564378,-0.02917513618091478,0.057422773177269223,0.18695047385125768,-0.04133703949515781,0.04738526560562062,-0.0032229886686343835,-0.018835234170126072,-0.02139290263644731,0.00037917432154139174,-0.05417710605149431,-0.09665775151964029,0.07263489737706963,-0.0675451979920711,0.326286000303676,-0.08025678535317708,-0.018308884930572533,-0.05754792179178816,0.00301352035959757,-0.07444500196806436,0.0015227437235332904
18,-0.05025437468286865,-0.024213459919761635,0.056586494043404004,-0.0599744856968506,-0.06363464480654789,-0.03859090058260672,-0.04963264658567899,-0.028202459417683998,-0.022064118138234168,0.03174188432064627,-0.034533498139795754,-0.012784245173851926,0.17523463652520913,-0.001705386491696494,-0.08187364426496607,0.07910316597677641,-0.009451885523620668,-0.04536488638741393,1.0,-0.004932253758319905,0.06220048624215618,-0.028664474115313043,-0.04100206539413125,-0.012761834626690841,-0.030828284676651153,-0.044754193463522066,-0.05091985436303388,-0.04647152606265793,0.03029015651339844,-0.010820771652793682,-0.0031647528222410975,-0.016639511211677338,0.0009397136137082385,0.15844095361062974,0.1547230522779222,0.0759663822908661,-0.015932648490530228,-0.08759813631606941,-0.03846732613458543,-0.011524942015555598,-0.031146364521221628,-0.0363518107404876,-0.04831032915748433,-0.04105369888663861
19,-0.014118508179232202,-0.005769370363715312,-0.015157409574585043,-0.008737556467386293,0.014330748172846908,-0.00840758395083366,-0.003964049973186409,-0.011837999658445814,-0.007325382423955893,-0.013835816603533549,-0.010272598532243816,-0.011366159593694922,0.014329421850910599,0.025219142567971364,-0.01712000979914367,-0.009368367560188615,-0.0029859835464746136,-0.008377080456340166,-0.004932253758319905,1.0,-0.012297327454493166,-0.005998601851292902,0.006825025439517907,-0.008944231515636128,-0.007284102441274184,-0.003558695036679251,0.018303825606774942,-0.00832880732453791,-0.0055816830385007205,0.002494656509274519,-0.000876241031932495,-0.0036630577491750024,-0.011489876066547788,0.0038509949082753117,-0.0058335475679728195,-0.015227122817843225,-0.0012571406817140352,-0.006257894756245016,-0.011541056280419609,-0.0021623307986691816,-0.006991977762699828,0.039621127106144904,-0.009025972816799068,-0.010139828797251423
20,0.014512273207114207,0.016848914737063066,0.218406710001604,-0.0945617617954797,-0.11158270009113938,-0.07177007435202439,-0.07798825852511457,-0.054613213190595214,0.128815712562307,0.10039901592919867,0.019235584311634628,0.14834212766886068,0.11851317861561829,-0.0957211937611124,-0.1075629062706294,-0.0027735394536424277,-0.02035663241154182,-0.07575078403184772,0.06220048624215618,-0.012297327454493166,1.0,-0.04370317571780427,-0.06310332810759,0.4200623624515721,-0.05865982969365117,-0.0873314837574678,-0.09929895382250747,-0.052262908140966166,-0.049041910897163844,-0.05288070387415636,-0.030426303298032892,-0.025425822548014912,0.10276444188728803,0.003902804830389847,0.33107866973182876,-0.04943065249768997,0.11883140626436775,-0.14942638198761637,0.06753916107110175,-0.014487367914410531,0.08538912349615913,-0.06009794376653559,-0.06045333419700616,-0.04505946997583525
21,0.07413612283289406,-0.016195849308699835,-0.050675105517986166,0.27929684513834546,0.05953656687505761,-0.0345011298213307,0.031255178806554165,0.0037857524428818704,-0.007245890040450452,-0.06253817536096876,-0.012150973175378109,-0.03504002142744618,-0.046827026564438115,-0.05786625352583907,0.19322185800281722,-0.06102606643603703,-0.0020359145297697326,-0.019604075744301848,-0.028664474115313043,-0.005998601851292902,-0.04370317571780427,1.0,0.007557454221102804,-0.028173513653014574,0.6489029085918449,-0.035025288978107555,-0.027258684902839413,-0.02731856593812284,-0.02465463337199831,-0.046810122475686444,-0.015905320926861994,-0.0018939615768321378,-0.015081103876776964,-0.05683962279237935,-0.06116342615866935,-0.06701771440792949,-0.04281906960308034,-0.04016831532523456,-0.04161843759966392,-0.007508845980216819,-0.029529879576334742,0.041819093739372884,0.06256833011040165,0.17750216778118993
22,-0.0017887713428237284,-0.033448156280721064,-0.059113110461842776,0.10665668468920289,0.422349329184463,0.19456641249946444,0.25617446774820835,0.0032985867216636464,-0.02976798587788549,0.039015121853855514,-0.01631058885513306,-0.058621657031870174,-0.06740247440568978,-0.04101550485507863,0.017644745622547815,0.018319257940749928,-0.010093143668388531,0.18584352465078186,-0.04100206539413125,0.006825025439517907,-0.06310332810759,0.007557454221102804,1.0,-0.022775458720737655,-0.0016361616664306755,0.260158437090434,0.23148580836879235,-0.01606384846486206,0.25947247279821706,-0.018354477693340723,-0.018873392913093274,-0.017007065197034564,-0.027804922559614247,-0.05492570811716757,-0.09082227237231981,0.1893954638115765,-0.05618551912805412,0.2905246123889949,-0.06451812299205349,-0.005442619975440352,-0.0457099316386223,0.5499528747205421,-0.04274213356044079,0.037574921468908104
23,0.03291174760965735,0.0056059861355332785,0.15358357377836662,-0.021347737432026406,-0.05227326150663984,-0.02073444491225648,-0.032202199602633735,-0.029749781423688053,0.06684786817260654,0.10621478450538771,-0.0273874209047027,0.05771008636299913,0.08552811519857442,-0.07165181552234019,-0.026479042796752023,-0.02347067951107322,-0.014340020751074625,-0.011634265017564378,-0.012761834626690841,-0.008944231515636128,0.4200623624515721,-0.028173513653014574,-0.022775458720737655,1.0,-0.026938546881507357,-0.0406810367911407,-0.04906509080094517,-0.020155659304954433,-0.06217977974221798,-0.039714247237427336,-0.018085517086216276,-0.014051156061807653,-0.0028418798236784504,-0.05006519798953512,0.038697686731866736,-0.05612289732945336,0.022498380322338557,-0.046415418137392445,0.027448636776156964,-0.01278216618758124,0.14060194247830848,-0.019669673663637633,-0.03144146274040367,-0.044027363644801615
24,0.15238314795046562,0.0009627247900341491,-0.04035662167279608,0.23184345037490978,0.06954530063556097,-0.04199149879358499,0.09901877160878433,0.11815095511722869,0.00016128452691997405,-0.0558762970758961,0.07053815321562011,-0.03252535050169227,-0.050478924947904076,-0.054314977520583674,0.19869535448086995,-0.07351696097024646,0.04672358617725853,-0.02917513618091478,-0.030828284676651153,-0.007284102441274184,-0.05865982969365117,0.6489029085918449,-0.0016361616664306755,-0.026938546881507357,1.0,0.018113861134604416,-0.031091350666376392,-0.03980746660528811,-0.030497973181789317,-0.02271229500973389,-0.018549444443839734,-0.006187522183034694,0.011246761993484832,-0.0715881696044184,-0.07408444165190473,-0.042212373608513376,-0.05182060238010972,0.019538094912080764,-0.056041033935576426,-0.0048564665141662,-0.03962154100307329,0.02353614485801238,0.04697992896954217,0.170589350532814
25,-0.06817280637057167,-0.03886734782136436,-0.020462889413258183,0.008340789164446236,0.27530907738087934,0.1511938811947706,0.08674149604761118,-0.04330958261407087,-0.041256326542065104,0.013291873104441757,-0.0281450663713309,-0.06895731441485367,-0.0068738891076682435,0.05059485235509199,-0.06309382111199657,0.016431508429046532,-0.013304297465245942,0.057422773177269223,-0.044754193463522066,-0.003558695036679251,-0.0873314837574678,-0.035025288978107555,0.260158437090434,-0.0406810367911407,0.018113861134604416,1.0,0.13132568578708315,-0.060088720327889374,0.12436946714672453,0.21597575303417002,-0.013760491174383084,-0.021877021227012336,-0.04404734960055648,-0.05701277955331106,-0.10194661592817535,0.47288698984554733,-0.0635843095634473,0.10074560745317677,-0.08192016527756232,0.018170968849562017,-0.05793850485591098,0.07996162694333267,-0.07060328551219121,-0.057455885227056316
26,-0.07546817667980676,-0.05106914386339295,-0.00779819865015762,-0.05886663239873736,0.20639200258460066,0.17509900981169577,0.0594889801302208,-0.03094674806902421,-0.037226166032382484,-0.01623838807262566,-0.07330988416943951,-0.07289408811598935,-0.08989883597473972,-0.06553828181996557,-0.07767759675108821,0.1309805189172361,-0.013612468634283777,0.18695047385125768,-0.05091985436303388,0.018303825606774942,-0.09929895382250747,-0.027258684902839413,0.23148580836879235,-0.04906509080094517,-0.031091350666376392,0.13132568578708315,1.0,-0.05401039273122689,0.1727420902331454,0.11153239513405153,-0.01993315167267274,-0.02488237480463732,-0.03506981143937724,-0.081292748679616,-0.11278587958669165,-0.005977397581303408,-0.06985017371462109,0.2696642920445473,-0.09432546469072152,-0.016895703936742154,-0.06776160612322576,0.2290942391732108,-0.07707430454038218,-0.02111291563948752
27,-0.06454986646853761,0.21353130708107096,-0.07130062498495443,-0.0468352968072584,-0.054823654679086314,-0.04350457144000779,-0.030058868387177678,-0.04124634546782115,-0.03805517015325701,-0.07943086339940474,-0.05789181791196544,0.05495113360543909,-0.07358110330844407,-0.06890262520942898,0.002361791190757752,-0.08244639271413384,-0.006975632463696408,-0.04133703949515781,-0.04647152606265793,-0.00832880732453791,-0.052262908140966166,-0.02731856593812284,-0.01606384846486206,-0.020155659304954433,-0.03980746660528811,-0.060088720327889374,-0.05401039273122689,1.0,-0.08844932365566813,-0.07296731870705932,-0.02786442083440061,0.19081039138327432,-0.055251148482655305,-0.08330892965617365,-0.07890025636543832,-0.09476183008272422,0.09696263391364732,-0.05119816839331,0.1864485419049835,-0.017202632485175826,0.0710186929102176,-0.023062739305639166,0.5411249090067165,-0.04831696407518179
28,-0.09163225111351517,-0.057105751415722585,0.12969310097175313,-0.045415972094914006,0.13766493283194436,0.10733905486540088,-0.01399321218792561,-0.06928353559052697,-0.04975398816822424,-0.02842604839624165,-0.06611744335886004,-0.11980926371019915,0.14671495578750804,0.16439905879638558,-0.10433083546867461,0.10214193551934539,-0.017810851099186512,0.04738526560562062,0.03029015651339844,-0.0055816830385007205,-0.049041910897163844,-0.02465463337199831,0.25947247279821706,-0.06217977974221798,-0.030497973181789317,0.12436946714672453,0.1727420902331454,-0.08844932365566813,1.0,0.13162759158150167,0.049506169169338664,-0.03843361822956168,-0.0610596421332714,0.10634353888396905,0.07963680252614878,0.1292996405875479,-0.09116827288646423,0.06086432484462699,-0.14699379530259193,0.015775979258561567,-0.10074997121217731,0.06161958659263883,-0.10589101237096679,-0.044464224792162485
29,-0.08641833810730534,-0.053074396856905015,0.2242653834404595,-0.06959765888833508,0.3177762322467365,-0.014668549525954694,-0.032573152791443974,-0.016863897155723694,-0.025949914138429737,0.03870043388956226,-0.06903828974140425,-0.05756557459298544,0.0869389891884453,0.38140646932042066,-0.0975938347359103,0.1134424415748361,-0.012451176316056575,-0.0032229886686343835,-0.010820771652793682,0.002494656509274519,-0.05288070387415636,-0.046810122475686444,-0.018354477693340723,-0.039714247237427336,-0.02271229500973389,0.21597575303417002,0.11153239513405153,-0.07296731870705932,0.13162759158150167,1.0,-0.013398112807399562,-0.02755606565868607,0.02115652122495563,0.024014600546706864,0.06466927239162575,0.02336582994427902,-0.07328128915211743,-0.07084959208661935,-0.10380774331316286,-0.008296724281300218,-0.06967544860303516,0.006442671562508717,-0.09414832895986167,-0.07286528892686005
30,-0.037838838089552324,-0.018338650015613786,-0.01054322104379805,-0.03009640799359275,-0.02355922525937404,-0.009398743828967661,-0.025005006060978663,-0.02555849161894301,-0.020327305312034517,-0.01681337311863631,-0.0283249602998603,-0.02431537310846198,0.013376274556625257,0.04250317157393799,-0.04397015475304826,5.257896629251189e-05,-0.008246228823714615,-0.018835234170126072,-0.0031647528222410975,-0.000876241031932495,-0.030426303298032892,-0.015905320926861994,-0.018873392913093274,-0.018085517086216276,-0.018549444443839734,-0.013760491174383084,-0.01993315167267274,-0.02786442083440061,0.049506169169338664,-0.013398112807399562,1.0,-0.008935466941475397,-0.015420169126536574,0.018101257440482934,-0.0033367300623627105,0.013828253319597215,-0.031232978259506744,-0.029324768288550195,-0.03566552777557685,-0.002572992951152633,-0.025796318247230977,-0.02005525028004205,-0.028646112564358388,-0.027499555453323426
31,-0.0006563414572573634,0.13045437213743466,-0.030425147373241687,-0.017239187560613788,-0.02543352795965584,-0.021572353035993454,-0.018287284255871065,-0.009528562476982421,0.008988627685975262,-0.04072674741922801,-0.024871596768775622,0.050421658783710396,-0.028706123464374615,-0.03555566362517171,-0.013339461434358503,-0.04033679077048974,0.001686963462708161,-0.02139290263644731,-0.016639511211677338,-0.0036630577491750024,-0.025425822548014912,-0.0018939615768321378,-0.017007065197034564,-0.014051156061807653,-0.006187522183034694,-0.021877021227012336,-0.02488237480463732,0.19081039138327432,-0.03843361822956168,-0.02755606565868607,-0.008935466941475397,1.0,-0.007516402181941711,-0.03537213707224581,-0.03766989812579026,-0.041673488973510725,-0.012243172955088174,-0.03222081704862331,-0.01727114698295272,-0.006202852462874175,0.08565186786775873,-0.012375803735902207,0.03643606193644636,-0.011464998546967193
32,0.09453451241592636,0.02057013306411831,0.23252500794773368,-0.059825736796652144,-0.07073842966545597,-0.05439824967403745,-0.05628571460003765,0.30373106272604866,0.3530599739530643,-0.05426163437644702,0.008275059592738731,0.2548930360225026,-0.023809837221262613,-0.11252530046674514,-0.0382296401614594,-0.07512897202328638,0.03759088346085019,0.00037917432154139174,0.0009397136137082385,-0.011489876066547788,0.10276444188728803,-0.015081103876776964,-0.027804922559614247,-0.0028418798236784504,0.011246761993484832,-0.04404734960055648,-0.03506981143937724,-0.055251148482655305,-0.0610596421332714,0.02115652122495563,-0.015420169126536574,-0.007516402181941711,1.0,-0.1041735618231406,-0.09055141256527584,-0.1112927490645996,-0.052478270187152384,-0.10909102193107775,-0.07010403976924548,-0.019511620188725265,-0.0359686004489765,-0.03940645600214705,0.006383196761379957,0.11988159543724422
33,-0.12238858097277541,-0.0687082992083004,-0.053525237613287716,-0.10418844679333239,-0.09838229478914834,-0.010719151822177643,-0.07777996590215688,-0.10527295104817881,-0.07247307634837008,0.1646835615988465,-0.07402952411493065,-0.11820404368052559,0.36455206469639273,0.2379229861344161,-0.15525865831800487,0.3984340506445816,-0.030769027662287757,-0.05417710605149431,0.15844095361062974,0.0038509949082753117,0.003902804830389847,-0.05683962279237935,-0.05492570811716757,-0.05006519798953512,-0.0715881696044184,-0.05701277955331106,-0.081292748679616,-0.08330892965617365,0.10634353888396905,0.024014600546706864,0.018101257440482934,-0.03537213707224581,-0.1041735618231406,1.0,0.4543795658991654,0.24897395570110625,-0.0706245383433777,-0.016898428222715804,-0.09969070657285656,0.047766962135958206,-0.09097428520743928,-0.06608288050723599,-0.10880292651458129,-0.10111384992786301
34,-0.1001768807861472,-0.06991561265438907,0.12363344070532527,-0.11527522887250868,-0.14684540991515915,-0.07048620252700791,-0.10473876645680216,-0.10902715538899178,-0.06593949721074004,0.34021869983756087,-0.040312511594287045,-0.12142896004888173,0.5429202943604973,0.12012863918110245,-0.1565061892536576,0.2273346722952654,-0.03184103228507813,-0.09665775151964029,0.1547230522779222,-0.0058335475679728195,0.33107866973182876,-0.06116342615866935,-0.09082227237231981,0.038697686731866736,-0.07408444165190473,-0.10194661592817535,-0.11278587958669165,-0.07890025636543832,0.07963680252614878,0.06466927239162575,-0.0033367300623627105,-0.03766989812579026,-0.09055141256527584,0.4543795658991654,1.0,0.04178837739283591,0.004907747044817761,-0.1623696398107724,-0.04023492704638282,-0.0050299482151440165,-0.0834269235457741,-0.07754811464910813,-0.11099910695064519,-0.10751233811863649
35,-0.08560686260572434,-0.06535984046789572,-0.035413453479596915,-0.019016159614268592,0.04552791731107603,0.18534261653107034,0.005120304146339086,-0.10306500476682204,-0.07548822287367166,0.15973393217292292,0.18629430650952597,-0.13898232529772792,0.03974679610450615,0.067940388908406,-0.07744608534091829,0.1746251358068401,-0.032485552432931775,0.07263489737706963,0.0759663822908661,-0.015227122817843225,-0.04943065249768997,-0.06701771440792949,0.1893954638115765,-0.05612289732945336,-0.042212373608513376,0.47288698984554733,-0.005977397581303408,-0.09476183008272422,0.1292996405875479,0.02336582994427902,0.013828253319597215,-0.041673488973510725,-0.1112927490645996,0.24897395570110625,0.04178837739283591,1.0,-0.07188271674990523,0.1395829075434995,-0.13040107135009335,0.049781962025342304,-0.10835841224059545,0.03215230902496551,-0.11654600870921827,-0.11590459218039911
36,-0.07567432905244306,0.09221409802462341,-0.059537506602882276,-0.08351314118227257,-0.08264774399545785,-0.06790604430523592,-0.06622693101085973,-0.06370264799553818,-0.0039091871704724866,-0.08453323903493953,-0.0033044447486499304,0.038640368069523215,-0.06512630681632622,-0.08316385159233028,-0.06902588695991041,-0.09174681095978761,-0.016271979346687282,-0.0675451979920711,-0.015932648490530228,-0.0012571406817140352,0.11883140626436775,-0.04281906960308034,-0.05618551912805412,0.022498380322338557,-0.05182060238010972,-0.0635843095634473,-0.06985017371462109,0.09696263391364732,-0.09116827288646423,-0.07328128915211743,-0.031232978259506744,-0.012243172955088174,-0.052478270187152384,-0.0706245383433777,0.004907747044817761,-0.07188271674990523,1.0,-0.11916394564290328,0.3013484472794649,-0.006125137695347925,0.13485117989893694,-0.05029749052814056,0.06803642302321117,-0.07285387604771487
37,0.11837688252935119,-0.056809064448388756,-0.12497579389596901,0.10221139919602201,0.22539263996045394,0.28562101423502106,0.18711157003855522,-0.003981306568189083,-0.060849886141138586,0.1492157546050747,0.1297857416598807,-0.1220288348332717,-0.1234641739134589,0.0766515258011366,0.1718419256307365,0.12754817161150958,-0.02054944941173572,0.326286000303676,-0.08759813631606941,-0.006257894756245016,-0.14942638198761637,-0.04016831532523456,0.2905246123889949,-0.046415418137392445,0.019538094912080764,0.10074560745317677,0.2696642920445473,-0.05119816839331,0.06086432484462699,-0.07084959208661935,-0.029324768288550195,-0.03222081704862331,-0.10909102193107775,-0.016898428222715804,-0.1623696398107724,0.1395829075434995,-0.11916394564290328,1.0,-0.1392107985563698,-0.008746720508566957,-0.09957637461363683,0.07806953155457058,-0.09858695515230503,-0.059217517111037954
38,-0.09959173177614336,0.004938674961761029,-0.0992937139755603,-0.08717711427605446,-0.10244580924925738,-0.077157886064422,-0.07107569471796657,-0.07686906368137253,-0.03623922347133128,-0.11845402952922726,-0.11620949152627087,0.08822280731955644,-0.08066897484155514,-0.11266969563283175,-0.06902707852365936,-0.1220654787410069,-0.021848622406200877,-0.08025678535317708,-0.03846732613458543,-0.011541056280419609,0.06753916107110175,-0.04161843759966392,-0.06451812299205349,0.027448636776156964,-0.056041033935576426,-0.08192016527756232,-0.09432546469072152,0.1864485419049835,-0.14699379530259193,-0.10380774331316286,-0.03566552777557685,-0.01727114698295272,-0.07010403976924548,-0.09969070657285656,-0.04023492704638282,-0.13040107135009335,0.3013484472794649,-0.1392107985563698,1.0,-0.018538517656621612,0.29938648960770875,-0.05460062382045809,0.06206936419570146,-0.06988104786793718
39,-0.015774243629544642,0.005616753274969575,-0.02723911429363282,-0.007446409454883856,-0.006618904357474883,-0.005211081994508907,-0.012949559653937964,-0.018280978889219923,-0.011523877626234958,-0.023703054125963043,0.005155576176876596,-0.0160951059312683,0.00013625864597749211,0.017294469238866392,-0.016682494154664797,-0.003127870434446213,-0.0024335956525503646,-0.018308884930572533,-0.011524942015555598,-0.0021623307986691816,-0.014487367914410531,-0.007508845980216819,-0.005442619975440352,-0.01278216618758124,-0.0048564665141662,0.018170968849562017,-0.016895703936742154,-0.017202632485175826,0.015775979258561567,-0.008296724281300218,-0.002572992951152633,-0.006202852462874175,-0.019511620188725265,0.047766962135958206,-0.0050299482151440165,0.049781962025342304,-0.006125137695347925,-0.008746720508566957,-0.018538517656621612,1.0,-0.008128749002182311,-0.009718274434854412,-0.016536793724732754,-0.01814700696384767
40,-0.05094198681162718,0.3078058760215642,-0.03644397465860952,-0.061435869197621146,-0.07221022815851211,-0.05600793301340362,-0.050383585659156294,-0.05532665018555078,0.02954549112365406,-0.0999183364366385,-0.0455091336028797,0.2637173467876141,-0.05607515540344807,-0.09123888478431294,-0.04313860557181649,-0.10415224615978297,-0.012971573534832996,-0.05754792179178816,-0.031146364521221628,-0.006991977762699828,0.08538912349615913,-0.029529879576334742,-0.0457099316386223,0.14060194247830848,-0.03962154100307329,-0.05793850485591098,-0.06776160612322576,0.0710186929102176,-0.10074997121217731,-0.06967544860303516,-0.025796318247230977,0.08565186786775873,-0.0359686004489765,-0.09097428520743928,-0.0834269235457741,-0.10835841224059545,0.13485117989893694,-0.09957637461363683,0.29938648960770875,-0.008128749002182311,1.0,-0.03869877297827318,-0.025489126705818543,-0.04905079656858999
41,0.04378967944292673,-0.02862248451605084,-0.06057791337529675,0.16101296294942405,0.41408882756211224,0.005884846694152197,0.21464407714277642,-0.009660632124885903,-0.01657476823238803,-0.03595460553834616,-0.02245716335916163,-0.049186141692146856,-0.05762614974096071,-0.0420785936394426,0.10033509085226364,-0.043806133550690775,-0.010524147220689728,0.00301352035959757,-0.0363518107404876,0.039621127106144904,-0.06009794376653559,0.041819093739372884,0.5499528747205421,-0.019669673663637633,0.02353614485801238,0.07996162694333267,0.2290942391732108,-0.023062739305639166,0.06161958659263883,0.006442671562508717,-0.02005525028004205,-0.012375803735902207,-0.03940645600214705,-0.06608288050723599,-0.07754811464910813,0.03215230902496551,-0.05029749052814056,0.07806953155457058,-0.05460062382045809,-0.009718274434854412,-0.03869877297827318,1.0,-0.03778635575437445,0.049699528194293435
42,-0.006979920255107602,0.058231393313660985,-0.09081042504127664,-0.016309521029837078,-0.07725771599795929,-0.07228170261125635,-0.05450846642564611,0.08990956260166566,-0.002452527563403443,-0.12363641676224668,-0.04669502651597656,0.11711491150017365,-0.08711455068770228,-0.08805509287111937,0.06194124857975507,-0.12903061299572327,0.038198115117954345,-0.07444500196806436,-0.04831032915748433,-0.009025972816799068,-0.06045333419700616,0.06256833011040165,-0.04274213356044079,-0.03144146274040367,0.04697992896954217,-0.07060328551219121,-0.07707430454038218,0.5411249090067165,-0.10589101237096679,-0.09414832895986167,-0.028646112564358388,0.03643606193644636,0.006383196761379957,-0.10880292651458129,-0.11099910695064519,-0.11654600870921827,0.06803642302321117,-0.09858695515230503,0.06206936419570146,-0.016536793724732754,-0.025489126705818543,-0.03778635575437445,1.0,0.06256636601028534
