,0,1,2,3,4,5,6,7,8,9,10,11,12,13,14,15,16,17,18,19,20,21,22,23,24,25,26,27,28,29,30,31,32,33,34,35,36,37,38,39,40,41,42,43,44
0,1.0,0.002238063685627583,0.022709302325901577,0.21409261911413555,-0.025842185257219815,-0.06888122632392699,0.06829666702909294,0.2736848163854649,0.16619066107038616,0.0019673242502983145,0.22446248456376966,0.014794780702829755,-0.07084402656748785,-0.1109053020730023,0.5608897966291959,-0.11745974168997352,0.026779362393589645,-0.032480941803588514,-0.04996732381497014,-0.014384141540408622,0.02210318483776116,0.07776059385322777,0.005467671679416586,0.03623038094058457,0.14893973286931309,-0.07011429926611888,0.11293421134291612,-0.06546854006187439,-0.09051695020983028,-0.085709128316595,-0.038413182823271816,-0.0009238089308011201,0.10835975397796319,-0.12407246166982491,-0.1007235102359527,-0.08954959677273351,-0.07631307253485231,0.11082290150912838,-0.1005591244891886,-0.01648116409382584,-0.05091190632021736,-0.07604844960227015,-0.009606082467752852,0.18898272633203417,0.04453565875483228
1,0.002238063685627583,1.0,-0.02173805912633941,-0.02173954429361703,-0.05381574210535509,-0.04162359992702154,-0.037122004530175945,-0.021292669194239104,0.045012679311394424,-0.07295050265788938,0.06796572573413107,0.2241799746618418,-0.04474863553664936,-0.06647616715454499,-0.0024546120375357173,-0.07897210660426246,0.018540347355484734,-0.04013024984964216,-0.024170855839151614,-0.00582126493978074,0.01695433849301678,-0.016075019227992052,-0.03458870228184868,0.005934337837518634,0.0008781805977746693,-0.03963236028231225,-0.06976058392560672,0.21338890421492548,-0.05613156364359834,-0.05285786241608229,-0.01835589731106354,0.13043147283624085,0.02157076914715246,-0.0693931426731726,-0.0700474791200551,-0.06509437201612613,0.0911073082850344,-0.04941280896649269,0.005056257341435671,0.005519074125646665,0.30797149820671266,-0.04871906604864334,0.058823421897957834,-0.02865658366343709,-0.028684669441154585
2,0.022709302325901577,-0.02173805912633941,1.0,-0.09772960550583436,-0.1132056099428703,0.02292690455428672,-0.08215312555010228,0.04844227769663604,0.0599384228688834,0.25788161743192134,-0.06669657972997248,0.03848898220870616,0.15571810139782155,-0.14988430558132657,-0.12953218937049782,0.25036716935683045,-0.0045229248103977856,0.07196926227243156,0.05790361392199239,-0.015025938548387862,0.2259072589529761,-0.04950579695379935,-0.06071610473698136,0.1551935295424684,-0.038610597728272716,-0.020611929591424286,0.05100298645499845,-0.07092660826606133,0.1329008394453874,0.22145890321447642,-0.010506774070972745,-0.029599596224512706,0.23231465343058053,-0.05172966050688328,0.12390770848216706,-0.04165857507179132,-0.0557477962123557,-0.13084164631634698,-0.09466280715586761,-0.026634550304514993,-0.031230951237841927,-0.016359483844507423,-0.0865244341233237,-0.05877077655618209,-0.0614003221275888
3,0.21409261911413555,-0.02173954429361703,-0.09772960550583436,1.0,0.22243397041408874,-0.05570063514435201,0.4393579599408171,0.06453876788091524,-0.02573113235852404,-0.059132737607431735,0.12379173346812627,-0.07158432191937432,-0.07672567209250905,-0.07056503881145207,0.36469600237622374,-0.11266563009051617,0.00944695323710144,-0.04302894352369861,-0.059673152861539375,-0.008163595810412354,-0.09426351166728393,0.27981950277665324,0.10860402218190282,-0.021731324404905588,0.2306272495833028,0.008113223538840416,0.11457529098882899,-0.047284743032633775,-0.04391481689597345,-0.07003933083982652,-0.030007140977970297,-0.017124817484075336,-0.05798178837938513,-0.10279322080103429,-0.11517601487505444,-0.02154831554934782,-0.08314849277294209,0.09160915262007338,-0.08693481243744339,-0.007007488873875121,-0.061196179708233586,-0.056233918063988,-0.018318408315752387,0.0830048813514341,0.16152813697956886
4,-0.025842185257219815,-0.05381574210535509,-0.1132056099428703,0.22243397041408874,1.0,0.03854489590666612,0.40316009697268773,-0.03102474171214334,-0.05134051107133883,-0.06389350232479944,-0.04697109449160162,-0.08725254792731676,-0.08939506614997784,0.24862426332476323,0.0837242158701981,-0.060769263430904816,-0.01757467247917347,0.02174061614786309,-0.06358066101697255,0.014054975737573625,-0.11122929674887391,0.062052592955932226,0.4256437946921974,-0.052682044917924165,0.0740300485250315,0.27909605617094296,0.10606623762105603,-0.055072413451189614,0.1366314792671547,0.31491250626343237,-0.023585209981302747,-0.02550668343945585,-0.06998166605188061,-0.09819462026020036,-0.14711807785542325,0.04405905546324299,-0.0825608642464237,0.24783218841427834,-0.10264787706086037,-0.006747693749173694,-0.07231941926656976,0.20685437790697453,-0.07752183745867308,0.055526811526798975,0.41779996742016934
5,-0.06888122632392699,-0.04162359992702154,0.02292690455428672,-0.05570063514435201,0.03854489590666612,1.0,0.015145072320807085,-0.04242265087556173,-0.04044599355043542,0.3439099673339334,-0.04494883337668393,-0.07134623328744535,-0.05996483429822101,-0.03292944361538148,-0.0917330042126668,0.2114690569998146,-0.018032601788314215,0.5590787612466466,-0.038452485924238444,-0.008274436180876558,-0.07098663537568975,-0.034295194480461325,0.19099162121414076,-0.021173138576943158,-0.04160599967353429,0.1490618567613775,0.1294004906776547,-0.04326761406032504,0.10625963176486714,-0.013275695180256349,-0.009393034967027139,-0.02143220253517531,-0.053021442844867164,-0.009513309637529338,-0.06928942030655624,0.18445513422435827,-0.06758747481234845,0.29168243095218976,-0.07636212824904898,-0.00550729589433105,-0.05552678814255106,0.17265577570382165,-0.07151099568647099,-0.052140718085706465,0.010226775852785815
6,0.06829666702909294,-0.037122004530175945,-0.08215312555010228,0.4393579599408171,0.40316009697268773,0.015145072320807085,1.0,0.0586081266622661,-0.03657013595342486,-0.03210878957443952,0.003519970245290042,-0.06401338782113505,-0.06845023370448693,-0.06881230593617735,0.1977105684901202,-0.04161528880765612,-0.015418504988564322,0.08516705138901062,-0.04964742129379413,-0.003915845280842303,-0.07796329264582544,0.03125001891623487,0.2609240620186217,-0.03277965346171046,0.09840433830375636,0.08686959307502264,0.08105877877710692,-0.030033568569248797,-0.012840137578710815,-0.03291410726627571,-0.02504062426711913,-0.01828615590651626,-0.05585591733771444,-0.077984659684526,-0.10479263853427065,0.004282317192885028,-0.06613339464390486,0.1935163474075558,-0.07102839521042084,-0.01290099202118231,-0.05036954822032783,0.060818966565268626,-0.054495469636063235,0.04722090454762113,0.21738974617589554
7,0.2736848163854649,-0.021292669194239104,0.04844227769663604,0.06453876788091524,-0.03102474171214334,-0.04242265087556173,0.0586081266622661,1.0,-0.00019078657159756407,-0.03231801185484591,0.09840631788158154,0.01746393513486036,-0.06846483933061098,-0.11070050711172456,0.16318570387933137,-0.0878702841644966,0.14266557912375338,0.02089112174783541,-0.02879223735510752,-0.011786762275850604,-0.05587434165697053,0.004441733521065178,0.006177143872045076,-0.02911140791185799,0.12024512782944871,-0.04426002615100289,0.06219558061642686,-0.042311727267401456,-0.06862212186267494,-0.01793486611341549,-0.025789023957894334,-0.009158774482866843,0.3025338342456102,-0.10663509051929584,-0.10921765446017662,-0.10429590623294421,-0.06411374638751659,-0.0038885947622962318,-0.07731657432231161,-0.018208035474655247,-0.055699321977949634,-0.03584581484724795,0.08759603374882147,0.21453440420002065,-0.01029787835273112
8,0.16619066107038616,0.045012679311394424,0.0599384228688834,-0.02573113235852404,-0.05134051107133883,-0.04044599355043542,-0.03657013595342486,-0.00019078657159756407,1.0,-0.05026842124805213,0.023574672210586463,0.21935196323060915,-0.044271271131792314,-0.07398957963769656,-0.010316360262089068,-0.0637043372161673,0.04668681235554771,-0.035356121810191925,-0.022508309052953077,-0.007363271161838698,0.1292270370381371,-0.00672287098909341,-0.029683576749311068,0.06656100215013212,0.0038811706043744686,-0.041520590432791396,-0.04452750166498587,-0.03831976373753723,-0.04981883759711954,-0.025912325100806467,-0.020521824787771065,0.008978287456147337,0.35203647583354114,-0.07389168416474058,-0.0665554601637885,-0.0755192229924584,-0.004026641923010581,-0.05508788744245928,-0.036697752537531006,-0.011488790930424219,0.029699070975836524,-0.036537548228465666,0.0019024790145037275,0.022994148756681883,-0.01671278416697921
9,0.0019673242502983145,-0.07295050265788938,0.25788161743192134,-0.059132737607431735,-0.06389350232479944,0.3439099673339334,-0.03210878957443952,-0.03231801185484591,-0.05026842124805213,1.0,0.09401144934988206,-0.13173647901008137,0.20303698484077082,-0.046460278085559734,-0.03822389909868048,0.38771537127067646,-0.03140141438275466,0.3063983173867442,0.03538077314908876,-0.013842488376032181,0.10399246593093944,-0.06291855403062944,0.03978649159416878,0.10292273562061785,-0.05623145308161403,0.011299223368707208,0.214734660069768,-0.08114434536555537,-0.02926814526695327,0.0355589186553811,-0.015190179316713839,-0.04061586252693843,-0.055694445712226495,0.17377702138555018,0.34870088212580647,0.15377839679009,-0.08330587856568565,0.12941678547182472,-0.11711807872623936,-0.02360777406972249,-0.09945757085765822,-0.019492534828253794,-0.12308079990730592,-0.09071946101382794,-0.03519565372793763
10,0.22446248456376966,0.06796572573413107,-0.06669657972997248,0.12379173346812627,-0.04697109449160162,-0.04494883337668393,0.003519970245290042,0.09840631788158154,0.023574672210586463,0.09401144934988206,1.0,-0.07718432931260731,-0.0657795011272325,-0.05986147601343694,0.3213003641646257,-0.08916558963187257,0.045197379126135036,-0.0013969246534596379,-0.0327730283431521,-0.010191860237981461,0.023458556462605674,-0.014290720956725202,-0.017356409705431116,-0.0247988881409898,0.07010118432942716,-0.0316268286014025,0.24794857748213298,-0.05904756026002696,-0.06353342948429458,-0.07110655340858485,-0.027870675493101738,-0.024066477374533844,0.003814503625570094,-0.07210090751701793,-0.03793328042006735,0.1699585535534211,-0.002121361163337698,0.08430220646088937,-0.11357947012323948,0.005596142382840787,-0.04315313135428733,-0.0842195283089889,-0.04918121029541182,0.028463408011203645,-0.025178386606160678
11,0.014794780702829755,0.2241799746618418,0.03848898220870616,-0.07158432191937432,-0.08725254792731676,-0.07134623328744535,-0.06401338782113505,0.01746393513486036,0.21935196323060915,-0.13173647901008137,-0.07718432931260731,1.0,-0.07775056900207794,-0.11785622485179156,-0.031029744724107692,-0.13331184398078982,0.02549835216298584,-0.06537072389948886,-0.01291478488159695,-0.011222895889550109,0.14830016480464872,-0.034852259198237825,-0.05959609782915588,0.05840987103305824,-0.032768345865996015,-0.06919183166843601,-0.1298095288269811,0.055957845897997,-0.11865194879828891,-0.05633809205641092,-0.024304672135588675,0.05042583351569427,0.2550931783969008,-0.11909845558775001,-0.1212334803464114,-0.136723410655664,0.038215010641545685,-0.11282097026482123,0.08861837947492009,-0.016074684113803916,0.2640769935652852,-0.06653226975824408,0.11817889326584904,-0.024317079500568897,-0.04947402120308479
12,-0.07084402656748785,-0.04474863553664936,0.15571810139782155,-0.07672567209250905,-0.08939506614997784,-0.05996483429822101,-0.06845023370448693,-0.06846483933061098,-0.044271271131792314,0.20303698484077082,-0.0657795011272325,-0.07775056900207794,1.0,0.09905583218874084,-0.1221966005710564,0.1455383099891842,-0.018916122228682136,-0.0704279941192803,0.1752313868750006,0.014441601663121112,0.11828090241869323,-0.0468176608170659,-0.06898441212667923,0.08570160310958207,-0.050676714250239716,-0.007589031048470015,-0.07265928168204262,-0.07344215128228089,0.1475244545442089,0.08704081892173496,0.01320894374042854,-0.028755453585214585,-0.023859104308203656,0.36619016616809547,0.5431091363752935,0.04435999242635112,-0.06531118662167085,-0.12184970264124756,-0.08067107844623327,0.0001366598863472569,-0.05628741375786463,-0.08530881835167334,-0.08703579806196265,-0.07817993515920767,-0.05769969452283895
13,-0.1109053020730023,-0.06647616715454499,-0.14988430558132657,-0.07056503881145207,0.24862426332476323,-0.03292944361538148,-0.06881230593617735,-0.11070050711172456,-0.07398957963769656,-0.046460278085559734,-0.05986147601343694,-0.11785622485179156,0.09905583218874084,1.0,-0.0823916615616776,0.055319423392680075,-0.024223763225110644,-0.08171256716556262,-0.0013507966245993493,0.016284528340819955,-0.09460028594614686,-0.057972241359129116,-0.04216045339767118,-0.07222886381449896,-0.05387757179653187,0.052133161490464416,0.021515833841178895,-0.06825615152130779,0.16207804259305802,0.38001240092197486,0.04312355126566063,-0.03560598896301477,-0.11335999598336846,0.24275573862428576,0.12060692161378059,0.06768648939819608,-0.08216007061939054,0.06425547701664869,-0.11232710960048836,0.01803271591408774,-0.09105503325278624,-0.061128089707597776,-0.08727039349241754,-0.10324857133784468,-0.041416857263463946
14,0.5608897966291959,-0.0024546120375357173,-0.12953218937049782,0.36469600237622374,0.0837242158701981,-0.0917330042126668,0.1977105684901202,0.16318570387933137,-0.010316360262089068,-0.03822389909868048,0.3213003641646257,-0.031029744724107692,-0.1221966005710564,-0.0823916615616776,1.0,-0.15025640697756393,0.04699960933908196,-0.04445670071347939,-0.0824385342535568,-0.017250564738593963,-0.10835137806925793,0.1840744334314704,0.02001190941979429,-0.027044826729929264,0.2122835276317137,-0.06386611688116571,0.29772761130704256,0.007591153155720472,-0.10555017619167512,-0.10115371222304892,-0.04461821067554972,-0.012139633788578456,-0.04464997302712606,-0.1568310003356344,-0.15889059664353233,-0.08657776509089962,-0.06536046611893315,0.12803065721401108,-0.06556400078490757,-0.01623739147456152,-0.04088264621791281,-0.09076607660653299,0.07368930407834193,0.41299825184381167,0.09774920437023155
15,-0.11745974168997352,-0.07897210660426246,0.25036716935683045,-0.11266563009051617,-0.060769263430904816,0.2114690569998146,-0.04161528880765612,-0.0878702841644966,-0.0637043372161673,0.38771537127067646,-0.08916558963187257,-0.13331184398078982,0.1455383099891842,0.055319423392680075,-0.15025640697756393,1.0,-0.03354368417136342,0.1483583957329081,0.07883533408401176,-0.009490877641860237,-0.002491517453747448,-0.06170757002309302,0.02015799420497888,-0.02559584690899913,-0.07376975133134459,0.016966286394461287,0.11483020370182119,-0.08249042569349067,0.10352117941497674,0.10986751730738467,-0.00012949534736206867,-0.040473076906929514,-0.07949732852422525,0.4116751780368665,0.23161499032573338,0.1734422120428581,-0.09105754744265236,0.12802710325365566,-0.1219160431153916,-0.0029238956863771688,-0.1040687239677748,0.13058987019696466,-0.12893857767159891,-0.10140558035772204,-0.042327745559330394
16,0.026779362393589645,0.018540347355484734,-0.0045229248103977856,0.00944695323710144,-0.01757467247917347,-0.018032601788314215,-0.015418504988564322,0.14266557912375338,0.04668681235554771,-0.03140141438275466,0.045197379126135036,0.02549835216298584,-0.018916122228682136,-0.024223763225110644,0.04699960933908196,-0.03354368417136342,1.0,-0.01602607970407919,-0.009361364920078639,-0.0030365335700072264,-0.020527189780017618,-0.0016793938563134862,-0.010042526162393987,-0.014136715115957061,0.04622995251538666,-0.013750738979637873,-0.023810181648127565,-0.006510087293542927,-0.016633072693258158,-0.012464818792408176,-0.008205538933086017,0.0019472787769644364,0.039418325431079815,-0.030994703999070138,-0.03188380841331734,-0.032204054440149094,-0.016638267190979765,-0.011420159940220883,-0.021820646720071748,-0.0024934555715801898,-0.012923387169837642,-0.01263780840510696,0.03815771119601915,0.020313072495934253,-0.010620542597876021
17,-0.032480941803588514,-0.04013024984964216,0.07196926227243156,-0.04302894352369861,0.02174061614786309,0.5590787612466466,0.08516705138901062,0.02089112174783541,-0.035356121810191925,0.3063983173867442,-0.0013969246534596379,-0.06537072389948886,-0.0704279941192803,-0.08171256716556262,-0.04445670071347939,0.1483583957329081,-0.01602607970407919,1.0,-0.04278070059298701,-0.007948644063611888,-0.07219624532166409,-0.025274536365109398,0.18902617508000863,-0.012755418374379896,-0.031190338950179426,0.05895291560422001,0.21682621638449667,-0.03827457722209725,0.05004607321188618,-0.004919917022316391,-0.017156827374759265,-0.019990796049283725,-0.01423722516255963,-0.0471173983117955,-0.0939341354659893,0.07050410247050816,-0.061511573116591965,0.32778614065239664,-0.0745897500272335,-0.016984133246249436,-0.053133001034399364,0.17199097929768542,-0.06991839481535397,-0.016189321076059342,0.0007080085502772253
18,-0.04996732381497014,-0.024170855839151614,0.05790361392199239,-0.059673152861539375,-0.06358066101697255,-0.038452485924238444,-0.04964742129379413,-0.02879223735510752,-0.022508309052953077,0.03538077314908876,-0.0327730283431521,-0.01291478488159695,0.1752313868750006,-0.0013507966245993493,-0.0824385342535568,0.07883533408401176,-0.009361364920078639,-0.04278070059298701,1.0,-0.004928049279342076,0.06143793759817924,-0.02863454158322221,-0.04154018546387432,-0.012596032572696564,-0.030851940286274467,-0.04503437427776001,-0.060311270165377115,-0.04643525742423491,0.030475678386625925,-0.010695045576357524,-0.003129265429059432,-0.016675653522620005,0.0011746274306143043,0.15833887032949834,0.15486996677973147,0.08118002363785816,-0.016055215479648582,-0.08371916212799244,-0.038487171642448983,-0.01157364067111473,-0.031164370574059953,-0.04849537615345256,-0.048027810287519804,-0.040300592336813275,-0.03661321945457252
19,-0.014384141540408622,-0.00582126493978074,-0.015025938548387862,-0.008163595810412354,0.014054975737573625,-0.008274436180876558,-0.003915845280842303,-0.011786762275850604,-0.007363271161838698,-0.013842488376032181,-0.010191860237981461,-0.011222895889550109,0.014441601663121112,0.016284528340819955,-0.017250564738593963,-0.009490877641860237,-0.0030365335700072264,-0.007948644063611888,-0.004928049279342076,1.0,-0.012307688140987861,-0.005984117081549738,0.006689020884608413,-0.00887805415755986,-0.007335774446759391,-0.0035055200385763503,-0.0075219879914848395,-0.008205530326461818,-0.00613171647533875,0.0023432507294326287,-0.0008593236297309,-0.003662271076872725,-0.011383289888767613,0.005614361255820252,-0.005804906025648595,-0.015165892622705113,-0.0015791729184363738,-0.005851120827622769,-0.0115909209597497,-0.0013583488050305545,-0.007032124716496122,0.019886326801415583,-0.00915934115408641,-0.010738340250197757,0.039081066275968177
20,0.02210318483776116,0.01695433849301678,0.2259072589529761,-0.09426351166728393,-0.11122929674887391,-0.07098663537568975,-0.07796329264582544,-0.05587434165697053,0.1292270370381371,0.10399246593093944,0.023458556462605674,0.14830016480464872,0.11828090241869323,-0.09460028594614686,-0.10835137806925793,-0.002491517453747448,-0.020527189780017618,-0.07219624532166409,0.06143793759817924,-0.012307688140987861,1.0,-0.04365497030789948,-0.06451948011179731,0.41943929582281014,-0.05880676351969705,-0.0879523879815359,-0.10969674853009632,-0.05197067150696729,-0.04753472818348572,-0.052629135370894004,-0.03039975452076126,-0.025479878362059533,0.10227374449627905,0.003211323829772775,0.33247461614420737,-0.04665147618924659,0.11839342897094994,-0.1409991086518976,0.06766916802693992,-0.014497641599005687,0.08524909695821772,-0.09472683932918566,-0.0597507049434805,-0.04466576415259016,-0.060502880822934216
21,0.07776059385322777,-0.016075019227992052,-0.04950579695379935,0.27981950277665324,0.062052592955932226,-0.034295194480461325,0.03125001891623487,0.004441733521065178,-0.00672287098909341,-0.06291855403062944,-0.014290720956725202,-0.034852259198237825,-0.0468176608170659,-0.057972241359129116,0.1840744334314704,-0.06170757002309302,-0.0016793938563134862,-0.025274536365109398,-0.02863454158322221,-0.005984117081549738,-0.04365497030789948,1.0,0.010308166080914134,-0.028257594479849258,0.6487349790072758,-0.03528507836715872,0.021535345434130576,-0.027324608285799093,-0.023826585877931083,-0.04689412298921311,-0.015927813418081593,-0.0018583507158221302,-0.01698520974232594,-0.05737119938022017,-0.06122154111636134,-0.06697186510255142,-0.04265944211454668,-0.04806283787134863,-0.04156526138813947,-0.007527851141107997,-0.029495665838473354,-0.030159760582616896,0.06290847265364025,0.17938573015064269,0.040919275505845815
22,0.005467671679416586,-0.03458870228184868,-0.06071610473698136,0.10860402218190282,0.4256437946921974,0.19099162121414076,0.2609240620186217,0.006177143872045076,-0.029683576749311068,0.03978649159416878,-0.017356409705431116,-0.05959609782915588,-0.06898441212667923,-0.04216045339767118,0.02001190941979429,0.02015799420497888,-0.010042526162393987,0.18902617508000863,-0.04154018546387432,0.006689020884608413,-0.06451948011179731,0.010308166080914134,1.0,-0.02424074451232789,-0.0005812459276067186,0.2541982364945529,0.08811372551424795,-0.01679944017278987,0.25495529171498926,-0.019013752422426713,-0.01937970226562411,-0.017325947261886073,-0.02620826280922365,-0.057488781241345266,-0.09263581609594362,0.19201743896883472,-0.05771568968718725,0.37243093592179444,-0.0657187182809552,-0.0068962968124766,-0.04672767222319332,0.2368026260981354,-0.04430279836606726,0.04307598570827782,0.5701935120261499
23,0.03623038094058457,0.005934337837518634,0.1551935295424684,-0.021731324404905588,-0.052682044917924165,-0.021173138576943158,-0.03277965346171046,-0.02911140791185799,0.06656100215013212,0.10292273562061785,-0.0247988881409898,0.05840987103305824,0.08570160310958207,-0.07222886381449896,-0.027044826729929264,-0.02559584690899913,-0.014136715115957061,-0.012755418374379896,-0.012596032572696564,-0.00887805415755986,0.41943929582281014,-0.028257594479849258,-0.02424074451232789,1.0,-0.026603970179338854,-0.041339251990737756,-0.01303879481006377,-0.02016940802803775,-0.06197519005988879,-0.03988255256250953,-0.018117260331382237,-0.01396673704165,-0.0024808348006082927,-0.04975271800315032,0.03909609271315625,-0.05611847569096856,0.022637893490127244,-0.04695941904111567,0.027675852590185783,-0.01269859512836891,0.14075308824567767,-0.04787806146569941,-0.03179910069790301,-0.04457737602633208,-0.02087386529960521
24,0.14893973286931309,0.0008781805977746693,-0.038610597728272716,0.2306272495833028,0.0740300485250315,-0.04160599967353429,0.09840433830375636,0.12024512782944871,0.0038811706043744686,-0.05623145308161403,0.07010118432942716,-0.032768345865996015,-0.050676714250239716,-0.05387757179653187,0.2122835276317137,-0.07376975133134459,0.04622995251538666,-0.031190338950179426,-0.030851940286274467,-0.007335774446759391,-0.05880676351969705,0.6487349790072758,-0.0005812459276067186,-0.026603970179338854,1.0,0.01796769436066942,0.009344337975475061,-0.03951876500106311,-0.02843759736817039,-0.02266859843868331,-0.01855011469448988,-0.006056532719667235,0.012488128176446048,-0.07178849200080864,-0.07409088232974442,-0.04106304625961421,-0.05192976686980702,0.024538324756828905,-0.056064138594865934,-0.004903760477960553,-0.039710579369123825,-0.03210787941174856,0.04480975647262075,0.16937979980469958,0.023346155290721538
25,-0.07011429926611888,-0.03963236028231225,-0.020611929591424286,0.008113223538840416,0.27909605617094296,0.1490618567613775,0.08686959307502264,-0.04426002615100289,-0.041520590432791396,0.011299223368707208,-0.0316268286014025,-0.06919183166843601,-0.007589031048470015,0.052133161490464416,-0.06386611688116571,0.016966286394461287,-0.013750738979637873,0.05895291560422001,-0.04503437427776001,-0.0035055200385763503,-0.0879523879815359,-0.03528507836715872,0.2541982364945529,-0.041339251990737756,0.01796769436066942,1.0,0.055835916274199926,-0.06049679058872424,0.12646298687414265,0.22170096726915983,-0.014361156764999565,-0.02207710925662469,-0.0424543053048425,-0.057595267593065255,-0.10285320446448915,0.4852908136769681,-0.06397297661555346,0.1379386828303833,-0.08270144264568775,0.017066689243456015,-0.058430586135956475,0.12934714523531443,-0.07127616526754976,-0.05783414518373104,0.08703371785088135
26,0.11293421134291612,-0.06976058392560672,0.05100298645499845,0.11457529098882899,0.10606623762105603,0.1294004906776547,0.08105877877710692,0.06219558061642686,-0.04452750166498587,0.214734660069768,0.24794857748213298,-0.1298095288269811,-0.07265928168204262,0.021515833841178895,0.29772761130704256,0.11483020370182119,-0.023810181648127565,0.21682621638449667,-0.060311270165377115,-0.0075219879914848395,-0.10969674853009632,0.021535345434130576,0.08811372551424795,-0.01303879481006377,0.009344337975475061,0.055835916274199926,1.0,-0.07887848307271972,-0.047533430539380264,0.06385111225471883,-0.025793092288341757,-0.036266094664429246,0.02771060277497169,-0.06818617538325127,-0.07216223220881743,0.16268819514907187,-0.11976781607146439,0.21370849921546717,-0.14360923184495095,-0.014139306993017808,-0.10536714503160102,0.06587333407702468,-0.10771638655225177,0.05969173119257348,0.038725799174815875
27,-0.06546854006187439,0.21338890421492548,-0.07092660826606133,-0.047284743032633775,-0.055072413451189614,-0.04326761406032504,-0.030033568569248797,-0.042311727267401456,-0.03831976373753723,-0.08114434536555537,-0.05904756026002696,0.055957845897997,-0.07344215128228089,-0.06825615152130779,0.007591153155720472,-0.08249042569349067,-0.006510087293542927,-0.03827457722209725,-0.04643525742423491,-0.008205530326461818,-0.05197067150696729,-0.027324608285799093,-0.01679944017278987,-0.02016940802803775,-0.03951876500106311,-0.06049679058872424,-0.07887848307271972,1.0,-0.08773677449797901,-0.07280307721950242,-0.027796129557894025,0.1891201198081281,-0.056927416957669355,-0.08307983647455854,-0.07925214988670291,-0.09494567161912149,0.09810651163665907,-0.043775681848999076,0.18734031399398743,-0.016989710538026805,0.07150802233127544,-0.04897382297973951,0.5443908681857329,-0.048437458348182194,-0.023220453468363093
28,-0.09051695020983028,-0.05613156364359834,0.1329008394453874,-0.04391481689597345,0.1366314792671547,0.10625963176486714,-0.012840137578710815,-0.06862212186267494,-0.04981883759711954,-0.02926814526695327,-0.06353342948429458,-0.11865194879828891,0.1475244545442089,0.16207804259305802,-0.10555017619167512,0.10352117941497674,-0.016633072693258158,0.05004607321188618,0.030475678386625925,-0.00613171647533875,-0.04753472818348572,-0.023826585877931083,0.25495529171498926,-0.06197519005988879,-0.02843759736817039,0.12646298687414265,-0.047533430539380264,-0.08773677449797901,1.0,0.13373664576381625,0.049186701156345616,-0.038336601911242406,-0.0589136588256878,0.10409810634834482,0.08014498744351323,0.13053063961819855,-0.09008815886086931,0.09822729198414688,-0.1464925334795485,0.015180802956552369,-0.09991635092450041,0.1793465160397889,-0.1046436684186356,-0.040476681964121554,0.06845680122894648
29,-0.085709128316595,-0.05285786241608229,0.22145890321447642,-0.07003933083982652,0.31491250626343237,-0.013275695180256349,-0.03291410726627571,-0.01793486611341549,-0.025912325100806467,0.0355589186553811,-0.07110655340858485,-0.05633809205641092,0.08704081892173496,0.38001240092197486,-0.10115371222304892,0.10986751730738467,-0.012464818792408176,-0.004919917022316391,-0.010695045576357524,0.0023432507294326287,-0.052629135370894004,-0.04689412298921311,-0.019013752422426713,-0.03988255256250953,-0.02266859843868331,0.22170096726915983,0.06385111225471883,-0.07280307721950242,0.13373664576381625,1.0,-0.013424644103909833,-0.027512424018767224,0.0219108967417406,0.02554879080278742,0.06490455988917763,0.014841356202167514,-0.07334291367157425,-0.07497087109656476,-0.10382907547686879,-0.008210046911422249,-0.06938176383826436,0.10566125874306505,-0.09363342281165705,-0.07320781398021725,0.005945444077993675
30,-0.038413182823271816,-0.01835589731106354,-0.010506774070972745,-0.030007140977970297,-0.023585209981302747,-0.009393034967027139,-0.02504062426711913,-0.025789023957894334,-0.020521824787771065,-0.015190179316713839,-0.027870675493101738,-0.024304672135588675,0.01320894374042854,0.04312355126566063,-0.04461821067554972,-0.00012949534736206867,-0.008205538933086017,-0.017156827374759265,-0.003129265429059432,-0.0008593236297309,-0.03039975452076126,-0.015927813418081593,-0.01937970226562411,-0.018117260331382237,-0.01855011469448988,-0.014361156764999565,-0.025793092288341757,-0.027796129557894025,0.049186701156345616,-0.013424644103909833,1.0,-0.008950954830862622,-0.01557607803378494,0.018187515852554702,-0.00335535895241968,0.016352606051966714,-0.031174693397743765,-0.028594153127307217,-0.03566904168679262,-0.0025892783199164236,-0.02581314170027308,-0.01882499229045158,-0.02858097452654827,-0.027386651190497237,-0.020069773569764585
31,-0.0009238089308011201,0.13043147283624085,-0.029599596224512706,-0.017124817484075336,-0.02550668343945585,-0.02143220253517531,-0.01828615590651626,-0.009158774482866843,0.008978287456147337,-0.04061586252693843,-0.024066477374533844,0.05042583351569427,-0.028755453585214585,-0.03560598896301477,-0.012139633788578456,-0.040473076906929514,0.0019472787769644364,-0.019990796049283725,-0.016675653522620005,-0.003662271076872725,-0.025479878362059533,-0.0018583507158221302,-0.017325947261886073,-0.01396673704165,-0.006056532719667235,-0.02207710925662469,-0.036266094664429246,0.1891201198081281,-0.038336601911242406,-0.027512424018767224,-0.008950954830862622,1.0,-0.007552853605477437,-0.03574057246492812,-0.0377468301506089,-0.04112222569365601,-0.01226255830108424,-0.029069504023880775,-0.017196897374851174,-0.006208367905207613,0.08570082506282202,-0.023466166579242827,0.03709287063880435,-0.011180650228375262,-0.012417705233546374
32,0.10835975397796319,0.02157076914715246,0.23231465343058053,-0.05798178837938513,-0.06998166605188061,-0.053021442844867164,-0.05585591733771444,0.3025338342456102,0.35203647583354114,-0.055694445712226495,0.003814503625570094,0.2550931783969008,-0.023859104308203656,-0.11335999598336846,-0.04464997302712606,-0.07949732852422525,0.039418325431079815,-0.01423722516255963,0.0011746274306143043,-0.011383289888767613,0.10227374449627905,-0.01698520974232594,-0.02620826280922365,-0.0024808348006082927,0.012488128176446048,-0.0424543053048425,0.02771060277497169,-0.056927416957669355,-0.0589136588256878,0.0219108967417406,-0.01557607803378494,-0.007552853605477437,1.0,-0.10456002677959089,-0.09086107981371998,-0.1110336645132481,-0.052569242240037076,-0.10806720225030375,-0.06997061120670245,-0.019514976081110053,-0.036006853473625575,-0.03991706977603565,0.010770360964959027,0.12051333001564728,-0.041702670580910435
33,-0.12407246166982491,-0.0693931426731726,-0.05172966050688328,-0.10279322080103429,-0.09819462026020036,-0.009513309637529338,-0.077984659684526,-0.10663509051929584,-0.07389168416474058,0.17377702138555018,-0.07210090751701793,-0.11909845558775001,0.36619016616809547,0.24275573862428576,-0.1568310003356344,0.4116751780368665,-0.030994703999070138,-0.0471173983117955,0.15833887032949834,0.005614361255820252,0.003211323829772775,-0.05737119938022017,-0.057488781241345266,-0.04975271800315032,-0.07178849200080864,-0.057595267593065255,-0.06818617538325127,-0.08307983647455854,0.10409810634834482,0.02554879080278742,0.018187515852554702,-0.03574057246492812,-0.10456002677959089,1.0,0.4544060911778661,0.25949703554937903,-0.07163258755996722,-0.016219530777583827,-0.10096440647188973,0.04794419143098658,-0.09186044182198531,-0.07509483384853616,-0.10929579573806411,-0.10029371086420952,-0.06658517873757587
34,-0.1007235102359527,-0.0700474791200551,0.12390770848216706,-0.11517601487505444,-0.14711807785542325,-0.06928942030655624,-0.10479263853427065,-0.10921765446017662,-0.0665554601637885,0.34870088212580647,-0.03793328042006735,-0.1212334803464114,0.5431091363752935,0.12060692161378059,-0.15889059664353233,0.23161499032573338,-0.03188380841331734,-0.0939341354659893,0.15486996677973147,-0.005804906025648595,0.33247461614420737,-0.06122154111636134,-0.09263581609594362,0.03909609271315625,-0.07409088232974442,-0.10285320446448915,-0.07216223220881743,-0.07925214988670291,0.08014498744351323,0.06490455988917763,-0.00335535895241968,-0.0377468301506089,-0.09086107981371998,0.4544060911778661,1.0,0.04564047261478142,0.004743551110356383,-0.16383669087417882,-0.040377648149073186,-0.00488215932307663,-0.08350459804064632,-0.10955695343596392,-0.11089357015071546,-0.10712752680706356,-0.07805146726806442
35,-0.08954959677273351,-0.06509437201612613,-0.04165857507179132,-0.02154831554934782,0.04405905546324299,0.18445513422435827,0.004282317192885028,-0.10429590623294421,-0.0755192229924584,0.15377839679009,0.1699585535534211,-0.136723410655664,0.04435999242635112,0.06768648939819608,-0.08657776509089962,0.1734422120428581,-0.032204054440149094,0.07050410247050816,0.08118002363785816,-0.015165892622705113,-0.04665147618924659,-0.06697186510255142,0.19201743896883472,-0.05611847569096856,-0.04106304625961421,0.4852908136769681,0.16268819514907187,-0.09494567161912149,0.13053063961819855,0.014841356202167514,0.016352606051966714,-0.04112222569365601,-0.1110336645132481,0.25949703554937903,0.04564047261478142,1.0,-0.06943938941551142,0.132607751704609,-0.1276216287130674,0.05791895915876847,-0.10674242248778654,-0.013780032994191185,-0.11452116490307254,-0.11582289086669498,0.03637239698832345
36,-0.07631307253485231,0.0911073082850344,-0.0557477962123557,-0.08314849277294209,-0.0825608642464237,-0.06758747481234845,-0.06613339464390486,-0.06411374638751659,-0.004026641923010581,-0.08330587856568565,-0.002121361163337698,0.038215010641545685,-0.06531118662167085,-0.08216007061939054,-0.06536046611893315,-0.09105754744265236,-0.016638267190979765,-0.061511573116591965,-0.016055215479648582,-0.0015791729184363738,0.11839342897094994,-0.04265944211454668,-0.05771568968718725,0.022637893490127244,-0.05192976686980702,-0.06397297661555346,-0.11976781607146439,0.09810651163665907,-0.09008815886086931,-0.07334291367157425,-0.031174693397743765,-0.01226255830108424,-0.052569242240037076,-0.07163258755996722,0.004743551110356383,-0.06943938941551142,1.0,-0.11074449920660118,0.301777167530748,-0.0062098692694562635,0.1342446189458291,-0.06551622135715994,0.06802865875268922,-0.07168734976374232,-0.05048691049560289
37,0.11082290150912838,-0.04941280896649269,-0.13084164631634698,0.09160915262007338,0.24783218841427834,0.29168243095218976,0.1935163474075558,-0.0038885947622962318,-0.05508788744245928,0.12941678547182472,0.08430220646088937,-0.11282097026482123,-0.12184970264124756,0.06425547701664869,0.12803065721401108,0.12802710325365566,-0.011420159940220883,0.32778614065239664,-0.08371916212799244,-0.005851120827622769,-0.1409991086518976,-0.04806283787134863,0.37243093592179444,-0.04695941904111567,0.024538324756828905,0.1379386828303833,0.21370849921546717,-0.043775681848999076,0.09822729198414688,-0.07497087109656476,-0.028594153127307217,-0.029069504023880775,-0.10806720225030375,-0.016219530777583827,-0.16383669087417882,0.132607751704609,-0.11074449920660118,1.0,-0.12999931733808628,-0.008364821607180403,-0.0925320090595177,0.29158140282319267,-0.08956139628642953,-0.06684564982566615,0.11216269413651175
38,-0.1005591244891886,0.005056257341435671,-0.09466280715586761,-0.08693481243744339,-0.10264787706086037,-0.07636212824904898,-0.07102839521042084,-0.07731657432231161,-0.036697752537531006,-0.11711807872623936,-0.11357947012323948,0.08861837947492009,-0.08067107844623327,-0.11232710960048836,-0.06556400078490757,-0.1219160431153916,-0.021820646720071748,-0.0745897500272335,-0.038487171642448983,-0.0115909209597497,0.06766916802693992,-0.04156526138813947,-0.0657187182809552,0.027675852590185783,-0.056064138594865934,-0.08270144264568775,-0.14360923184495095,0.18734031399398743,-0.1464925334795485,-0.10382907547686879,-0.03566904168679262,-0.017196897374851174,-0.06997061120670245,-0.10096440647188973,-0.040377648149073186,-0.1276216287130674,0.301777167530748,-0.12999931733808628,1.0,-0.01848758521837779,0.2994698235563825,-0.08978270269838154,0.06187793293312541,-0.06917331593939209,-0.05501459831617705
39,-0.01648116409382584,0.005519074125646665,-0.026634550304514993,-0.007007488873875121,-0.006747693749173694,-0.00550729589433105,-0.01290099202118231,-0.018208035474655247,-0.011488790930424219,-0.02360777406972249,0.005596142382840787,-0.016074684113803916,0.0001366598863472569,0.01803271591408774,-0.01623739147456152,-0.0029238956863771688,-0.0024934555715801898,-0.016984133246249436,-0.01157364067111473,-0.0013583488050305545,-0.014497641599005687,-0.007527851141107997,-0.0068962968124766,-0.01269859512836891,-0.004903760477960553,0.017066689243456015,-0.014139306993017808,-0.016989710538026805,0.015180802956552369,-0.008210046911422249,-0.0025892783199164236,-0.006208367905207613,-0.019514976081110053,0.04794419143098658,-0.00488215932307663,0.05791895915876847,-0.0062098692694562635,-0.008364821607180403,-0.01848758521837779,1.0,-0.008079556577801171,-0.016704077660764295,-0.01677036261878968,-0.017769897541253497,-0.00965085987624811
40,-0.05091190632021736,0.30797149820671266,-0.031230951237841927,-0.061196179708233586,-0.07231941926656976,-0.05552678814255106,-0.05036954822032783,-0.055699321977949634,0.029699070975836524,-0.09945757085765822,-0.04315313135428733,0.2640769935652852,-0.05628741375786463,-0.09105503325278624,-0.04088264621791281,-0.1040687239677748,-0.012923387169837642,-0.053133001034399364,-0.031164370574059953,-0.007032124716496122,0.08524909695821772,-0.029495665838473354,-0.04672767222319332,0.14075308824567767,-0.039710579369123825,-0.058430586135956475,-0.10536714503160102,0.07150802233127544,-0.09991635092450041,-0.06938176383826436,-0.02581314170027308,0.08570082506282202,-0.036006853473625575,-0.09186044182198531,-0.08350459804064632,-0.10674242248778654,0.1342446189458291,-0.0925320090595177,0.2994698235563825,-0.008079556577801171,1.0,-0.06414040860567072,-0.025483773615161708,-0.04832326581611579,-0.03901934728257292
41,-0.07604844960227015,-0.04871906604864334,-0.016359483844507423,-0.056233918063988,0.20685437790697453,0.17265577570382165,0.060818966565268626,-0.03584581484724795,-0.036537548228465666,-0.019492534828253794,-0.0842195283089889,-0.06653226975824408,-0.08530881835167334,-0.061128089707597776,-0.09076607660653299,0.13058987019696466,-0.01263780840510696,0.17199097929768542,-0.04849537615345256,0.019886326801415583,-0.09472683932918566,-0.030159760582616896,0.2368026260981354,-0.04787806146569941,-0.03210787941174856,0.12934714523531443,0.06587333407702468,-0.04897382297973951,0.1793465160397889,0.10566125874306505,-0.01882499229045158,-0.023466166579242827,-0.03991706977603565,-0.07509483384853616,-0.10955695343596392,-0.013780032994191185,-0.06551622135715994,0.29158140282319267,-0.08978270269838154,-0.016704077660764295,-0.06414040860567072,1.0,-0.0722809261727262,-0.03687282743171792,0.24018445073605824
42,-0.009606082467752852,0.058823421897957834,-0.0865244341233237,-0.018318408315752387,-0.07752183745867308,-0.07151099568647099,-0.054495469636063235,0.08759603374882147,0.0019024790145037275,-0.12308079990730592,-0.04918121029541182,0.11817889326584904,-0.08703579806196265,-0.08727039349241754,0.07368930407834193,-0.12893857767159891,0.03815771119601915,-0.06991839481535397,-0.048027810287519804,-0.00915934115408641,-0.0597507049434805,0.06290847265364025,-0.04430279836606726,-0.03179910069790301,0.04480975647262075,-0.07127616526754976,-0.10771638655225177,0.5443908681857329,-0.1046436684186356,-0.09363342281165705,-0.02858097452654827,0.03709287063880435,0.010770360964959027,-0.10929579573806411,-0.11089357015071546,-0.11452116490307254,0.06802865875268922,-0.08956139628642953,0.06187793293312541,-0.01677036261878968,-0.025483773615161708,-0.0722809261727262,1.0,0.0624927782746324,-0.038209051665198404
