,0,1,2,3,4,5,6,7,8,9,10,11,12,13,14,15,16,17,18,19,20,21,22,23,24,25,26,27,28,29,30,31,32,33,34,35,36,37,38,39,40,41,42,43,44,45,46,47,48,49,50
0,1.0,-0.03826961423494155,-0.1280080511912795,0.1889588152072117,0.17895313384834693,0.27317887227805737,0.2112492217306724,0.022398430633445144,-0.04999651668211294,0.14368031289789535,0.15831253425106412,-0.09244858797735755,-0.13253319822980308,-0.04709640843694768,0.24185480461219724,0.09332992743032054,-0.10852014018938995,0.34905070874300903,-0.08704451000032662,-0.01002008815858319,-0.145630435657369,0.0059561388140665665,0.33992072486065095,-0.04885225636878612,0.22998298436495476,0.11687032040664294,0.2711992052643724,-0.1097603747724558,0.06508044856158232,-0.08614766291190962,0.00981466958012441,-0.026202416502740775,0.01711611515194577,-0.06008109801553331,-0.1732801893861206,0.12772851795123244,-0.11906965786337181,0.22964151937598648,-0.1342197054328616,-0.012986607720503406,-0.09225331491687827,0.2707478994038623,-0.0804647450970101,-0.039529309339388766,0.12035367103234122,0.10481009974004982,0.012484154243229708,-0.03564677170013444,-0.035405553097184246,0.2153919085581828,-0.05561107313183663
1,-0.03826961423494155,1.0,-0.0265276628801011,-0.03108411975760068,-0.04611242291419412,-0.03659422840243377,-0.033746900196233734,-0.019835520452192827,0.0603975363465538,-0.05861351447698361,0.09546174257942248,0.12504516334517,-0.035518787786728734,-0.042967917974497644,-0.01320870802776371,-0.06965655949291313,0.015733806227631004,-0.035022549591073204,-0.024410479642934527,-0.0031959876031724304,0.018774680700458752,-0.019080222022521433,-0.03108430097191976,0.011372980392969157,-0.010166691301475171,-0.035451436013487325,-0.06371390151216672,0.15016570924058376,-0.05049806847795171,-0.04365628739227291,0.012909683385107612,0.0674225659714168,-0.024602658468112232,-0.05971215385346797,-0.05277710776527036,-0.058816248292602014,0.1150743429172767,-0.0643667326787031,0.017530085661248133,0.010962222309498717,0.22268507302504031,-0.039750140584495545,0.03980540229844132,-0.025448559161670978,-0.025384449931991907,-0.00868535509312525,-0.04758123514045377,0.48952454287049985,-0.016626868409585993,0.00522905169246563,0.062498206141652954
2,-0.1280080511912795,-0.0265276628801011,1.0,-0.0879860244254197,-0.10678959221008974,-0.004550079699678594,-0.08030222361352964,0.05947506926010127,0.05936323204562499,0.19968063872196717,-0.055207931273790624,-0.04741762220329841,0.18799463407697914,-0.12118182857518947,-0.12076339368070103,0.10740179586244758,0.23490092618301306,0.06119003188125434,0.06448734217533462,-0.01423625332261067,0.23283556090297586,-0.04950818294602022,-0.06269080849780653,0.15582748717898537,-0.020777783609224488,-0.019779528862577923,0.000555576900786196,0.10442602785671416,0.12757312600792317,0.2173742627272287,-3.931063710813521e-05,-0.029097922941648095,-0.06774967290671927,-0.045277976932611326,0.10518478361837219,-0.032064780450387145,-0.06947004065537225,-0.15265710981140573,-0.10052576131002425,-0.02519602548613055,-0.04763183875107821,-0.026262937139262095,-0.0770009283640801,-0.04909746669531684,-0.057188433126917196,-0.03248908157710134,0.3443276767651673,-0.04846577980305164,-0.011989387411138855,0.050506986848704374,-0.0702155084930037
3,0.1889588152072117,-0.03108411975760068,-0.0879860244254197,1.0,0.2279403190123075,-0.04925684929848651,0.4807471619573916,0.06494589073749629,-0.03334505041411605,-0.06519460519790603,0.0747894654819416,-0.05216985859295424,-0.07161118567254399,-0.04335168474729011,0.30297021321477957,-0.09247908234713294,-0.05658089979433727,-0.042890110896101466,-0.05407513057525572,-0.008285511341952878,-0.08907019929640878,0.29562816024691424,0.10992556328479432,-0.02802499323685902,0.12772084820131768,0.012256875399628053,0.09790490688017559,-0.06544760003069683,-0.029435431110152833,-0.06737393832648819,0.001417786386565226,-0.01768676111783893,0.30836739754773623,-0.0930126935276811,-0.10680098024306797,-0.01788634250488487,-0.07913921533733692,-0.06432188570909361,-0.08023870453651738,-0.006580842296347942,-0.055663652003323086,-0.0522499291365197,-0.023701118062354816,0.055970139643250746,0.16541411623617877,0.2363194506349496,-0.09075255083290543,-0.018638210579040124,-0.027481516365231218,0.17708236445101697,-0.042585016829020064
4,0.17895313384834693,-0.04611242291419412,-0.10678959221008974,0.2279403190123075,1.0,0.04319229822627166,0.4119666710063187,-0.021784648115645962,-0.050412817307758595,-0.06497340082491443,-0.04063320758767199,-0.06518096378574009,-0.08756271616637164,0.2507552769327426,0.08803088186273283,-0.058890919404507844,-0.07002954814805498,0.0237395076931095,-0.062234423611911796,0.013670972348026276,-0.11235251798800117,0.05325510773050556,0.43374763901516034,-0.04913713261662582,-0.047136177464342136,0.2837938169219199,0.12725727305610096,-0.09045834668058386,0.1392164508888174,0.3225059936310404,-0.01796524228452687,-0.024987578635020637,0.054298197036868716,-0.10453313066380107,-0.14334730097238746,0.0545516247236855,-0.0848541906685962,0.27290929011049847,-0.10055089082112366,-0.007581228951931361,-0.06912936146074447,0.20984250643841307,-0.07650118210036311,0.0468524361745385,0.42331971317460637,0.06768671225784181,-0.07430427155952349,-0.04810368850509188,-0.023460328203374042,-0.013202891047795031,-0.05940678044634302
5,0.27317887227805737,-0.03659422840243377,-0.004550079699678594,-0.04925684929848651,0.04319229822627166,1.0,0.019063200606718483,-0.046242604712779384,-0.04115758511964923,0.31392461030949587,-0.039785243585349794,-0.056426930643594386,-0.060587679295677474,-0.05762920671298163,-0.09318268981611559,0.14942442894309935,-0.05426516991687966,0.5569961583643779,-0.03901708070116478,-0.008248855147906315,-0.07401964018418992,-0.03405318038354205,0.20096655609279435,-0.02173997904644654,-0.05727690211713528,0.1616137125851905,0.11525487621719877,-0.07371175196684612,0.1047419288103801,-0.01798071311774324,-0.01752978752188303,-0.02137353809572806,-0.03359283736374334,-0.012423463730549344,-0.08242590405653913,0.2120047699960209,-0.06853670988235272,0.09124758129003967,-0.07760588148422998,-0.004836524031152511,-0.05395783147595078,0.17106941572643583,-0.06820021006988433,-0.05210483038082151,0.0029456113289113,-0.04084395994237254,0.31186356180664765,-0.03796263856459257,-0.011361907967125265,-0.07243748823321272,-0.04601625346301075
6,0.2112492217306724,-0.033746900196233734,-0.08030222361352964,0.4807471619573916,0.4119666710063187,0.019063200606718483,1.0,0.08226551975274551,-0.03697227421870086,-0.03185986882143417,0.012848688274320105,-0.05048062869315934,-0.06831484998902125,-0.07422192617889455,0.19195354091422887,-0.0312403481215235,-0.0569313069386966,0.08697449500401164,-0.049082238149328945,-0.0034635978280890415,-0.07970433958125395,0.029392252068977096,0.2682735691954555,-0.029669236999666178,-0.022404409477986786,0.08774792977597125,0.0993443595185526,-0.06456179338505988,-0.008486287879842553,-0.028565204005486976,-0.015548031662099712,-0.018225666049407747,0.07229969938547133,-0.07770957207649497,-0.10368318445895819,0.007919497001000392,-0.06775193592754894,0.002301542232579154,-0.07065071701255499,-0.013081675800592722,-0.04881938470690149,0.06685513355492795,-0.052198908035971214,0.033650551986384815,0.21656611251487848,0.10250107273125977,-0.061319722788981255,-0.03313779812478017,-0.024952902158016384,0.0884238564086332,-0.030098244570548473
7,0.022398430633445144,-0.019835520452192827,0.05947506926010127,0.06494589073749629,-0.021784648115645962,-0.046242604712779384,0.08226551975274551,1.0,-0.007314261460405302,-0.037939389024713825,0.08806071227293141,0.040895960623334796,-0.06990108131576342,-0.09629085344832017,0.18748923496874598,-0.09995015247905373,0.2961401921512719,0.018178542124336877,-0.027483574578979895,-0.011863022595376086,-0.05694494275380239,0.007273852364669109,0.009573442236528744,-0.037184317823563434,0.17834448239635978,-0.045172161532615406,0.04459291277934131,-0.0004969942682301809,-0.06367701558115381,-0.01751616732452837,0.13755450276738457,-0.009063912702026281,0.19032952907353481,-0.10843335851583065,-0.11051235950230369,-0.1070465390858544,-0.06494435252909628,-0.11487470098002582,-0.07818029691431011,-0.018368405720064648,-0.05388682255739823,-0.042266889056335806,0.054497869378257804,0.22946563855707727,-0.003580859450739334,0.11936309527080449,-0.04914556469355706,-0.015228682127676491,-0.02608732894199515,0.3261752076527821,-0.040953930743177755
8,-0.04999651668211294,0.0603975363465538,0.05936323204562499,-0.03334505041411605,-0.050412817307758595,-0.04115758511964923,-0.03697227421870086,-0.007314261460405302,1.0,-0.05322671675544894,0.026992772189023444,0.1851817127082422,-0.04463495114881003,-0.06292586796467048,-0.011093716398597563,-0.06972215698984706,0.3706031447048599,-0.03543206872740705,-0.02256905301222978,-0.007167980901371118,0.11949023312195753,-0.009188630439433047,-0.0316071790705094,0.0628274601565406,0.026061475051477948,-0.040548164401690304,-0.052317786319468484,0.20395823404680338,-0.047775825026441204,-0.025087431229054984,0.04207231551363119,0.008337886119869981,0.022854835288272868,-0.07229883688239602,-0.06467955900564899,-0.07399789173523365,-0.0158367134033894,-0.07900409737377215,-0.03943535794600757,-0.011393814642456944,0.029269649960486747,-0.041384559481605535,-0.01114119075027628,0.024555872208325842,-0.014089852961939327,0.0021361255389424965,-0.03623836463961109,0.006194073738272609,-0.020212958512700406,0.1955489207779208,-0.03633387828134521
9,0.14368031289789535,-0.05861351447698361,0.19968063872196717,-0.06519460519790603,-0.06497340082491443,0.31392461030949587,-0.03185986882143417,-0.037939389024713825,-0.05322671675544894,1.0,0.09562652557382274,-0.1060642238128133,0.2210800105389163,-0.03517700760265981,-0.042361773970734075,0.3172272765118729,-0.05599587874280016,0.30894517951159817,0.032048769195501446,-0.014132976288409609,0.11451182279182949,-0.06379865179659269,0.045192568462376355,0.11036335203654338,0.009627231651216926,0.009067245731864775,0.19362542823712087,-0.13049422380469994,-0.026464338927317962,0.01529171458852951,-0.031061310734546887,-0.041314284475770055,-0.0899404244242519,0.22752688086973882,0.3390297655852742,0.1672242183666674,-0.08084391379313949,0.006463844390466258,-0.11871596301527088,-0.02032011495627658,-0.09867393866345565,-0.02596697665472401,-0.11703528883636606,-0.08746326264289261,-0.03828272634218782,-0.05870393879857903,0.5072460054455252,-0.0690359035410488,-0.020164670434289055,-0.007028458503176448,-0.0855768688011882
10,0.15831253425106412,0.09546174257942248,-0.055207931273790624,0.0747894654819416,-0.04063320758767199,-0.039785243585349794,0.012848688274320105,0.08806071227293141,0.026992772189023444,0.09562652557382274,1.0,-0.07529849532458516,-0.06730865796006522,0.0019321897303404988,0.29868218930750456,-0.06735317171704827,0.008071837577359721,-0.002799748631096499,-0.029187394690986107,-0.011134256756385215,0.030652358444761354,-0.018626464637409728,-0.01236480817901503,-0.03484699718067526,0.33901101762361563,-0.027105599162149566,0.2525804780775355,-0.07081974088152322,-0.05901290779829396,-0.07344264381075016,0.04409779990429213,-0.024742897336433367,0.04362973044583135,-0.06308114385625377,-0.02670930842852911,0.18526482698063826,-0.015630755982856345,-0.08491192663855494,-0.11175885897698087,0.006334207856716633,-0.06335743685115316,-0.08316393726505267,-0.04537778371349336,0.018420434480902862,-0.023447937734668987,0.05986875131375873,-0.06333249822067005,0.03458790116460537,-0.027159380781080687,0.19377139608657212,-0.06015437729978055
11,-0.09244858797735755,0.12504516334517,-0.04741762220329841,-0.05216985859295424,-0.06518096378574009,-0.056426930643594386,-0.05048062869315934,0.040895960623334796,0.1851817127082422,-0.1060642238128133,-0.07529849532458516,1.0,-0.06648235109226383,-0.0810988583124766,-0.014969245646893137,-0.10731199871523049,0.15051540514741507,-0.05406537942278358,-0.02599409340894283,-0.008692446852925263,-0.0016268946469631292,-0.01861633069955719,-0.0459630207858847,-0.014943363520910283,-0.024697268020228112,-0.04852149218155737,-0.09897984747083449,0.3458562849156332,-0.08667449878895377,-0.0339524464167512,0.04169620675678616,0.05445957582931134,-0.008031138620285455,-0.09375239634292945,-0.09621585106490704,-0.10462441018838331,-0.021513250774720973,-0.09683511300175006,0.043454222367809464,-0.015039929396003857,0.11734014295268065,-0.04462153049101915,0.15405331944076514,-0.005788942197801508,-0.03802494250203574,-0.017264005392451733,-0.06935650676369381,0.09726428985658958,-0.017453216921447082,0.022013709180634822,0.13728948834469
12,-0.13253319822980308,-0.035518787786728734,0.18799463407697914,-0.07161118567254399,-0.08756271616637164,-0.060587679295677474,-0.06831484998902125,-0.06990108131576342,-0.04463495114881003,0.2210800105389163,-0.06730865796006522,-0.06648235109226383,1.0,0.10982717870620701,-0.1197805028951276,0.17710090891506758,-0.023949749610666704,-0.07072016083886919,0.1720258696990436,0.01512660400331286,0.125066794912658,-0.04582822691113431,-0.06981077455876492,0.08991784323198324,-0.06473255748150258,-0.0072568512140214194,-0.0784133233979259,-0.05916164917432823,0.14734671561694254,0.0829174139546428,-0.018799218531482868,-0.028330661515878083,-0.06842209296155731,0.377713286952159,0.5423276994722559,0.036627366177368746,-0.06254754008345373,0.03366590746580672,-0.07787422165184602,0.0008480410743324302,-0.05361564013760727,-0.0830370634852318,-0.07982846859103268,-0.07361477358715349,-0.057426583874033335,-0.05031942815966365,0.07156682130839825,-0.04295368769583588,0.00592381880375659,-0.07319717103759905,-0.07441376578978322
13,-0.04709640843694768,-0.042967917974497644,-0.12118182857518947,-0.04335168474729011,0.2507552769327426,-0.05762920671298163,-0.07422192617889455,-0.09629085344832017,-0.06292586796467048,-0.03517700760265981,0.0019321897303404988,-0.0810988583124766,0.10982717870620701,1.0,-0.028392889356579423,0.05585191622894592,-0.10207026092832247,-0.08662512446684664,0.004674801731335004,0.06099866127832028,-0.07345638628612232,-0.0530434856353051,-0.07271660667517849,-0.060529462390691555,-0.020797702161595343,0.061229995965308655,0.04019222506319496,-0.1077114411991689,0.1321066957747477,0.48092732215363365,-0.015683824606903103,-0.032190101299638896,-0.07922678867679356,0.2082872738212137,0.1190145761490977,0.07977179752826813,-0.07429379706715873,0.6174699219203108,-0.1074187949687692,0.011631716384783067,-0.07953272336518138,-0.07441520985399713,-0.0813107864408343,-0.08821262628097057,-0.04712385619830475,-0.032475270378422016,-0.07286712137501589,-0.048186199623943674,0.022235170471604625,-0.08099329665375532,-0.08835524605021401
14,0.24185480461219724,-0.01320870802776371,-0.12076339368070103,0.30297021321477957,0.08803088186273283,-0.09318268981611559,0.19195354091422887,0.18748923496874598,-0.011093716398597563,-0.042361773970734075,0.29868218930750456,-0.014969245646893137,-0.1197805028951276,-0.028392889356579423,1.0,-0.136387642005362,-0.038267630133777875,-0.04683335637858484,-0.07968595940923498,-0.017808333721419246,-0.10772264061392958,0.18908323920818984,0.019226191307146666,-0.036613613636402434,0.369021124931587,-0.06367358368322842,0.3057427350594043,-0.037728218372999445,-0.09851359535551725,-0.09667719989759449,0.049070465454185586,-0.011648517189151691,0.2234379480036614,-0.15298772659052656,-0.1506221683843706,-0.08729893657518441,-0.07386705441917035,-0.10683925284430335,-0.06573766074166348,-0.016861093776849814,-0.03869484275173603,-0.08988266680618012,0.05086084314027031,0.44687778497328534,0.1006672446928876,0.19740629394897222,-0.13330947230951934,-0.014224130908196977,-0.04360480151094349,0.5532402219562689,-0.0005530168951770392
15,0.09332992743032054,-0.06965655949291313,0.10740179586244758,-0.09247908234713294,-0.058890919404507844,0.14942442894309935,-0.0312403481215235,-0.09995015247905373,-0.06972215698984706,0.3172272765118729,-0.06735317171704827,-0.10731199871523049,0.17710090891506758,0.05585191622894592,-0.136387642005362,1.0,-0.09947683479372987,0.09407807764282683,0.0988146518622175,-0.008001131661961746,-0.007397288781924204,-0.06187413361515702,0.025992135144627868,-0.033128084105544124,-0.1027348949805384,0.04665984758499018,0.0662805745235169,-0.1392493817977527,0.06693699266136768,0.056820627606826754,-0.033369702882964335,-0.04137034845042991,-0.09260273169592659,0.5584123802179166,0.24698030243335173,0.27580227676429503,-0.08564410798216059,0.16586812457271433,-0.12682365205440915,0.01133096756163872,-0.1041298952046593,0.09107752361113766,-0.12146444229526296,-0.09920583837280804,-0.04641426450061508,-0.07116894727361617,0.34416694661462444,-0.07387653155865445,0.0019682520387276064,-0.11592460021561657,-0.09488433577719098
16,-0.10852014018938995,0.015733806227631004,0.23490092618301306,-0.05658089979433727,-0.07002954814805498,-0.05426516991687966,-0.0569313069386966,0.2961401921512719,0.3706031447048599,-0.05599587874280016,0.008071837577359721,0.15051540514741507,-0.023949749610666704,-0.10207026092832247,-0.038267630133777875,-0.09947683479372987,1.0,-0.008124393084968377,3.605040133205714e-05,-0.011312855437570808,0.08856979272993001,-0.022445718643377657,-0.027453678973899324,-0.005155343449680735,0.03834109783843894,-0.03975515518847411,0.009577864387052206,0.2823631034739616,-0.055743763289765255,0.028020834031888785,0.037695107594867175,-0.007006801982078044,0.10599043862046582,-0.10380166647586511,-0.09183457552540876,-0.10838092346552747,-0.064534884500207,-0.11918695333995492,-0.07167293969157765,-0.019319689048269802,-0.04267764113755257,-0.040923944743771194,-0.012616337347751415,0.1098295318542461,-0.040838939102886426,0.013767887576514686,-0.009625827630031364,-0.011401234373233413,-0.01513452636115043,0.1680108222430855,-0.05435177414894754
17,0.34905070874300903,-0.035022549591073204,0.06119003188125434,-0.042890110896101466,0.0237395076931095,0.5569961583643779,0.08697449500401164,0.018178542124336877,-0.03543206872740705,0.30894517951159817,-0.002799748631096499,-0.05406537942278358,-0.07072016083886919,-0.08662512446684664,-0.04683335637858484,0.09407807764282683,-0.008124393084968377,1.0,-0.04285522822321158,-0.007773549963210654,-0.07220936030066955,-0.02733816582784251,0.1951497583991483,-0.008327840551124954,-0.03655556989495219,0.05811808485309907,0.20240994933349948,-0.06203250007439008,0.04864919719465098,-0.003799535044872909,-0.016440750191777702,-0.0200003806770295,-0.008865425811845976,-0.050928666550647046,-0.10006000206313986,0.07425821869135593,-0.06240323406812767,0.029726470158563747,-0.07512931556314606,-0.01750383069465277,-0.0517156002917769,0.17089677268868342,-0.06682838332496177,-0.016681739460383677,-0.005610404052299316,-0.031510081451829236,0.2503541125891817,-0.037572974446806864,-0.01857779261078812,-0.0316828300274925,-0.039008400683102906
18,-0.08704451000032662,-0.024410479642934527,0.06448734217533462,-0.05407513057525572,-0.062234423611911796,-0.03901708070116478,-0.049082238149328945,-0.027483574578979895,-0.02256905301222978,0.032048769195501446,-0.029187394690986107,-0.02599409340894283,0.1720258696990436,0.004674801731335004,-0.07968595940923498,0.0988146518622175,3.605040133205714e-05,-0.04285522822321158,1.0,-0.004964956718215459,0.06625285899918996,-0.02784410082644956,-0.041424867006716805,-0.01296197670854884,-0.04514358276771897,-0.04465397599616,-0.06025886684335019,0.000605377082795391,0.03151702702328812,-0.012972215713214417,-0.00871944276135805,-0.016277293366983615,-0.03974763947177222,0.1619383809391668,0.15586669706551498,0.07659078871100812,-0.01149339945314104,-0.032809334770335465,-0.03833242308564286,-0.01111998175326381,-0.03142398391084476,-0.04804165541550459,-0.044658162829605136,-0.03806666134907264,-0.0353846204426706,-0.029285504216560777,0.017194482192202345,-0.02734852027928924,-0.002599689035178848,-0.04842911337903958,-0.04580907868706724
19,-0.01002008815858319,-0.0031959876031724304,-0.01423625332261067,-0.008285511341952878,0.013670972348026276,-0.008248855147906315,-0.0034635978280890415,-0.011863022595376086,-0.007167980901371118,-0.014132976288409609,-0.011134256756385215,-0.008692446852925263,0.01512660400331286,0.06099866127832028,-0.017808333721419246,-0.008001131661961746,-0.011312855437570808,-0.007773549963210654,-0.004964956718215459,1.0,-0.012351847912057592,-0.0058836228787348885,0.008276627166610605,-0.008339863752700155,-0.012143194503572135,-0.0037949845375787705,-0.006780938177068154,-0.011580175892768555,-0.006244115886580526,0.000829692949736653,-0.0030763001208183316,-0.0036275962155790783,-0.008697840717271687,0.008266561230015672,-0.005805590577587722,-0.017110637074611922,-0.0021835119975251154,-0.002157271435933741,-0.010815964859522884,0.0009492048997777113,-0.0071663229034563845,0.021257017809913067,-0.00824565211183215,-0.010119843154271346,0.04043150467583045,-0.007120387350297009,-0.010460390195461718,-0.005959224159710113,-0.0009703054844246763,-0.015667852537225378,-0.008265925913444402
20,-0.145630435657369,0.018774680700458752,0.23283556090297586,-0.08907019929640878,-0.11235251798800117,-0.07401964018418992,-0.07970433958125395,-0.05694494275380239,0.11949023312195753,0.11451182279182949,0.030652358444761354,-0.0016268946469631292,0.125066794912658,-0.07345638628612232,-0.10772264061392958,-0.007397288781924204,0.08856979272993001,-0.07220936030066955,0.06625285899918996,-0.012351847912057592,1.0,-0.04537824767374872,-0.06682460369942023,0.36021131140343843,-0.05431536112690806,-0.08832079867488167,-0.11518771169513795,0.26319074764693273,-0.04099593064553588,-0.047083135320914696,-0.021474066049308536,-0.026572772011226924,-0.014390551232548319,0.023333883530461633,0.3722018156178708,-0.04020093421827497,0.1180822433849557,-0.12102901332252404,0.06318780298393135,-0.014053865714375256,0.06121222615138494,-0.09458835759004103,-0.057830585436878384,-0.05408240105015752,-0.06008494228398708,-0.05867282173578556,0.06385560201918328,-0.032654251599631826,-0.029036808346604652,0.042825271894367335,-0.05251773627642084
21,0.0059561388140665665,-0.019080222022521433,-0.04950818294602022,0.29562816024691424,0.05325510773050556,-0.03405318038354205,0.029392252068977096,0.007273852364669109,-0.009188630439433047,-0.06379865179659269,-0.018626464637409728,-0.01861633069955719,-0.04582822691113431,-0.0530434856353051,0.18908323920818984,-0.06187413361515702,-0.022445718643377657,-0.02733816582784251,-0.02784410082644956,-0.0058836228787348885,-0.04537824767374872,1.0,0.00457475518053407,-0.025395772629719614,8.234130349482182e-05,-0.03440539725020548,0.007464260052925607,-0.03485858068932212,-0.02175503461727308,-0.046036204913552474,-0.0036848188971827737,-0.0013988076580660985,0.4220393858870646,-0.0564158147322317,-0.05922295934264607,-0.06581085137703484,-0.04267340329974732,-0.059630474762455345,-0.040376130614187655,-0.007540298700565761,-0.027923635529085854,-0.03421285557011566,0.05232478807438826,0.16396118997805575,0.0447016849770301,0.6485568676324571,-0.046387595314411126,-0.010462098720816977,-0.01555963750600638,0.09325129716522837,-0.02694177632903072
22,0.33992072486065095,-0.03108430097191976,-0.06269080849780653,0.10992556328479432,0.43374763901516034,0.20096655609279435,0.2682735691954555,0.009573442236528744,-0.0316071790705094,0.045192568462376355,-0.01236480817901503,-0.0459630207858847,-0.06981077455876492,-0.07271660667517849,0.019226191307146666,0.025992135144627868,-0.027453678973899324,0.1951497583991483,-0.041424867006716805,0.008276627166610605,-0.06682460369942023,0.00457475518053407,1.0,-0.02555354820443447,-0.015969845902141625,0.2540772302056616,0.09630282256903554,-0.060306120299503455,0.26214930373346745,-0.013586404993315971,-0.00920388784017264,-0.016982685618348425,0.028916287645087874,-0.05850275855945239,-0.09450635306949302,0.19987271366339873,-0.06114874859669112,0.11380675706250631,-0.06467942317340536,-0.007639146445479054,-0.04532548157297342,0.23728890536795477,-0.04568849531634975,0.038145318181267894,0.5466140897131472,-0.0004197306316259409,0.022746877735119426,-0.030626247035157563,-0.019350986795962512,0.009291284167963595,-0.018253187956616408
23,-0.04885225636878612,0.011372980392969157,0.15582748717898537,-0.02802499323685902,-0.04913713261662582,-0.02173997904644654,-0.029669236999666178,-0.037184317823563434,0.0628274601565406,0.11036335203654338,-0.03484699718067526,-0.014943363520910283,0.08991784323198324,-0.060529462390691555,-0.036613613636402434,-0.033128084105544124,-0.005155343449680735,-0.008327840551124954,-0.01296197670854884,-0.008339863752700155,0.36021131140343843,-0.025395772629719614,-0.02555354820443447,1.0,0.016293048593670905,-0.03897365698093666,-0.02371509456522792,0.13778410707772976,-0.05637081413501216,-0.036653388034716544,-0.013489583939010338,-0.01415760003358198,-0.03800410368564071,-0.04176861051222379,0.04993464590838118,-0.05094796876303968,0.013121351476130442,-0.06935156050100588,0.021531513165711065,-0.012258009249690801,0.1292279869333934,-0.047416227126326045,-0.029702050782085203,-0.037405395238028105,-0.020301934853082834,-0.028246042138551006,0.023919202052060974,-0.010891350229668214,-0.017061351773743516,0.02853943399090885,-0.024693750239524914
24,0.22998298436495476,-0.010166691301475171,-0.020777783609224488,0.12772084820131768,-0.047136177464342136,-0.05727690211713528,-0.022404409477986786,0.17834448239635978,0.026061475051477948,0.009627231651216926,0.33901101762361563,-0.024697268020228112,-0.06473255748150258,-0.020797702161595343,0.369021124931587,-0.1027348949805384,0.03834109783843894,-0.03655556989495219,-0.04514358276771897,-0.012143194503572135,-0.05431536112690806,8.234130349482182e-05,-0.015969845902141625,0.016293048593670905,1.0,-0.04075471220017168,0.17426526520418453,-0.007543390391276054,-0.10081528266276887,-0.0773848483882795,0.018997558937667976,-0.0028602352934061666,0.061264597838703944,-0.09970067755835002,-0.07217307795758056,-0.027949618922398667,-0.05586207178411255,-0.0969966946716065,-0.07535124170954799,-0.006705893940195844,-0.04775437147353541,-0.07260673320664754,0.00739020274471801,0.025243018045879893,0.006110797567583615,0.12123865423439165,-0.07360545535444084,-0.0027116621736275252,-0.02756119769320547,0.32566185441771855,-0.040651082393605945
25,0.11687032040664294,-0.035451436013487325,-0.019779528862577923,0.012256875399628053,0.2837938169219199,0.1616137125851905,0.08774792977597125,-0.045172161532615406,-0.040548164401690304,0.009067245731864775,-0.027105599162149566,-0.04852149218155737,-0.0072568512140214194,0.061229995965308655,-0.06367358368322842,0.04665984758499018,-0.03975515518847411,0.05811808485309907,-0.04465397599616,-0.0037949845375787705,-0.08832079867488167,-0.03440539725020548,0.2540772302056616,-0.03897365698093666,-0.04075471220017168,1.0,0.06177001099125447,-0.07475597191517433,0.13455397992153362,0.2228114476251966,-0.013177923391357003,-0.021856725847159655,-0.046747413685236106,-0.0567462177466689,-0.1037214920737587,0.4913069365249952,-0.06411498148146155,0.057701219876789486,-0.08136225376689568,0.017098647135254885,-0.05605290585601614,0.1202537407067341,-0.06734842723538473,-0.05453654109600616,0.07552145121358238,0.016327928983406414,0.0006981708303048298,-0.034765143112208144,-0.01420031643505559,-0.07206991725392096,-0.061302560235603515
26,0.2711992052643724,-0.06371390151216672,0.000555576900786196,0.09790490688017559,0.12725727305610096,0.11525487621719877,0.0993443595185526,0.04459291277934131,-0.052317786319468484,0.19362542823712087,0.2525804780775355,-0.09897984747083449,-0.0784133233979259,0.04019222506319496,0.3057427350594043,0.0662805745235169,0.009577864387052206,0.20240994933349948,-0.06025886684335019,-0.006780938177068154,-0.11518771169513795,0.007464260052925607,0.09630282256903554,-0.02371509456522792,0.17426526520418453,0.06177001099125447,1.0,-0.1329646365432514,-0.06123595216735674,0.04696685806791179,-0.024871949823189948,-0.03631855871761061,0.04862672475695815,-0.06731646472773987,-0.08857836341385272,0.1936212491790154,-0.11787009591722433,0.11948963225619116,-0.14264934620411968,-0.011364832310726197,-0.1008089314625134,0.06033600486544791,-0.10629673991533625,0.04512765819340331,0.04094550142072702,0.0009101319048786301,0.101199544778234,-0.05977542547283088,-0.02559083908169889,0.10331675029023402,-0.07803799604019215
27,-0.1097603747724558,0.15016570924058376,0.10442602785671416,-0.06544760003069683,-0.09045834668058386,-0.07371175196684612,-0.06456179338505988,-0.0004969942682301809,0.20395823404680338,-0.13049422380469994,-0.07081974088152322,0.3458562849156332,-0.05916164917432823,-0.1077114411991689,-0.037728218372999445,-0.1392493817977527,0.2823631034739616,-0.06203250007439008,0.000605377082795391,-0.011580175892768555,0.26319074764693273,-0.03485858068932212,-0.060306120299503455,0.13778410707772976,-0.007543390391276054,-0.07475597191517433,-0.1329646365432514,1.0,-0.11721726377055627,-0.06511455517450188,-0.0008224585972515517,0.012935141937294985,-0.041201709135868195,-0.11813170479747379,-0.10484062050567867,-0.13775600940571556,0.04513304483659902,-0.1305888288019774,0.10889999616034685,-0.01584526700243158,0.30867513104406763,-0.07298885330930092,0.007050555906188373,-0.022469625300521538,-0.04957415868070103,-0.03328847639824902,-0.08788482726206166,0.09279225801554392,-0.026575461954010768,0.0333925384776638,0.013545424744038092
28,0.06508044856158232,-0.05049806847795171,0.12757312600792317,-0.029435431110152833,0.1392164508888174,0.1047419288103801,-0.008486287879842553,-0.06367701558115381,-0.047775825026441204,-0.026464338927317962,-0.05901290779829396,-0.08667449878895377,0.14734671561694254,0.1321066957747477,-0.09851359535551725,0.06693699266136768,-0.055743763289765255,0.04864919719465098,0.03151702702328812,-0.006244115886580526,-0.04099593064553588,-0.02175503461727308,0.26214930373346745,-0.05637081413501216,-0.10081528266276887,0.13455397992153362,-0.06123595216735674,-0.11721726377055627,1.0,0.1298654865305534,-0.015821749923135515,-0.037618118044844134,-0.04770254839516828,0.09891360079495817,0.06325844095143847,0.13891537444833146,-0.08775130467541631,0.17019232372580267,-0.14322094357387738,0.016379700893245645,-0.09652484530947067,0.17734846509299265,-0.09654951048960422,-0.03550819694923926,0.06436005618770638,-0.022847499290856024,0.15000723984473224,-0.04818093487132563,0.0481681181359884,-0.08402608389471021,-0.0914120070901325
29,-0.08614766291190962,-0.04365628739227291,0.2173742627272287,-0.06737393832648819,0.3225059936310404,-0.01798071311774324,-0.028565204005486976,-0.01751616732452837,-0.025087431229054984,0.01529171458852951,-0.07344264381075016,-0.0339524464167512,0.0829174139546428,0.48092732215363365,-0.09667719989759449,0.056820627606826754,0.028020834031888785,-0.003799535044872909,-0.012972215713214417,0.000829692949736653,-0.047083135320914696,-0.046036204913552474,-0.013586404993315971,-0.036653388034716544,-0.0773848483882795,0.2228114476251966,0.04696685806791179,-0.06511455517450188,0.1298654865305534,1.0,-0.012576551872751399,-0.027744709162266443,-0.06461422815361292,0.01799756956224606,0.04434013702567246,0.01850622796759851,-0.07133173955018707,0.1442169985711636,-0.10398709984906898,-0.00851101125140693,-0.06590495491635384,0.1252379622118871,-0.08905994704878573,-0.0674612873906052,0.014375254908092775,-0.022316810054250687,0.16320463837515486,-0.05141050893641691,-0.014712653872969559,-0.08155751219483834,-0.0748498492941804
30,0.00981466958012441,0.012909683385107612,-3.931063710813521e-05,0.001417786386565226,-0.01796524228452687,-0.01752978752188303,-0.015548031662099712,0.13755450276738457,0.04207231551363119,-0.031061310734546887,0.04409779990429213,0.04169620675678616,-0.018799218531482868,-0.015683824606903103,0.049070465454185586,-0.033369702882964335,0.037695107594867175,-0.016440750191777702,-0.00871944276135805,-0.0030763001208183316,-0.021474066049308536,-0.0036848188971827737,-0.00920388784017264,-0.013489583939010338,0.018997558937667976,-0.013177923391357003,-0.024871949823189948,-0.0008224585972515517,-0.015821749923135515,-0.012576551872751399,1.0,0.00148500190065149,0.02447269074296958,-0.029849099968318596,-0.03054817745207519,-0.031138952119327,-0.016473615424291068,-0.03217592479697227,-0.020624519213620372,-0.0021796326879052865,-0.013253429581837922,-0.013305176313974472,0.025772285387975106,0.014034413742550038,-0.010427315668746107,0.04497240953241714,-0.023320408055009477,0.018565288984948213,-0.007956645395656802,0.01740600550734931,-0.007586674606308018
31,-0.026202416502740775,0.0674225659714168,-0.029097922941648095,-0.01768676111783893,-0.024987578635020637,-0.02137353809572806,-0.018225666049407747,-0.009063912702026281,0.008337886119869981,-0.041314284475770055,-0.024742897336433367,0.05445957582931134,-0.028330661515878083,-0.032190101299638896,-0.011648517189151691,-0.04137034845042991,-0.007006801982078044,-0.0200003806770295,-0.016277293366983615,-0.0036275962155790783,-0.026572772011226924,-0.0013988076580660985,-0.016982685618348425,-0.01415760003358198,-0.0028602352934061666,-0.021856725847159655,-0.03631855871761061,0.012935141937294985,-0.037618118044844134,-0.027744709162266443,0.00148500190065149,1.0,-0.008178057674954501,-0.03538526256262418,-0.03678338678700468,-0.04084019628217565,-0.01691157659302822,-0.03761433621250068,-0.01783556801132996,-0.006140725208224173,0.09090250754014317,-0.023304858134529073,0.02575592228395332,-0.01019654620587628,-0.012012110620099705,-0.006064991505156959,-0.028751878938165835,0.19555801632442546,-0.008856976451155123,-0.003111933960755575,0.2166295746843046
32,0.01711611515194577,-0.024602658468112232,-0.06774967290671927,0.30836739754773623,0.054298197036868716,-0.03359283736374334,0.07229969938547133,0.19032952907353481,0.022854835288272868,-0.0899404244242519,0.04362973044583135,-0.008031138620285455,-0.06842209296155731,-0.07922678867679356,0.2234379480036614,-0.09260273169592659,0.10599043862046582,-0.008865425811845976,-0.03974763947177222,-0.008697840717271687,-0.014390551232548319,0.4220393858870646,0.028916287645087874,-0.03800410368564071,0.061264597838703944,-0.046747413685236106,0.04862672475695815,-0.041201709135868195,-0.04770254839516828,-0.06461422815361292,0.02447269074296958,-0.008178057674954501,1.0,-0.08620273044578541,-0.09163341649297957,-0.09526163763154513,-0.05999237633829616,-0.08997329476554436,-0.06109553644106269,-0.012994813053265893,-0.04311299057445385,-0.02623761461228263,0.06105120805743472,0.3116361580980743,0.048336869049070745,0.23191775951688648,-0.05689193810154456,-0.01582486306780534,-0.023722205093957054,0.1462683655076077,-0.032382941494064024
33,-0.06008109801553331,-0.05971215385346797,-0.045277976932611326,-0.0930126935276811,-0.10453313066380107,-0.012423463730549344,-0.07770957207649497,-0.10843335851583065,-0.07229883688239602,0.22752688086973882,-0.06308114385625377,-0.09375239634292945,0.377713286952159,0.2082872738212137,-0.15298772659052656,0.5584123802179166,-0.10380166647586511,-0.050928666550647046,0.1619383809391668,0.008266561230015672,0.023333883530461633,-0.0564158147322317,-0.05850275855945239,-0.04176861051222379,-0.09970067755835002,-0.0567462177466689,-0.06731646472773987,-0.11813170479747379,0.09891360079495817,0.01799756956224606,-0.029849099968318596,-0.03538526256262418,-0.08620273044578541,1.0,0.4679884213311646,0.2547610985852343,-0.06108368076970524,0.20555278858391307,-0.09713202016191527,0.04755555361964899,-0.08768255930826396,-0.07506827951173788,-0.09761557658081436,-0.09690497018850194,-0.06712291326593142,-0.06982828966607721,0.0813601791855495,-0.06253471199648554,0.01907211336868327,-0.12790103046404358,-0.08759094837477968
34,-0.1732801893861206,-0.05277710776527036,0.10518478361837219,-0.10680098024306797,-0.14334730097238746,-0.08242590405653913,-0.10368318445895819,-0.11051235950230369,-0.06467955900564899,0.3390297655852742,-0.02670930842852911,-0.09621585106490704,0.5423276994722559,0.1190145761490977,-0.1506221683843706,0.24698030243335173,-0.09183457552540876,-0.10006000206313986,0.15586669706551498,-0.005805590577587722,0.3722018156178708,-0.05922295934264607,-0.09450635306949302,0.04993464590838118,-0.07217307795758056,-0.1037214920737587,-0.08857836341385272,-0.10484062050567867,0.06325844095143847,0.04434013702567246,-0.03054817745207519,-0.03678338678700468,-0.09163341649297957,0.4679884213311646,1.0,0.05035231295833065,0.02682479272227566,0.04178916327182726,-0.035393623022890175,-0.005679931266676288,-0.07775401906980207,-0.1179580423226098,-0.09885348588175459,-0.1003473700010313,-0.07637522801155,-0.0709829928076422,0.1407219031992443,-0.06354489943861355,-0.003096525864074214,-0.10075226172819637,-0.08055255380097565
35,0.12772851795123244,-0.058816248292602014,-0.032064780450387145,-0.01788634250488487,0.0545516247236855,0.2120047699960209,0.007919497001000392,-0.1070465390858544,-0.07399789173523365,0.1672242183666674,0.18526482698063826,-0.10462441018838331,0.036627366177368746,0.07977179752826813,-0.08729893657518441,0.27580227676429503,-0.10838092346552747,0.07425821869135593,0.07659078871100812,-0.017110637074611922,-0.04020093421827497,-0.06581085137703484,0.19987271366339873,-0.05094796876303968,-0.027949618922398667,0.4913069365249952,0.1936212491790154,-0.13775600940571556,0.13891537444833146,0.01850622796759851,-0.031138952119327,-0.04084019628217565,-0.09526163763154513,0.2547610985852343,0.05035231295833065,1.0,-0.06075429459705116,0.0796093452368281,-0.12580274111844228,0.053893310029310595,-0.10351412829631837,-0.011467755734206423,-0.10398796762170542,-0.11266382680918308,0.031812510425383765,-0.040920488602062585,-0.0042914505830777255,-0.05543640070402349,0.011407480831694645,-0.10144840434069616,-0.09594753766357604
36,-0.11906965786337181,0.1150743429172767,-0.06947004065537225,-0.07913921533733692,-0.0848541906685962,-0.06853670988235272,-0.06775193592754894,-0.06494435252909628,-0.0158367134033894,-0.08084391379313949,-0.015630755982856345,-0.021513250774720973,-0.06254754008345373,-0.07429379706715873,-0.07386705441917035,-0.08564410798216059,-0.064534884500207,-0.06240323406812767,-0.01149339945314104,-0.0021835119975251154,0.1180822433849557,-0.04267340329974732,-0.06114874859669112,0.013121351476130442,-0.05586207178411255,-0.06411498148146155,-0.11787009591722433,0.04513304483659902,-0.08775130467541631,-0.07133173955018707,-0.016473615424291068,-0.01691157659302822,-0.05999237633829616,-0.06108368076970524,0.02682479272227566,-0.06075429459705116,1.0,-0.09252086698115175,0.3175052397827758,-0.009234549456391308,0.09102937212245518,-0.06428348321830646,0.08942485097657908,-0.06931977438647062,-0.05139685580500965,-0.05252759963746817,-0.06291247601408509,0.011674082274262424,-0.030317616045086888,-0.08778306005762133,0.11487028220050818
