,0,1,2,3,4,5,6,7,8,9,10,11,12,13,14,15,16,17,18,19,20,21,22,23,24,25,26,27,28,29,30,31,32,33,34,35,36,37,38,39,40,41,42,43,44,45,46,47,48,49,50,51,52,53,54
0,1.0,-0.01816894304215578,-0.06567058748071507,0.30902147988429346,0.15523123192290353,-0.041539282746852486,0.26746072883458205,0.028323946104627098,-0.035058345010147915,-0.017373266378019333,0.1897997323308628,-0.0750226583890712,-0.09129815368061751,-0.013341425591725346,-0.026685045317425278,-0.1058198039757414,-0.07199036141399764,0.05196798094539674,-0.11710406670601517,-0.01336170422986352,-0.11170044490586536,0.18386339453446837,0.10721442989002532,-0.11031340683547974,0.25656139763397323,0.05354666268585555,0.22450590139314675,0.0013106931108497737,-0.10463306532765204,-0.07650634694893203,0.01679812415884502,-0.019378705377463678,-0.04675535983755977,0.17162573328945818,-0.1259284676411439,-0.0019389651539239387,-0.09836836802892225,-0.03641461759063483,-0.1014930967677702,-0.005276700842093991,-0.07236667545174538,-0.04979366995870814,-0.05512720687753836,0.18542015705868245,0.1407498461135311,0.25472108473122884,-0.06428018756321496,-0.06058409583509555,-0.03324521244905619,0.24080537502088423,-0.05938987887329512,-0.06984252275187172,0.39108305951677536,-0.02622734489610623,-0.10337809619001799
1,-0.01816894304215578,1.0,-0.023137891372607695,-0.007904643762210992,-0.042701699132338095,-0.03332194940926018,-0.029961070178448734,-0.021787492056842783,0.004604892681987363,-0.059995616895451395,0.053785318520739506,0.03429021263873315,-0.03745955843866184,-0.04009302375826143,-0.02566469916022448,-0.0655226185862898,-0.01601186964785142,-0.04673887026594675,-0.055919326300571934,-0.004951948763224771,-0.029531190699205963,-0.014114567783577545,-0.027813812574048153,-0.043912804226680924,-0.004485296406735331,-0.029638429240221694,-0.054088447706081844,0.16582212577574962,-0.04284351651164785,-0.045958233723310316,0.023707370955309233,0.1755389607026962,-0.029777664237084677,-0.03178205254733145,-0.055809999873499896,-0.03656745848289101,0.018514596028791824,-0.05818246145427935,-0.008384343307495398,0.003914906046685386,0.2604925876576609,-0.032826133279029966,0.020345206618261724,-0.02237803179564521,-0.023148335925100724,-0.0018937563268775293,-0.037702212599769566,0.38524723381866505,-0.014879742686675801,-0.010140933333016876,0.31283591288348345,-0.02456723713100508,-0.017397190425154477,-0.012859209560877506,-0.04334164492940811
2,-0.06567058748071507,-0.023137891372607695,1.0,-0.07710517342796136,-0.06254514557216984,-0.03741649175442499,-0.04641392128535733,-0.05399876869793544,-0.01559937914129376,0.0168936721953449,-0.018106250130782337,-0.03810616818577618,0.10305851984379566,0.0265334049855866,-0.04449135239988143,0.09383769270607242,-0.042149195955469496,0.007179670126929412,0.16264600968418422,0.0016708098293455123,0.07430110656354584,-0.02697766585367994,-0.04132302937830782,0.029473559862810448,-0.04043160162616258,-0.04335862164174362,-0.06392245710906351,-0.05692408394802757,0.03399972057896936,0.0032512916372355594,-0.013887561128421988,-0.016979973775495684,-0.03500343410125638,-0.07713196353153276,0.18054534779267398,0.10822921992477173,0.0019620414552819726,-0.01649475461379503,-0.03692747492866072,-0.007396825368093543,-0.03062237697718494,-0.04718858575400451,-0.028362313523367554,-0.041077466584365924,-0.035101985945183725,-0.032477706455493256,-0.05461212566784905,-0.03174740040822671,-0.009794999797740641,-0.04563999298294584,-0.04180173353754825,0.578260866501755,-0.038030837911945045,-0.013439035739123499,-0.003928608843602651
3,0.30902147988429346,-0.007904643762210992,-0.07710517342796136,1.0,0.07327968571887047,-0.0944017013877317,0.17966587379883775,0.19862719564079817,-0.010939592892849653,-0.039911598583069474,0.3008520808861881,-0.02448597119395891,-0.1179434072386426,-0.014440762519578303,0.44534453115845496,-0.138522848237623,-0.05568418030579825,-0.061245923136381414,-0.15054567464120835,-0.017348998307108985,-0.10619646005058438,0.17453537731898489,0.04804980173024716,-0.12190626519749959,0.34489884829800027,-0.06290847935638512,0.3106162836499405,0.08509484551434374,-0.10753808119799597,-0.09013563704188296,0.051278478007487596,-0.010805215347883527,0.028531158944113802,0.1593696615953829,-0.14646660587869526,-0.08715490491195255,-0.06255546676689852,-0.10506389404104653,-0.06177990606675111,-0.015479937730248399,-0.037111069358911924,-0.04558717929098278,0.022119216144855573,0.1910903359447178,0.08208854989279943,0.20608125038911346,-0.09052933398629368,-0.016176366081892664,-0.042768586469004166,0.5492608323462778,-0.0056774661319693494,-0.07292857460061494,0.2520514447995419,-0.03613952744573936,-0.12939852740828428
4,0.15523123192290353,-0.042701699132338095,-0.06254514557216984,0.07327968571887047,1.0,0.05160468052810658,0.38691004856893046,-0.028734311077500515,-0.0497652601027934,-0.05367597080376836,-0.03806752578076536,-0.07164682515308693,-0.09002928233413635,0.2568316736120037,0.032931287236515394,-0.05849663114010306,-0.07097323241911983,0.2057301988536702,-0.1027095494387236,0.013927016298057033,-0.11123257936980108,0.03911165038472096,0.43691154839615387,-0.10972613595192761,-0.0539672253261749,0.2921269801356482,0.1386471072301141,-0.09068400364381043,0.14998159937894634,0.326025235592586,-0.01873650646775495,-0.025610354774064408,-0.05678153325424265,0.2483605173974256,-0.14158632216200806,-0.04808983074828145,-0.08251944712442302,0.287353384843546,-0.10126845056221209,-0.005679295775222462,-0.07189711989937297,0.018648182273575183,-0.05588717783308302,0.04458697587253552,0.43774378625503024,0.056968664518676576,0.21208038673244145,-0.08168899941558988,-0.0232506740149286,-0.031244895193649484,-0.054399733480479016,-0.05809942489672611,0.19546782021020734,-0.05055805300401492,-0.0661693255073336
5,-0.041539282746852486,-0.03332194940926018,-0.03741649175442499,-0.0944017013877317,0.05160468052810658,1.0,0.019382961112337626,-0.04468780657509524,-0.04097620713186892,0.3198135965455759,-0.040006319586414096,-0.060545193745145026,-0.0630255162255006,-0.05877956399160511,-0.051876552950533325,0.15209317560204239,-0.05564839457776118,0.34872955859848875,-0.009625306416579401,-0.0081782767491223,-0.07383152767128887,-0.03368241876118467,0.17386417814063895,-0.002222279213257459,-0.05695622825908543,0.15432365638483503,0.12523109288350853,-0.08482715832368415,0.12065974954975742,-0.019044164676312314,-0.017274297641795423,-0.021522165313147296,-0.03563070358839612,0.31569461262977433,-0.08024439850729012,0.03914805144106499,-0.06775756247413423,0.08775802128930618,-0.07856946197304862,-0.002596264653870817,-0.05629643882154722,0.5499180646997431,-0.046951464606350385,-0.033022352975090236,0.019282044000624863,-0.040770096798486866,0.16776560492461057,-0.06562019007904776,-0.01142330958485949,-0.07264616593428272,-0.044242512089661776,-0.029176464968783938,-0.04778983561711294,-0.025420056704443694,0.33392647891816796
6,0.26746072883458205,-0.029961070178448734,-0.04641392128535733,0.17966587379883775,0.38691004856893046,0.019382961112337626,1.0,0.09084921077219137,-0.03575969188960177,-0.029447315071783914,0.015871418990838236,-0.054995693081058124,-0.06968309786663754,-0.07364460044015302,0.026070874500401443,-0.032591193593143955,-0.05035285411369156,0.12379002161649073,-0.07604566936085641,-0.0033126676852938733,-0.07894326031512805,0.02814741338637698,0.26104545612403823,-0.08075330770196812,-0.0380761390901638,0.08630159694955046,0.1129756466154711,-0.06073618541517335,-0.009048009355111915,-0.028243524632745674,-0.01493032129357653,-0.01840757724951252,-0.050465131307600795,0.24776017202046624,-0.1014718866877228,-0.06856835695030651,-0.06594525244341524,0.0037311107168151746,-0.07145877570342227,-0.01193810056793498,-0.051035551066752914,0.08048039992843839,-0.044745883231299924,0.07832723052901157,0.22815611816307385,0.1062354197918825,0.06532192871970598,-0.05908913303793467,-0.02474391837340893,0.07613751363568749,-0.02658614056498124,-0.04791205682962581,0.4802780406613776,-0.031298910702800484,-0.057650340142040464
7,0.028323946104627098,-0.021787492056842783,-0.05399876869793544,0.19862719564079817,-0.028734311077500515,-0.04468780657509524,0.09084921077219137,1.0,-0.0038094769282021337,-0.03144013896409419,0.09284729698363155,-0.008020944337577416,-0.07206565204565274,-0.09589040191167189,0.2408245408817652,-0.09928074257092598,0.3228282249905724,-0.07638319532156038,-0.10853357636834744,-0.01215298624378312,-0.06049411277255133,0.004571288238119345,0.056628309032502065,0.05237004916195832,0.21903528572543296,-0.0403845240452356,0.05445953699562437,0.24154695306095672,-0.06677820961513235,-0.015212395896951132,0.134960703702902,-0.009925375097346381,0.25775014519728506,0.028903264292709997,-0.11028936830824354,-0.09454403072411344,-0.0679101330763339,-0.11318035578335284,-0.07792757526867118,-0.01819722420614435,-0.058012088977078345,0.02702796312958817,-0.045892330276323993,0.20346318790734189,-0.001565006116846861,0.12880805564446482,-0.04239001612664933,-0.03512216685046144,-0.02757623899405641,0.29659541339518186,-0.040299136191237636,0.00508179480319848,0.09561689414538177,-0.037999047742064446,-0.04844139417522583
8,-0.035058345010147915,0.004604892681987363,-0.01559937914129376,-0.010939592892849653,-0.0497652601027934,-0.04097620713186892,-0.03575969188960177,-0.0038094769282021337,1.0,-0.05540591958126154,0.01765862234565483,0.1957154298873368,-0.042463214829842374,-0.061639874709002285,0.023002680967739567,-0.06764019875797807,0.2543440727870975,-0.0653336530270609,-0.0713983669400208,-0.0070363572913998505,0.12308268469249511,-0.008858504424882393,-0.022295517204517484,0.07770077922362335,0.031082944132118043,-0.03941965719762306,-0.06384912286563642,0.05853834692144623,-0.044081046151707735,-0.02647465207434164,0.04852353724276589,0.00942017575839283,0.3922757795081693,-0.050787733464468535,-0.06369954624560423,-0.05876293465384764,-0.018628419114960586,-0.07632241301598353,-0.03182212242975584,-0.010987640316593314,0.033488343592592694,-0.034846505290420444,-0.03010668243560695,0.013221076356909051,-0.015867680207459885,0.0021796839363752434,-0.03945055547546179,0.17438914178865633,-0.019794331707318123,0.18972433107633102,-0.035491002461932236,-0.022656941299125846,-0.027348944001481065,0.0636928986376988,-0.048873096125558665
9,-0.017373266378019333,-0.059995616895451395,0.0168936721953449,-0.039911598583069474,-0.05367597080376836,0.3198135965455759,-0.029447315071783914,-0.03144013896409419,-0.05540591958126154,1.0,0.09588621049611472,-0.11284656674472164,0.21544872581814198,-0.03624828232666919,-0.0849291133903724,0.31862371306428494,-0.07761823955306776,0.23262644012453843,0.2229570937466741,-0.014496088423305211,0.1009656336204002,-0.06271171965329413,0.0296425077455866,0.19835677696485937,0.008422242231267306,0.007774445780937271,0.19947339708871537,-0.1435656096916947,-0.017419107580195853,0.014193696001833876,-0.03021684822182448,-0.04105201308936585,0.0024425697593870067,0.14816935869855,0.32633112127854114,0.036838939938823624,-0.07956838651371179,0.00157261429800056,-0.12372607243590261,-0.018045840296607413,-0.10117046379460563,0.3059734936965322,-0.07634589932226268,-0.08659103793357145,-0.03009373427273645,-0.05757996884928334,-0.02573965455167915,-0.10972246556713337,-0.019898572331809954,-0.0041803069003957,-0.08170436809054793,0.032342148939258734,-0.07366349057140606,0.09431518632965866,0.5080179839601007
10,0.1897997323308628,0.053785318520739506,-0.018106250130782337,0.3008520808861881,-0.03806752578076536,-0.040006319586414096,0.015871418990838236,0.09284729698363155,0.01765862234565483,0.09588621049611472,1.0,-0.088201568560581,-0.06564440334489796,0.005444820411769154,0.016979545620615197,-0.06813996850240561,-0.02165513895200004,0.10187539776060298,-0.07522023936429481,-0.010642749016253361,0.029341701643385957,-0.018132063027532577,-0.005431073238359588,-0.06464763003955189,0.31758849219656055,-0.03054507837087403,0.24336604388284325,-0.0172562451775532,-0.0676049853682753,-0.07391219186592698,0.044274236151206195,-0.02376236303492847,0.04134662569343506,0.09250956062724294,-0.027435990068526678,0.11161928319208686,-0.014623905734701664,-0.08516938291563493,-0.11131559626015078,0.005673711657862304,-0.041795525812743206,-0.000319712546668011,-0.05916529165931495,0.04694628027452423,-0.02496046102839186,0.055274158864126156,-0.08155899889972504,0.061010922464408465,-0.027475520257216654,0.2053822782702558,-0.05388014817934011,-0.04523882911772048,0.023324550432268745,-0.03866387783702746,-0.060670805051759494
11,-0.0750226583890712,0.03429021263873315,-0.03810616818577618,-0.02448597119395891,-0.07164682515308693,-0.060545193745145026,-0.054995693081058124,-0.008020944337577416,0.1957154298873368,-0.11284656674472164,-0.088201568560581,1.0,-0.06946813830469345,-0.08902779328248911,-0.023873314625513863,-0.11625100420023185,0.24854283385236328,-0.09901069401383256,-0.1013527350599221,-0.00976327933545168,0.08179633068443816,-0.02902489118964902,-0.05263476440123076,0.00015375589330423722,-0.01680365415821885,-0.052032214443682404,-0.11070132429697416,0.2857644287969795,-0.09762864804585589,-0.035209611638870965,0.016888061091274716,0.050664347646200716,0.07541626085255615,-0.0948784275290733,-0.1020742047947152,-0.08970667844159166,-0.027282441187403132,-0.10316197378815573,0.08246961148526852,-0.016870835980895303,0.23339907390589937,-0.05546578285523829,0.0042305423602212715,-0.039670166304285645,-0.04160932494869391,-0.03349847632422427,-0.04677404203221032,0.37291992779977257,-0.020426811085407434,0.023968208713759074,0.07652540106892014,0.013230436667090225,-0.04893769049403085,0.04540619780908933,-0.07189114954611725
12,-0.09129815368061751,-0.03745955843866184,0.10305851984379566,-0.1179434072386426,-0.09002928233413635,-0.0630255162255006,-0.06968309786663754,-0.07206565204565274,-0.042463214829842374,0.21544872581814198,-0.06564440334489796,-0.06946813830469345,1.0,0.11637246801516091,-0.07212700709827152,0.18358332293827656,-0.03202324023137988,-0.037442196300802526,0.40477131202969974,0.015407512994913683,0.12666433595164878,-0.045116662697885265,-0.07119771545549079,0.18111650494130593,-0.06172439812860832,-0.025349340991821494,-0.07615535260459796,-0.09617477369641972,0.1378713527268725,0.08927111106585156,-0.018785073707967316,-0.028238140684090363,-0.02472362602449312,-0.12613604070832773,0.5453271700687712,0.06096692538533713,-0.06059932885865045,0.038694260198784816,-0.07804628625356688,0.002324661648281508,-0.05409651850506732,-0.06710000232383151,-0.052529464725775944,-0.06708996129326544,-0.05772222471190233,-0.050963944667418215,-0.08161634962970825,-0.05822106408106001,0.0057138455072346436,-0.07012745866206821,-0.07017578267757416,0.18318311263892706,-0.06059436218684147,0.08992435734440422,0.057701535903426374
13,-0.013341425591725346,-0.04009302375826143,0.0265334049855866,-0.014440762519578303,0.2568316736120037,-0.05877956399160511,-0.07364460044015302,-0.09589040191167189,-0.061639874709002285,-0.03624828232666919,0.005444820411769154,-0.08902779328248911,0.11637246801516091,1.0,-0.08579353972173959,0.04830444559336141,-0.09522286966250348,0.017297534744476557,0.20970808834269336,0.06325367875912777,-0.074721787364679,-0.053496599910108106,-0.07986547200678817,-0.12510242544601083,-0.02143925261199364,0.057050377328993165,0.05215698592703903,-0.11038474767544193,0.12346185959487345,0.48483931038387573,-0.015228541379183284,-0.03198344096804337,-0.10491533811679848,-0.05820918688735047,0.10293131618111578,0.0797961154076951,-0.0745689553567862,0.6189927057851828,-0.11095539865150761,0.009546428254454729,-0.08061371357590945,-0.08699360508119416,-0.040289270167368954,-0.07583445288417412,-0.05041816504626127,-0.03185332256535908,-0.07133004318153612,-0.08369482766440682,0.021204265725022393,-0.06635217287842557,-0.08518897817592815,-0.02454053923894396,-0.03485960291359666,-0.060101285169962826,-0.0768739457420414
14,-0.026685045317425278,-0.02566469916022448,-0.04449135239988143,0.44534453115845496,0.032931287236515394,-0.051876552950533325,0.026070874500401443,0.2408245408817652,0.023002680967739567,-0.0849291133903724,0.016979545620615197,-0.023873314625513863,-0.07212700709827152,-0.08579353972173959,1.0,-0.09813655674241253,0.06260378713158388,-0.08954247655252204,-0.09497367927865191,-0.010103732830285274,-0.04998259870787229,0.1593780948600556,0.09068687006274062,-0.04809807065870861,0.03627845017980791,-0.05304080664696289,0.0474706124488853,0.14516145342363965,-0.04347977719132309,-0.0664444221474754,0.011896201979962492,-0.010053359592001382,0.19153212180405518,-0.0394919786580033,-0.09695594595868637,-0.0885944864884808,-0.06809705484919858,-0.09993512357843283,-0.06295329093278562,-0.016957512313258594,-0.043826414345276864,-0.01546655221894771,-0.03482833972966323,0.298955299706981,0.043732401711316635,0.1823262902732019,-0.04237667571215574,-0.032382644758126564,-0.025592750126892126,0.2013431408164076,-0.043104275126010054,-0.026902316386981137,0.0813021334330231,-0.0354658772564907,-0.06931032427448802
15,-0.1058198039757414,-0.0655226185862898,0.09383769270607242,-0.138522848237623,-0.05849663114010306,0.15209317560204239,-0.032591193593143955,-0.09928074257092598,-0.06764019875797807,0.31862371306428494,-0.06813996850240561,-0.11625100420023185,0.18358332293827656,0.04830444559336141,-0.09813655674241253,1.0,-0.10230168341462384,0.21383935782722124,0.5576207880002215,-0.008837193079153552,-0.00874812499115355,-0.06277577571264455,0.010178347423091563,0.11325207867719661,-0.10247001782766542,0.05061674258380506,0.07883745767058435,-0.1599791303779336,0.05600223867188524,0.06479229861853092,-0.033161791276507604,-0.041863947079046074,-0.07022261327101681,0.12441831289914904,0.23961436405426864,0.2077748375896868,-0.08596932713739074,0.1577801245669337,-0.131192812295865,0.010540011182520286,-0.10911894351188627,0.09267877493070967,-0.07305764150080213,-0.09201288772758535,-0.041667537243888816,-0.07180948517362026,0.09066239433302113,-0.12415354747062182,-0.0013687044714449316,-0.11390929685946145,-0.09306759293919498,0.0839476538757765,-0.08029194208684792,-0.036530855069859036,0.34694454475181
16,-0.07199036141399764,-0.01601186964785142,-0.042149195955469496,-0.05568418030579825,-0.07097323241911983,-0.05564839457776118,-0.05035285411369156,0.3228282249905724,0.2543440727870975,-0.07761823955306776,-0.02165513895200004,0.24854283385236328,-0.03202324023137988,-0.09522286966250348,0.06260378713158388,-0.10230168341462384,1.0,-0.09241831999065954,-0.09765325876718461,-0.010564684450549408,0.08812664653283847,-0.02795462683061086,-0.009317916696751158,0.23366095229934677,0.06851442840643077,-0.04141765969760544,-0.06461159828930135,0.1408361500266498,-0.05745819680567334,-0.004079880833327463,0.05118590926045795,-0.0014536050243540125,0.6002577116160989,-0.09073549686770938,-0.09664692002201031,-0.0811374212240352,-0.061077671659113826,-0.10971507848571821,-0.05816996044841374,-0.017381063359155482,-0.021547696892644318,-0.019116307838938605,-0.04167829788693159,0.07704614785251031,-0.04047170300414436,-0.001547437824594437,-0.05118503576389545,0.23781815548998908,-0.012371905292612033,0.09738981665040922,-0.04999613394097629,0.06480550869367169,-0.0385749944240579,-0.014247498526986355,-0.05007117924021283
17,0.05196798094539674,-0.04673887026594675,0.007179670126929412,-0.061245923136381414,0.2057301988536702,0.34872955859848875,0.12379002161649073,-0.07638319532156038,-0.0653336530270609,0.23262644012453843,0.10187539776060298,-0.09901069401383256,-0.037442196300802526,0.017297534744476557,-0.08954247655252204,0.21383935782722124,-0.09241831999065954,1.0,0.06565424462646434,-0.011803518382903467,-0.05174241303411628,-0.05416824309743995,0.4534531582610746,-0.02852680526396495,-0.03421897547556394,0.546937862324696,0.23862457738121365,-0.12378373070272572,0.1422697234061109,0.04614585951802647,-0.027392392951310286,-0.035176794843061195,-0.06616518420740497,0.3632752145030301,-0.017555769462563008,0.23552610775047358,-0.06466963967892189,0.09246543578834751,-0.11102104084207909,0.020348777135081084,-0.0922293917489479,0.24429385073433788,-0.06346017852605695,-0.07110316715126898,0.19220845492386804,-0.033019790247622555,0.0979290854189653,-0.09970133122907344,-0.01366301790232782,-0.07618434186861014,-0.06935714565699733,-0.011632985591692303,-0.02278973141102323,-0.03773324280934068,0.08564119772017857
18,-0.11710406670601517,-0.055919326300571934,0.16264600968418422,-0.15054567464120835,-0.1027095494387236,-0.009625306416579401,-0.07604566936085641,-0.10853357636834744,-0.0713983669400208,0.2229570937466741,-0.07522023936429481,-0.1013527350599221,0.40477131202969974,0.20970808834269336,-0.09497367927865191,0.5576207880002215,-0.09765325876718461,0.06565424462646434,1.0,0.013884533059168763,0.020328164264860678,-0.056431776466307905,-0.06381436416008672,-0.04723722418634546,-0.10072082532686763,-0.07048930935173875,-0.04424934317318865,-0.13741934691327684,0.08387167905600573,0.026304017656940182,-0.029705035448052267,-0.035666491006112216,-0.11153085930887596,-0.03083134218271147,0.44900673525740104,0.26533900209482,-0.062402452462302825,0.21334118970765345,-0.10198150337626218,0.04170990213017023,-0.09168679765897182,-0.044340696073149236,-0.051144091243393884,-0.0846058351020897,-0.06551347218948422,-0.07089204409546843,-0.07350405023524711,-0.10569246076790213,0.016156295942136013,-0.1226218960665929,-0.0847953408944715,0.12738339325490014,-0.07276878232267305,-0.04119661497240469,0.07879237554855306
19,-0.01336170422986352,-0.004951948763224771,0.0016708098293455123,-0.017348998307108985,0.013927016298057033,-0.0081782767491223,-0.0033126676852938733,-0.01215298624378312,-0.0070363572913998505,-0.014496088423305211,-0.010642749016253361,-0.00976327933545168,0.015407512994913683,0.06325367875912777,-0.010103732830285274,-0.008837193079153552,-0.010564684450549408,-0.011803518382903467,0.013884533059168763,1.0,-0.012320716789899376,-0.005867238725021694,0.008073975248549482,-0.014291486874871535,-0.011538405593841896,-0.00370493374469022,-0.006879308532955814,-0.011452056230711969,-0.00865368054514314,0.000565292545405641,-0.0030516092557738017,-0.0036385324604627156,-0.012319187127149557,-0.007446322112531113,-0.006213597795057538,-0.013449102761625493,-0.0019407241850662687,-0.0017930199041046148,-0.01095804479762973,0.001158160573198938,-0.0070020705170600935,-0.00787189850619859,-0.004870700763711013,-0.008771902498291217,0.04026585544959499,-0.007109408703278924,0.021171185401613543,-0.007636514022103838,-0.0009452142395646611,-0.015335145971470595,-0.008076464537205105,-0.007891016350106068,-0.0035925673070468,-0.0083508465769533,-0.009922457035574572
20,-0.11170044490586536,-0.029531190699205963,0.07430110656354584,-0.10619646005058438,-0.11123257936980108,-0.07383152767128887,-0.07894326031512805,-0.06049411277255133,0.12308268469249511,0.1009656336204002,0.029341701643385957,0.08179633068443816,0.12666433595164878,-0.074721787364679,-0.04998259870787229,-0.00874812499115355,0.08812664653283847,-0.05174241303411628,0.020328164264860678,-0.012320716789899376,1.0,-0.04484868095587343,-0.06548728790087095,0.24459200036758805,-0.03984471706154604,-0.08686690548827761,-0.1236978664034141,-0.018030354585691896,-0.040069113108076676,-0.048975392435096105,-0.02133516007544281,-0.025979170197453078,0.08772080572338219,-0.13297124061974064,0.36027967739459754,-0.027082106433666858,0.11127622486976549,-0.12259937275234778,0.06542281187652614,-0.012453608442739607,0.07277768933543942,-0.06955494025992967,-0.048097970516320435,-0.012185335673717563,-0.060066810365741824,-0.058363932455686454,-0.09396729528849518,0.19579827971602892,-0.029529953350106237,0.0471623278079539,-0.04629383199762231,0.05089152639846524,-0.06936245269116637,0.35843151469959256,0.050442434360189935
21,0.18386339453446837,-0.014114567783577545,-0.02697766585367994,0.17453537731898489,0.03911165038472096,-0.03368241876118467,0.02814741338637698,0.004571288238119345,-0.008858504424882393,-0.06271171965329413,-0.018132063027532577,-0.02902489118964902,-0.045116662697885265,-0.053496599910108106,0.1593780948600556,-0.06277577571264455,-0.02795462683061086,-0.05416824309743995,-0.056431776466307905,-0.005867238725021694,-0.04484868095587343,1.0,0.012288362724265835,-0.0496956347204866,0.001331925148445023,-0.033674856814157744,0.009865399947361731,0.09138105922878485,-0.028728016894052306,-0.04599608280249662,-0.003351298626263444,-0.0016388075712127973,-0.0042398678179233025,-0.015996708560947405,-0.05831857394805652,-0.05116493844028168,-0.04195607178497304,-0.05926970188467569,-0.040696369566511154,-0.006661186024971228,-0.029023897972009122,-0.026985782497320254,-0.010673213037842022,0.42397235951436535,0.04232243448964006,0.6490161905590036,-0.03635913850415712,-0.033114352731430444,-0.015430148071631587,0.08204627008527275,-0.026088646332923883,-0.027327854035716546,0.33377228781015134,-0.025344095352929898,-0.04484347888759739
22,0.10721442989002532,-0.027813812574048153,-0.04132302937830782,0.04804980173024716,0.43691154839615387,0.17386417814063895,0.26104545612403823,0.056628309032502065,-0.022295517204517484,0.0296425077455866,-0.005431073238359588,-0.05263476440123076,-0.07119771545549079,-0.07986547200678817,0.09068687006274062,0.010178347423091563,-0.009317916696751158,0.4534531582610746,-0.06381436416008672,0.008073975248549482,-0.06548728790087095,0.012288362724265835,1.0,-0.05994569131504596,-0.004668936954256759,0.21939337810158557,0.10317008337106537,-0.03657722726288057,0.2889388803230478,-0.019836797130641685,-0.00883701244914077,-0.0175764877311456,0.02920532607115489,0.42475408831705386,-0.09507671151112243,-0.06799493185474342,-0.06327168891675647,0.09726841564219794,-0.06846977936549498,-0.003896559618620462,-0.04851466059640333,0.15091425375769896,-0.0363917744159824,0.07064364105685093,0.5887957950037258,0.012735416219176378,0.22223547184468617,-0.05603206867202626,-0.021532881071492205,0.045869882807798884,-0.01889803093331231,-0.033145449262467944,0.1211023962391771,-0.03103202644594943,0.012669756608711289
23,-0.11031340683547974,-0.043912804226680924,0.029473559862810448,-0.12190626519749959,-0.10972613595192761,-0.002222279213257459,-0.08075330770196812,0.05237004916195832,0.07770077922362335,0.19835677696485937,-0.06464763003955189,0.00015375589330423722,0.18111650494130593,-0.12510242544601083,-0.04809807065870861,0.11325207867719661,0.23366095229934677,-0.02852680526396495,-0.04723722418634546,-0.014291486874871535,0.24459200036758805,-0.0496956347204866,-0.05994569131504596,1.0,-0.0013338444891412785,-0.020970526455528667,-0.01637929111694874,-0.053382774395679386,0.12742741924303075,0.2086646632189948,-0.0006811778366734153,-0.02904352193531182,0.23761069531286846,-0.11583371572794046,0.10828540343757692,-0.03859505843583605,-0.07226910349864116,-0.15308590721990906,-0.09344117484398921,-0.02533867409509405,-0.032479064924223845,0.06889639349059705,-0.06922742299700091,-0.06903768537384292,-0.05941497209027892,-0.03460808372984352,-0.027746304027027324,0.07611891858151329,-0.012654114682574404,0.04910273440863783,-0.0700026368845082,0.09762585302315586,-0.06981048393479594,0.16112556296572558,0.3375048893274263
24,0.25656139763397323,-0.004485296406735331,-0.04043160162616258,0.34489884829800027,-0.0539672253261749,-0.05695622825908543,-0.0380761390901638,0.21903528572543296,0.031082944132118043,0.008422242231267306,0.31758849219656055,-0.01680365415821885,-0.06172439812860832,-0.02143925261199364,0.03627845017980791,-0.10247001782766542,0.06851442840643077,-0.03421897547556394,-0.10072082532686763,-0.011538405593841896,-0.03984471706154604,0.001331925148445023,-0.004668936954256759,-0.0013338444891412785,1.0,-0.052216856749447156,0.13696833928959734,0.0773647061704362,-0.0953752921710973,-0.07102877056155282,0.020215550052637737,-0.0012834699911802175,0.08211756056038375,0.10565906425173242,-0.06513092417871205,-0.0433818877202453,-0.04337570815829475,-0.09621053714781685,-0.0642419277509391,-0.007513568694039692,-0.040671890725192075,-0.028420118701041892,-0.03273127851842274,0.06791839201040749,-0.009311705413104599,0.1043994512666644,-0.06890242615458106,0.009624838279877802,-0.02639724917074039,0.3733236148561129,-0.03490933788878693,-0.03417607395185016,0.03692918382201774,0.01691564851741726,-0.06221526433152601
25,0.05354666268585555,-0.029638429240221694,-0.04335862164174362,-0.06290847935638512,0.2921269801356482,0.15432365638483503,0.08630159694955046,-0.0403845240452356,-0.03941965719762306,0.007774445780937271,-0.03054507837087403,-0.052032214443682404,-0.025349340991821494,0.057050377328993165,-0.05304080664696289,0.05061674258380506,-0.04141765969760544,0.546937862324696,-0.07048930935173875,-0.00370493374469022,-0.08686690548827761,-0.033674856814157744,0.21939337810158557,-0.020970526455528667,-0.052216856749447156,1.0,0.053537186621335914,-0.07794296591146829,0.14762853685516894,0.22896207386660375,-0.011884997913175913,-0.02190389959452029,-0.010775905627881915,0.13158118560494617,-0.10215028045773135,0.2609882282875579,-0.06237872341971118,0.05255196061612244,-0.08210864161583069,0.019315113860340297,-0.05766038313412976,0.03956359714868146,-0.04914924077228347,-0.04465467478170056,0.0909613351502131,0.016158658958778573,0.12805861652730405,-0.06436652057470424,-0.014739747472012427,-0.07384568740964324,-0.05874982671411819,-0.03663411827426101,-0.019875167982497218,-0.04237678871795586,0.0003948722560553268
26,0.22450590139314675,-0.054088447706081844,-0.06392245710906351,0.3106162836499405,0.1386471072301141,0.12523109288350853,0.1129756466154711,0.05445953699562437,-0.06384912286563642,0.19947339708871537,0.24336604388284325,-0.11070132429697416,-0.07615535260459796,0.05215698592703903,0.0474706124488853,0.07883745767058435,-0.06461159828930135,0.23862457738121365,-0.04424934317318865,-0.006879308532955814,-0.1236978664034141,0.009865399947361731,0.10317008337106537,-0.01637929111694874,0.13696833928959734,0.053537186621335914,1.0,-0.12276262742274613,-0.05400582082058611,0.03718539928445198,-0.02339836456435915,-0.03655995442661958,0.08622093716451124,0.2683520751749291,-0.09076731707479152,0.07028113284168944,-0.11894987342414436,0.14140955630454155,-0.14554363510146612,-0.009988918083902532,-0.10598821972282964,0.21515352665068047,-0.07484830083020638,0.046528001025804074,0.043556443317014,-0.0020910128297098782,0.06956660471220988,-0.11865281875588776,-0.022791869660675614,0.09295164985387791,-0.07484247935940304,-0.05643462539138116,0.034234578700527686,-0.03589124456300691,0.1004257899583049
27,0.0013106931108497737,0.16582212577574962,-0.05692408394802757,0.08509484551434374,-0.09068400364381043,-0.08482715832368415,-0.06073618541517335,0.24154695306095672,0.05853834692144623,-0.1435656096916947,-0.0172562451775532,0.2857644287969795,-0.09617477369641972,-0.11038474767544193,0.14516145342363965,-0.1599791303779336,0.1408361500266498,-0.12378373070272572,-0.13741934691327684,-0.011452056230711969,-0.018030354585691896,0.09138105922878485,-0.03657722726288057,-0.053382774395679386,0.0773647061704362,-0.07794296591146829,-0.12276262742274613,1.0,-0.10414171153018398,-0.09724888786654301,0.08810430595420524,0.04610242100641941,0.041085150874184906,-0.09643698996512734,-0.1302086704082588,-0.10895839429369683,0.06058428887587077,-0.13992457694460675,0.031323967313236646,-0.014519760543863558,0.01728796830715654,-0.0762349137240678,0.2750475040879953,0.14545074899236166,-0.04581219769563634,0.10457389809121853,-0.07921436377213929,0.143684302661188,-0.031238443049771282,0.051945055698367354,0.36345248458203155,-0.023013597480763277,-0.004192895944308267,-0.021138281199592768,-0.10335282907981572
28,-0.10463306532765204,-0.04284351651164785,0.03399972057896936,-0.10753808119799597,0.14998159937894634,0.12065974954975742,-0.009048009355111915,-0.06677820961513235,-0.044081046151707735,-0.017419107580195853,-0.0676049853682753,-0.09762864804585589,0.1378713527268725,0.12346185959487345,-0.04347977719132309,0.05600223867188524,-0.05745819680567334,0.1422697234061109,0.08387167905600573,-0.00865368054514314,-0.040069113108076676,-0.028728016894052306,0.2889388803230478,0.12742741924303075,-0.0953752921710973,0.14762853685516894,-0.05400582082058611,-0.10414171153018398,1.0,0.1367312654768815,-0.015220398711523597,-0.03755423015346692,-0.03978917136162041,0.16228630119214724,0.06361071414552562,0.13725068486786654,-0.08772454534292379,0.19054131386466505,-0.14457240562452922,0.010622186705929595,-0.09729264008538692,0.05750940779850345,-0.07302671217369494,-0.05261979518200001,0.08653386024302111,-0.027291766859541097,0.1925712792267114,-0.09782488567836062,0.04487655959266594,-0.09367546380749563,-0.08599916291664675,0.023676935386625683,-0.005298064154925614,-0.05863257082703833,0.1693057936767408
29,-0.07650634694893203,-0.045958233723310316,0.0032512916372355594,-0.09013563704188296,0.326025235592586,-0.019044164676312314,-0.028243524632745674,-0.015212395896951132,-0.02647465207434164,0.014193696001833876,-0.07391219186592698,-0.035209611638870965,0.08927111106585156,0.48483931038387573,-0.0664444221474754,0.06479229861853092,-0.004079880833327463,0.04614585951802647,0.026304017656940182,0.000565292545405641,-0.048975392435096105,-0.04599608280249662,-0.019836797130641685,0.2086646632189948,-0.07102877056155282,0.22896207386660375,0.03718539928445198,-0.09724888786654301,0.1367312654768815,1.0,-0.011297847713493032,-0.02774085093459421,0.07871614113547515,-0.07245737249051623,0.04623632536933676,-0.022069675284650685,-0.06946792820793626,0.14571605556097478,-0.10547180419733893,-0.007691105811910173,-0.06982928085047202,-0.00636510882827339,-0.05660125990766762,-0.06295016227442049,0.013072676370300561,-0.021410964667193572,0.12453353577360307,-0.06899747062671206,-0.014001157081458606,-0.09179330952840883,-0.0720251751553948,-0.01686225584527746,-0.05116562463176252,-0.041496329374223664,0.15425988473938035
30,0.01679812415884502,0.023707370955309233,-0.013887561128421988,0.051278478007487596,-0.01873650646775495,-0.017274297641795423,-0.01493032129357653,0.134960703702902,0.04852353724276589,-0.03021684822182448,0.044274236151206195,0.016888061091274716,-0.018785073707967316,-0.015228541379183284,0.011896201979962492,-0.033161791276507604,0.05118590926045795,-0.027392392951310286,-0.029705035448052267,-0.0030516092557738017,-0.02133516007544281,-0.003351298626263444,-0.00883701244914077,-0.0006811778366734153,0.020215550052637737,-0.011884997913175913,-0.02339836456435915,0.08810430595420524,-0.015220398711523597,-0.011297847713493032,1.0,0.0013603430795924368,0.019677572040638344,0.007125297330266139,-0.0295495211775471,-0.023823585624456398,-0.017048376179764117,-0.031360359754830376,-0.021329014668584705,-0.002109427762262739,-0.012959428077790519,-0.015672744658286743,-0.009726411845238094,0.023925437610384,-0.010543178610752853,0.04438865774981403,-0.012463723273496766,0.007805085505134052,-0.007932336093343227,0.04845301419556894,-0.0080673995743587,-0.0012869121284397305,-0.003965648651725979,-0.013567245788993723,-0.022256837766973403
31,-0.019378705377463678,0.1755389607026962,-0.016979973775495684,-0.010805215347883527,-0.025610354774064408,-0.021522165313147296,-0.01840757724951252,-0.009925375097346381,0.00942017575839283,-0.04105201308936585,-0.02376236303492847,0.050664347646200716,-0.028238140684090363,-0.03198344096804337,-0.010053359592001382,-0.041863947079046074,-0.0014536050243540125,-0.035176794843061195,-0.035666491006112216,-0.0036385324604627156,-0.025979170197453078,-0.0016388075712127973,-0.0175764877311456,-0.02904352193531182,-0.0012834699911802175,-0.02190389959452029,-0.03655995442661958,0.04610242100641941,-0.03755423015346692,-0.02774085093459421,0.0013603430795924368,1.0,-0.015416476886326105,-0.025963178877857547,-0.036465614251669845,-0.03205667945948851,-0.016208692261691644,-0.03689228456727234,-0.018699501613776984,-0.005991235626406709,0.0859120537029176,-0.019898312098884183,0.011506636020958614,-0.008434347736567862,-0.01243105171308294,-0.006239240116456646,-0.02306184538610158,0.04604078050083238,-0.00886541454245125,-0.00038100097447626644,0.25229871472917736,-0.014274966094956931,-0.012761477352380755,-0.013725039917760175,-0.028094987294073198
32,-0.04675535983755977,-0.029777664237084677,-0.03500343410125638,0.028531158944113802,-0.05678153325424265,-0.03563070358839612,-0.050465131307600795,0.25775014519728506,0.3922757795081693,0.0024425697593870067,0.04134662569343506,0.07541626085255615,-0.02472362602449312,-0.10491533811679848,0.19153212180405518,-0.07022261327101681,0.6002577116160989,-0.06616518420740497,-0.11153085930887596,-0.012319187127149557,0.08772080572338219,-0.0042398678179233025,0.02920532607115489,0.23761069531286846,0.08211756056038375,-0.010775905627881915,0.08622093716451124,0.041085150874184906,-0.03978917136162041,0.07871614113547515,0.019677572040638344,-0.015416476886326105,1.0,-0.08490836058276158,-0.06537710206750266,-0.08147353977768995,-0.06407085767359427,-0.12681639167011338,-0.0824316457891315,-0.021034152810109216,-0.05145634468115974,0.04203397361437673,-0.05326992841311773,0.1316626927125905,-0.02433484874696917,0.05403175458530034,-0.008736623264776738,0.03128695475837409,-0.023038779606505078,0.17736821570651895,-0.05711538691101391,0.015285603248328183,-0.019988468675773318,0.023227005902974437,0.029585066986490934
33,0.17162573328945818,-0.03178205254733145,-0.07713196353153276,0.1593696615953829,0.2483605173974256,0.31569461262977433,0.24776017202046624,0.028903264292709997,-0.050787733464468535,0.14816935869855,0.09250956062724294,-0.0948784275290733,-0.12613604070832773,-0.05820918688735047,-0.0394919786580033,0.12441831289914904,-0.09073549686770938,0.3632752145030301,-0.03083134218271147,-0.007446322112531113,-0.13297124061974064,-0.015996708560947405,0.42475408831705386,-0.11583371572794046,0.10565906425173242,0.13158118560494617,0.2683520751749291,-0.09643698996512734,0.16228630119214724,-0.07245737249051623,0.007125297330266139,-0.025963178877857547,-0.08490836058276158,1.0,-0.15948497146461593,-0.05615475446480096,-0.10631599261375355,0.2588154103083401,-0.12446305418574449,-0.008454454335880553,-0.08784547564745976,0.3855327196265116,-0.07127782247208408,0.007501425000679593,0.1730114833833497,0.04087840183090401,0.31653495088986194,-0.07637276477846375,-0.030925309881479776,0.14974993977499007,-0.04199960418529279,-0.07121911417285959,0.08739793876186494,-0.0523104588691122,0.04489347064242606
34,-0.1259284676411439,-0.055809999873499896,0.18054534779267398,-0.14646660587869526,-0.14158632216200806,-0.08024439850729012,-0.1014718866877228,-0.11028936830824354,-0.06369954624560423,0.32633112127854114,-0.027435990068526678,-0.1020742047947152,0.5453271700687712,0.10293131618111578,-0.09695594595868637,0.23961436405426864,-0.09664692002201031,-0.017555769462563008,0.44900673525740104,-0.006213597795057538,0.36027967739459754,-0.05831857394805652,-0.09507671151112243,0.10828540343757692,-0.06513092417871205,-0.10215028045773135,-0.09076731707479152,-0.1302086704082588,0.06361071414552562,0.04623632536933676,-0.0295495211775471,-0.036465614251669845,-0.06537710206750266,-0.15948497146461593,1.0,0.07658724793319857,0.027712409251801316,0.026952788213196875,-0.04183756669520567,-0.004723229898887938,-0.0802406817426948,-0.0945030864772406,-0.05267210175002305,-0.0891325037904648,-0.07480210146427801,-0.07015842216017193,-0.11396843169859076,-0.09079829667784357,-0.004520952999305305,-0.0928797069836687,-0.07492013097126016,0.11500452644601789,-0.08099988768902938,0.049900916820097244,0.13130908220553542
