,0,1,2,3,4,5,6,7,8,9,10,11,12,13,14,15,16,17,18,19,20,21,22,23,24,25,26,27,28,29,30,31,32,33,34,35,36,37,38,39,40,41,42,43,44,45,46,47,48,49,50,51,52,53,54,55,56,57,58,59,60
0,1.0,-0.013447814202802066,-0.05628220113230546,0.25247257679354373,0.1633770797607991,0.12427687127143916,0.21842234505059588,0.4254869851108811,-0.03197775005176916,0.056670240634120274,0.31100933775997364,-0.02365214659099798,-0.12149646775439948,-0.03644140960475488,0.4504782564596854,-0.05134087247413472,0.08863936573157641,0.1926983384415813,-0.1301741661511414,-0.012380226350464612,-0.14964131013935922,0.05365223272322245,0.2309330358007689,-0.0861011338125501,0.3918026084070362,0.07384059240433724,0.24581252390333058,-0.10735773476043153,0.036720193738730735,-0.0953655060779252,0.056682320730695124,-0.021524417691917038,-0.10868364997581524,0.3227082996899717,-0.1912253640598004,-0.048368603213877794,-0.12522498926718104,-0.01029588720848977,-0.1448140393194789,-0.010084995426834336,-0.09848399187467716,0.1274301304350407,-0.07946509760367196,-0.022850348787282447,0.143934369067451,0.19472298818444433,0.09296031565632171,-0.04387474658073065,-0.0359502668223669,0.478876792353172,-0.06836169548796327,-0.07479452549906843,-0.05574508404132017,-0.04803262914654467,-0.09885766039138866,0.20368278259885225,-0.08359588009128702,0.002459546460533592,-0.07866422333053788,-0.08855599840611436,0.0963773413013995
1,-0.013447814202802066,1.0,-0.044052684918330545,-0.01918999708522627,-0.046694811397915974,-0.03577254943753029,-0.03209604408898428,-0.012717127639279504,0.011396257487051947,-0.06554222916436009,0.03813623300876583,0.4785847182989309,-0.040445923683961583,-0.04297623755308154,-0.006691419178116462,-0.07115487361806669,-0.021146028309604235,-0.0521328921031494,-0.05949299321879755,-0.0056246988805472384,-0.029935716895646905,-0.015419080146502756,-0.028636376521874556,-0.0376452992517196,-0.0023992536966714623,-0.033142426899725026,-0.056421245403438944,0.08574081857016835,-0.042955362332430594,-0.048337313383870185,0.02835062594296226,0.2317871094507086,-0.013559289779425606,-0.04326309580710521,-0.06116143561195332,-0.03576746228731655,0.010702151826303477,-0.06241639857557246,-0.002372740601202395,0.001201404404331172,0.20180591782313917,-0.040339892843977446,0.025105082362965762,-0.02528794377252926,-0.024766195958642198,-0.0022637634802215676,-0.02341432838857828,0.17129043953041612,-0.0125198605159639,-0.024576606857763576,0.36944137444046277,-0.024271530895243705,-0.03673017014479574,-0.011055057484452464,-0.0396782767308604,-0.03544869303729805,-0.02396964091032444,-0.04163296615185316,-0.014813677607500526,0.06649825980844298,-0.01192249027672162
2,-0.05628220113230546,-0.044052684918330545,1.0,-0.06577310152060337,-0.05264973408239808,0.37094119287671407,-0.05569231595021899,-0.08257617358039607,-0.03080574855748229,0.5301712790716467,-0.049811286678100974,-0.043596785972723,0.0029977050482931583,-0.08692037379534073,-0.12143967606778697,0.3298881278574142,-0.04384527076193255,0.08045861215812938,0.049071060864584015,-0.009602503977929465,0.03556534477158582,-0.04058961527749918,0.025543448384344986,0.19415632072210443,-0.0469222119127105,0.003167467618451094,0.12313503105563038,-0.07993407431946054,0.09834356261932678,0.1441601793315226,-0.020775697008910528,-0.02565601718916426,-0.0007158334750360005,0.1109326547047583,0.13556994241365805,-0.06685141634615974,-0.0560580472387589,-0.035228547103269336,-0.07555105108766164,-0.013684857041143033,-0.06184121383549645,0.14262269844547112,-0.04810234220845084,-0.06113043207141777,-0.020222552090438453,-0.048846949839078856,-0.046987519747036355,-0.09845092841295196,-0.011482510161790667,-0.09394243425973495,-0.0409493150824302,-0.02058202695210025,0.13182732862866983,0.024488615491351513,0.28868652831623853,0.28790818226590464,0.03336885864504158,-0.010361800324572422,0.027922614313771944,-0.05208315413638374,0.05405723668456942
3,0.25247257679354373,-0.01918999708522627,-0.06577310152060337,1.0,0.19274003595619696,-0.05038595735887008,0.4742520831573183,0.19408286402884836,-0.027010411606825428,-0.0735630827040103,0.0313640140400936,-0.027689939025888767,-0.060055475769656655,-0.030161445928043845,0.27654059899502703,-0.08458287840467968,0.10694109533919066,-0.031235127447299442,-0.07426229926221362,-0.0031722356058625353,-0.07072739889972113,0.3399058450036,0.12446212803470105,-0.05923198017926139,0.04356320669161356,-0.025402941241907322,0.036561618496053425,-0.05381952830144811,0.017515069512360242,-0.050744167881837096,-0.001199192748575779,-0.011853753544692446,-0.03408264209841309,-0.010043103696756426,-0.08377619112518978,-0.052855234671344356,-0.06298215763054466,-0.05679679291049401,-0.06629448170155522,-0.00786598238281235,-0.04642734372908337,-0.04350277677964518,-0.03508839191597121,0.1016986753854976,0.12117055170211724,0.2410267716211535,0.345298954572658,0.0022080781303306287,-0.017131126229457082,0.45711871883914246,-0.027790898842522532,-0.03682496003682646,-0.043304251216466846,-0.032242189606534924,-0.05693993229225901,-0.029206944514419,-0.04058097693284472,-0.058303429618954745,-0.027194911888930202,-0.04145288339346004,0.002137973356927297
4,0.1633770797607991,-0.046694811397915974,-0.05264973408239808,0.19274003595619696,1.0,0.06964266199166681,0.408983636544169,-0.028770427544179494,-0.05006256511206951,-0.057180961913192586,-0.0380937510356588,-0.04704936954193052,-0.08855299550150936,0.22834662528676386,0.06599102632377779,-0.05542112067829813,-0.026706840169221695,0.24194588624072305,-0.10674033441093242,0.016142030145585087,-0.11382556255031262,0.038143394121112804,0.5173320470871423,-0.09237170466449451,-0.05241872123212266,0.3006263330265019,0.12046742030676946,-0.09190592231098846,0.1822924171689509,0.31769154463291793,-0.019084144385807196,-0.025885446027889565,-0.07244703878652953,0.19181580595251074,-0.14299916655296294,-0.0395405200123668,-0.08483486561633971,0.2498233356770354,-0.10084206629743689,-0.005881822457874976,-0.06931646288445556,0.23444068560993758,-0.05586922195958614,0.021907506044157823,0.5017667463758777,0.056844693118540526,0.04362488965647747,-0.09549157775859017,-0.023500030317071215,0.18253771869269136,-0.049136096422726774,-0.060961635510850834,-0.00044247517879017375,-0.04586097792553402,-0.06643443540694133,0.0326768490325607,-0.05917895245833277,-0.10733298723439788,-0.03691410006318701,-0.05598340574855934,0.2203567936796187
5,0.12427687127143916,-0.03577254943753029,0.37094119287671407,-0.05038595735887008,0.06964266199166681,1.0,0.019823283818273744,-0.07965785174976264,-0.04048575766570707,0.30159221977788786,-0.03766134758014291,-0.0364173479254232,-0.057111404399182525,-0.05988439700981678,-0.09333621780367164,0.14204923512346196,-0.04505140373690676,0.3486823333150068,-0.02146222432457258,-0.007808716419358064,-0.07321391244867861,-0.03331560196092566,0.18252252414765552,0.0386310077109449,-0.056991643766870256,0.15524789361646452,0.10634974883247443,-0.07283572082662812,0.1264651696908475,-0.012255658303227262,-0.016885093794143418,-0.021166474708469912,-0.05390072550972847,0.2709934213414956,-0.07232412109334747,0.03319246131929188,-0.06803964857716865,0.043675933818287285,-0.07588456070821972,-0.004304992920646927,-0.05328934219657168,0.15847057754569577,-0.046294309943682665,-0.052285058657502645,0.022659026497671222,-0.040667728998912335,-0.032390853950236484,-0.08683198479200432,-0.016228076436410454,-0.04422794487883555,-0.04195621360965385,-0.03756472568111213,0.08294602591227528,-0.02076896743501668,-0.021369190762233356,0.5508181108575227,-0.030831664921961387,-0.049292526387700646,-0.024414621198440636,-0.04836683042394457,0.1516863988633074
6,0.21842234505059588,-0.03209604408898428,-0.05569231595021899,0.4742520831573183,0.408983636544169,0.019823283818273744,1.0,0.07781187928931715,-0.03579330932871387,-0.03645085387476081,0.0168975141167593,-0.034101576421298505,-0.0660646287755558,-0.07300223147955001,0.17564228440250523,-0.038129395233049,0.09287877834314032,0.11615786723731766,-0.08285622140622317,-0.0034210746961010714,-0.07987908642081834,0.0293067846558722,0.2571472735341461,-0.0655279850198219,-0.03352660386295398,0.08727606379383736,0.08554205893126014,-0.06390982657513804,0.0035541989100864087,-0.023680765068454332,-0.01464299780755536,-0.01818886529982376,-0.05617667996014713,0.16283750310955325,-0.1038353799928901,-0.060078114856525935,-0.066419651956386,-0.031880451010600386,-0.07033737242370752,-0.012305551557344958,-0.0485893129030499,0.06609814872046578,-0.043367227399331326,0.021881392833672367,0.22157972309968643,0.10672249790718391,0.0803416757204062,-0.06138494120207036,-0.021443295731287768,0.3236526040761343,-0.023928540101803064,-0.04360891184538397,-0.04304827971776552,-0.02656567727057745,-0.06290516069457462,0.08278869065482711,-0.04799635829023868,-0.07940226129050516,-0.0404973185232454,-0.044579804694468,0.06977695243656051
7,0.4254869851108811,-0.012717127639279504,-0.08257617358039607,0.19408286402884836,-0.028770427544179494,-0.07965785174976264,0.07781187928931715,1.0,0.22789445566334604,-0.020714025833331356,0.20599148541526588,0.00822744354524851,-0.07530727662041435,-0.0682361469411984,0.5524568606968236,-0.12413373481949964,0.3262270301157484,-0.07852743066000996,-0.12628602109314596,-0.01526418676124703,0.05300726318588971,0.08781281047877004,0.0594696585491896,0.04626474741261871,0.32796275108364664,-0.07195741235594014,0.1202573071424993,0.029225793975612802,-0.07075171039204864,-0.08877231217680681,0.02324652843692218,-0.0014539894298916146,0.18254848898052048,-0.03489944278474248,-0.11134904272570911,-0.09714249831334049,-0.0834336036816308,-0.13603330674828662,-0.1006109919669221,-0.015899425391909045,-0.048030753186368284,-0.08277837147598814,-0.05475546140143116,0.26276248972241756,0.03455588573172004,0.14246601494448996,0.15194438074449185,0.06481083209681218,-0.03263859179231825,0.16685612382588627,-0.06001684550864981,-0.045243197163846394,-0.08251417512838793,0.029046923941660363,-0.042519150563919555,-0.04570623427030494,-0.04808279077932304,-0.009294131188323888,-0.031915791833602644,0.0379621135514517,-0.02589856209298958
8,-0.03197775005176916,0.011396257487051947,-0.03080574855748229,-0.027010411606825428,-0.05006256511206951,-0.04048575766570707,-0.03579330932871387,0.22789445566334604,1.0,-0.05522530391811985,0.03997292032513894,0.05748864339693603,-0.0437304512056598,-0.05965909188590904,-0.009847164662062707,-0.07188366743428992,-0.007200619799147032,-0.06445475631636959,-0.07108957231637858,-0.007074007405499579,0.1226530312018317,-0.00927171724757039,-0.027781888051902952,0.10394137792725067,0.03406198490724695,-0.03891773536236029,-0.04800792347937735,0.20215821036090834,-0.03721051223348613,-0.02710548069500624,0.046819280237939014,0.008231406270076586,0.37139642876963197,-0.0502810784366587,-0.06365787698988942,-0.055776464508874385,-0.01247837878994144,-0.07723774995196694,-0.03877029107289241,-0.010750161054343196,0.02916873685932671,-0.04122695459768887,-0.02974486423373774,0.026123336936694004,-0.014669370652082809,0.004725969399685253,0.0196159391509571,0.04565126028604916,-0.01656319074879706,-0.03560881823544227,-0.03297523241025252,-0.016765251223981585,-0.042137943702171984,0.05256337388205658,0.011395271576274721,-0.03485167518185377,-0.02408648749986045,-0.03927221946851106,0.000888520155081369,0.19201489319581067,-0.02374871828397762
9,0.056670240634120274,-0.06554222916436009,0.5301712790716467,-0.0735630827040103,-0.057180961913192586,0.30159221977788786,-0.03645085387476081,-0.020714025833331356,-0.05522530391811985,1.0,0.09202740533648159,-0.05951634091615669,0.23482392964002208,-0.0335875242548694,-0.04393886951595318,0.3313910789322322,-0.03336795668439997,0.22443685499856508,0.23187011222457693,-0.014960399397720911,0.11547813329913884,-0.06282013101251575,0.020013577227242577,0.22774600194164576,-0.0007059143033412811,0.00017728867590779615,0.18849303668536044,-0.1314430038227605,-0.036098710167847436,0.016149420854316837,-0.030397837978763696,-0.04123650348287325,-0.05462994834900811,0.1314910125428717,0.39822376173156915,0.008058062926471172,-0.083788444059978,-0.013249894717410065,-0.11589701823799409,-0.018248634059462605,-0.09820181614982781,-0.03708078950973345,-0.07711259310534535,-0.0838856464364771,-0.03299447792405857,-0.06011214120574663,-0.0875031642493809,-0.14726387481057154,-0.01548336218402816,-0.03885641862667588,-0.08013648012660783,0.026452451584277337,-0.0005102427822627036,0.1060148123875926,0.12011299716140983,0.2942469905445413,0.0394297159644032,0.18369669096720498,0.00795855120043135,-0.09300634423700022,0.004851844240387643
10,0.31100933775997364,0.03813623300876583,-0.049811286678100974,0.0313640140400936,-0.0380937510356588,-0.03766134758014291,0.0168975141167593,0.20599148541526588,0.03997292032513894,0.09202740533648159,1.0,0.10060589228170196,-0.0742861983986262,0.005793842512350733,0.31166981989113957,-0.07115376785327518,0.09910001038826861,0.11910118125362565,-0.07564984188944505,-0.011080341779144704,0.027480435653242073,-0.015962809383004976,-0.001250754648984007,-0.04770420917753728,0.30307386773149536,-0.03147370945623534,0.2646410164001304,-0.07277229069714514,-0.05788230198724388,-0.07242417479175245,0.04506959889171068,-0.02400434472501955,0.01917229497765078,0.01905820670724423,-0.08161695826484985,0.08063864846129523,-0.023821194614081286,-0.0873833724402889,-0.10915326396998883,0.005641383418602819,-0.061885552520420176,-0.07988503721517723,-0.05941168576723973,0.026726711473277813,-0.02412559052348246,0.05652418253577772,0.05679241801598817,-0.010485264542555647,-0.02565882999706228,0.14846149384971064,-0.05070321921037641,-0.02819484351623927,-0.06690110533321655,-0.025643545538924666,-0.04224861418298048,0.0056375715752793945,-0.04970843465337368,0.19460711989622018,0.011559705142172742,-0.06888309934986381,-0.022614767578156954
11,-0.02365214659099798,0.4785847182989309,-0.043596785972723,-0.027689939025888767,-0.04704936954193052,-0.0364173479254232,-0.034101576421298505,0.00822744354524851,0.05748864339693603,-0.05951634091615669,0.10060589228170196,1.0,-0.03446871179250284,-0.04043180837571263,-0.004746376898613455,-0.07097048381300813,-0.02156539844726598,-0.05407243985800868,-0.05974797012720351,-0.002842864767173026,0.024420636874345578,-0.019284689637947376,-0.031042534687588573,-0.0015309633045045169,-0.011053538218231188,-0.03488856775436113,-0.06304908929712905,0.14538034248595705,-0.04594988256255405,-0.044123019000896525,0.010927633454752752,0.06082737105827272,0.01945006286110645,-0.04525153835734585,-0.055856615905793355,-0.04480422651031299,0.12180921057196839,-0.06276998442363477,0.02550674386998132,0.011463252045917582,0.23312478898049355,-0.03865137977958333,0.0011875949539375697,-0.028959249389700244,-0.025929998175036682,-0.010853029548436819,-0.024789312615317086,0.12559025642359928,-0.013574393728915087,-0.037432343331234914,0.06323388718736976,-0.02205161570682752,-0.03772213332688558,0.00852478299050325,-0.0338052284817207,-0.034628379643309684,-0.02099784307442859,-0.02978683754862549,0.00010588478456188127,0.11479185717089344,-0.019920266061664638
12,-0.12149646775439948,-0.040445923683961583,0.0029977050482931583,-0.060055475769656655,-0.08855299550150936,-0.057111404399182525,-0.0660646287755558,-0.07530727662041435,-0.0437304512056598,0.23482392964002208,-0.0742861983986262,-0.03446871179250284,1.0,0.11712183019849368,-0.11787080677426064,0.18878194346899857,-0.07310364318293272,-0.016410026823212062,0.38613946088391693,0.016102042945707485,0.12760788543170837,-0.043259378277978475,-0.06900454634527359,0.11511635624670774,-0.07229138667517515,-0.016486998738126597,-0.0659798760586921,-0.06017026913863607,0.07538090483619912,0.07054074346889812,-0.019866178313811624,-0.027093125921961968,-0.027964716469801587,-0.08071063668786758,0.5755007154612656,0.03630446270022164,-0.061971485884409344,0.0723233294648728,-0.07396706190983694,0.002485343671714278,-0.05046787675011244,-0.07756846431823501,-0.05242984243946973,-0.06875595941219659,-0.055648380180611676,-0.049989233795760285,-0.06527715260523782,-0.09435574196084759,0.010316369888352033,-0.08126845271142719,-0.0658361328986205,0.09662927515262666,0.03225560995716177,0.09076229672046826,0.21247816894645405,-0.0657633402222487,0.17927123983844462,0.2930219561778796,0.053812632569463094,-0.05562628950987542,-0.023825145848158882
13,-0.03644140960475488,-0.04297623755308154,-0.08692037379534073,-0.030161445928043845,0.22834662528676386,-0.05988439700981678,-0.07300223147955001,-0.0682361469411984,-0.05965909188590904,-0.0335875242548694,0.005793842512350733,-0.04043180837571263,0.11712183019849368,1.0,-0.005669087077354662,0.04771795843146998,-0.09276462982542313,0.022469741286583907,0.20004238297316268,0.07613024463306318,-0.07319664918974217,-0.05196613443714644,-0.0806070518539102,-0.11117197217563027,-0.021965723755335564,0.06077487740419955,0.030815559514403477,-0.1036684343137166,0.1259354613086979,0.4980429858543801,-0.01415192272981441,-0.030887395548407456,-0.0992211664833722,-0.001440847866566907,0.11584868677378837,0.07711390825032804,-0.0792773146369287,0.6610324447075759,-0.10611648511175598,0.011298977612983884,-0.07640702028414326,-0.06631121190142877,-0.047076033141099816,-0.08182236252782756,-0.04852839274678516,-0.030391356652144288,-0.07540908666318766,-0.11036278513457681,0.016596448298496828,-0.020153617100893424,-0.07818887442511074,0.023731596586796033,0.04047047988409608,-0.05559923395699707,-0.05011990974426373,-0.08598078977480113,-0.027189135332199604,0.04883268934690356,0.05233058004903741,-0.06642948497174164,-0.03867482540170971
14,0.4504782564596854,-0.006691419178116462,-0.12143967606778697,0.27654059899502703,0.06599102632377779,-0.09333621780367164,0.17564228440250523,0.5524568606968236,-0.009847164662062707,-0.04393886951595318,0.31166981989113957,-0.004746376898613455,-0.11787080677426064,-0.005669087077354662,1.0,-0.14366888734479588,0.1997815110044703,-0.05543163328428574,-0.15268740987314358,-0.017349413985740796,-0.11158478219096919,0.16890368593904337,0.05115929687371149,-0.10762398640790666,0.3600362391482728,-0.060743178452175466,0.3065434936704733,-0.04134661289857637,-0.07994122267411599,-0.08931990904266929,0.05211477207970399,-0.010598377019877004,-0.045871536185813334,0.033294674048802236,-0.16751837528015734,-0.09221647504762352,-0.06251680968649807,-0.10744014287638376,-0.0629885760445546,-0.013865271334566838,-0.04145933910464085,-0.08814174031570376,0.02376495096057737,0.43656228074706255,0.08414200287358267,0.20570427811442543,0.1890994972798528,0.09209054175511856,-0.035651047797267646,0.27693676576756554,-0.0031170911968612567,-0.07298704044808214,-0.09197393154528066,-0.03733013093827438,-0.098573251475886,-0.04300601470268538,-0.07515612713525502,-0.026757492037509545,-0.06789975274913052,-0.018564814664928406,-0.016763942107775508
15,-0.05134087247413472,-0.07115487361806669,0.3298881278574142,-0.08458287840467968,-0.05542112067829813,0.14204923512346196,-0.038129395233049,-0.12413373481949964,-0.07188366743428992,0.3313910789322322,-0.07115376785327518,-0.07097048381300813,0.18878194346899857,0.04771795843146998,-0.14366888734479588,1.0,-0.10242340065546279,0.19792961421680588,0.5826489824373176,-0.008155861212503238,-0.0011249954715837895,-0.06312059501075437,0.002429234806864078,0.05635258399799525,-0.10365230503783594,0.039753457265125317,0.036192389679297596,-0.14006713201047005,0.04566404115677367,0.062189618345491235,-0.033346863378837306,-0.041748100868002,-0.09923980671016869,0.2288772002823045,0.30603629543739885,0.19360402187624315,-0.08989713864761298,0.13307841998175685,-0.12660473369193717,0.011175665369812977,-0.10446713200262728,0.08209569869573195,-0.07481127515849209,-0.10022062925613637,-0.0437670085600976,-0.07311570590266311,-0.09374721015892848,-0.165952554115861,0.0017044747788319385,-0.10306460529283482,-0.09142499723668701,0.09952603449390643,0.02917741331814111,-0.027068397781139016,0.15679068823458503,0.08784170650542544,0.08542778372171872,0.09586403972059984,0.005843193374281385,-0.09324761971698159,-0.0034865182459626774
16,0.08863936573157641,-0.021146028309604235,-0.04384527076193255,0.10694109533919066,-0.026706840169221695,-0.04505140373690676,0.09287877834314032,0.3262270301157484,-0.007200619799147032,-0.03336795668439997,0.09910001038826861,-0.02156539844726598,-0.07310364318293272,-0.09276462982542313,0.1997815110044703,-0.10242340065546279,1.0,-0.07682333836815596,-0.10710311535276462,-0.01207029545880624,-0.05952273189741816,0.005607699901747311,0.052880216057116944,0.02583172289274168,0.2481254160627629,-0.04009971674691864,0.06727765404181996,-0.005024677513349516,-0.06962517420902221,-0.021664693177795236,0.13894169965250341,-0.009423427097784924,0.2946829379488228,-0.028372726835084967,-0.11533483270455261,-0.09094800658444036,-0.06719238249806594,-0.11649253791833195,-0.07717949759080077,-0.017957752608197167,-0.055011139409205545,-0.04650187911010061,-0.0439701845269364,0.2332935201933381,-0.0024252655786884906,0.1210914210501437,0.18940871539639287,0.28541189670723277,-0.020718184471177622,0.021249182748970752,-0.03599843227022076,-0.05124719310664165,-0.061953120348770804,-0.037392543527561106,0.05284195169789664,0.025620650272199823,0.014669289278035319,-0.06553885997528962,-0.033881542345434654,0.0035316353422483234,0.03277671852683356
17,0.1926983384415813,-0.0521328921031494,0.08045861215812938,-0.031235127447299442,0.24194588624072305,0.3486823333150068,0.11615786723731766,-0.07852743066000996,-0.06445475631636959,0.22443685499856508,0.11910118125362565,-0.05407243985800868,-0.016410026823212062,0.022469741286583907,-0.05543163328428574,0.19792961421680588,-0.07682333836815596,1.0,0.07731819770591883,-0.011537495197811887,-0.04146604430212346,-0.05459533678968893,0.4591781448563881,-0.006552893674646369,-0.026093451072695874,0.5437979131084507,0.2040747282852565,-0.12077102739460185,0.11612636786356163,0.0597862064023969,-0.027420668421953672,-0.03530918721093007,-0.09740327900601645,0.25987720134169234,-0.0067725397114745435,0.26231409716464626,-0.06509067318106618,0.03785088164864115,-0.10998698212664312,0.020454578356234376,-0.09006642233537168,0.087675164924949,-0.06429908735200658,-0.09099639320396805,0.20500462681273038,-0.031148258906871503,-0.07216375885890086,-0.1299368791407766,-0.011620343998822856,0.040360279342887086,-0.0692783043707691,0.0143736988336092,0.020754847218784803,-0.036522013075273294,0.005717367150951152,0.2340488591852934,-0.008868998839247952,0.06019766628532991,-0.0050092895025132785,-0.07973571627852044,0.33113816280500363
18,-0.1301741661511414,-0.05949299321879755,0.049071060864584015,-0.07426229926221362,-0.10674033441093242,-0.02146222432457258,-0.08285622140622317,-0.12628602109314596,-0.07108957231637858,0.23187011222457693,-0.07564984188944505,-0.05974797012720351,0.38613946088391693,0.20004238297316268,-0.15268740987314358,0.5826489824373176,-0.10710311535276462,0.07731819770591883,1.0,0.012355801188944422,0.021238184286567634,-0.05577222117977566,-0.07103006687913627,-0.04284959904069873,-0.1032566161692055,-0.06815456934591972,-0.07592895323053375,-0.11722593124627259,0.09540877861195923,0.02924830775466652,-0.028817856373635115,-0.03499725508382215,-0.10215070066424634,0.022220583925192928,0.4858132311429559,0.2268257565873304,-0.06651838087852315,0.22021818996900117,-0.09797589789775399,0.041916400980668594,-0.08687205138934748,-0.0781342073908679,-0.05390183143355509,-0.09317162010511754,-0.06455235045352191,-0.06922021243792412,-0.08503661340515331,-0.13969864167910828,0.0226270937416193,-0.11673733608439005,-0.08320703454602205,0.16967675266931692,-0.0034235844671138675,-0.03983185318810192,0.02825891529406127,-0.05897499893734158,0.1187847611068807,0.24555315291314816,0.009069541645761216,-0.08120394437524422,-0.050108218451334806
19,-0.012380226350464612,-0.0056246988805472384,-0.009602503977929465,-0.0031722356058625353,0.016142030145585087,-0.007808716419358064,-0.0034210746961010714,-0.01526418676124703,-0.007074007405499579,-0.014960399397720911,-0.011080341779144704,-0.002842864767173026,0.016102042945707485,0.07613024463306318,-0.017349413985740796,-0.008155861212503238,-0.01207029545880624,-0.011537495197811887,0.012355801188944422,1.0,-0.01258063633574363,-0.005825533023567711,0.008699322321499794,-0.013901728689467008,-0.011453103697101133,-0.0031841396000245334,-0.00737705564343438,-0.011495808255229278,-0.001926721317603179,0.0013832342320641297,-0.003031697796955647,-0.0035896871079506266,-0.011327428016323225,-0.002310090476874992,0.003733568616930915,-0.012877721619142612,-0.0023646266319056817,-0.0011877935573940592,-0.010630254590142088,0.0012919569494970467,-0.007069664890050905,0.022017372922799268,-0.0048970737346376815,-0.00999801520584136,0.04052532608545801,-0.007044522294596492,-0.009040812149873545,-0.011972842360430993,-0.0005847763111327339,-0.012717545108388616,-0.007626605503575424,0.0019977747225453247,-0.004669554344241226,-0.008168184075318715,-0.012529559980396517,-0.00782690792237472,-0.008345483441631326,-0.00982971316203455,0.004339661259990056,-0.0075347220841184386,-0.0013545466635567311
20,-0.14964131013935922,-0.029935716895646905,0.03556534477158582,-0.07072739889972113,-0.11382556255031262,-0.07321391244867861,-0.07987908642081834,0.05300726318588971,0.1226530312018317,0.11547813329913884,0.027480435653242073,0.024420636874345578,0.12760788543170837,-0.07319664918974217,-0.11158478219096919,-0.0011249954715837895,-0.05952273189741816,-0.04146604430212346,0.021238184286567634,-0.01258063633574363,1.0,-0.045458418998381836,-0.06902921081857583,0.2804169522516139,-0.04959360880965709,-0.08829570997024808,-0.11510682389907263,0.26110715036759047,-0.0722162117935607,-0.055913995995003615,-0.021299700400549078,-0.02650636209899285,0.09581453889920347,-0.09645195349083999,0.3421593201009866,-0.05767289007981851,0.11565877874814424,-0.1121175885664063,0.06382248469924734,-0.012132921447456898,0.06816390186387164,-0.09340159979663154,-0.04765115930123523,-0.05143171035032319,-0.06078977097340182,-0.05884637173899245,-0.016053819069014638,-0.009020075071034781,-0.025544771345876113,-0.10612620615474819,-0.04968235960527317,0.07189795654515907,-0.04666011947911243,0.3968868973439861,0.12307882222347613,-0.07065407864050435,0.0512031872575678,0.3093289794659627,0.06311041816859624,0.003386642544296709,-0.04703711461134902
21,0.05365223272322245,-0.015419080146502756,-0.04058961527749918,0.3399058450036,0.038143394121112804,-0.03331560196092566,0.0293067846558722,0.08781281047877004,-0.00927171724757039,-0.06282013101251575,-0.015962809383004976,-0.019284689637947376,-0.043259378277978475,-0.05196613443714644,0.16890368593904337,-0.06312059501075437,0.005607699901747311,-0.05459533678968893,-0.05577222117977566,-0.005825533023567711,-0.045458418998381836,1.0,0.017533822327931253,-0.040404221684583075,0.0024073431995947107,-0.03365334899310746,0.008783177122895098,-0.035263807423154415,-0.01339862134287919,-0.0452100435152991,-0.0032415193046374507,-0.0015524712363858368,-0.02270869810196222,-0.026399078556227334,-0.05965160426188288,-0.048312005528577326,-0.0420870035145238,-0.06042690060288411,-0.04009393204280205,-0.006216233387230591,-0.027720596882519523,-0.03522478206793518,-0.008971620223232848,0.1576225914495318,0.0429583670673245,0.6489722619059519,0.4264227126487071,0.09386501414838166,-0.012697510766593215,0.22187655788277372,-0.02477612062832503,-0.025013773542531786,-0.03393869956005266,-0.025103953210989245,-0.05056422391830794,-0.025901204639748064,-0.02781136024139471,-0.046697780482733584,-0.029085607565538484,-0.024044187384730027,-0.013571068753639108
22,0.2309330358007689,-0.028636376521874556,0.025543448384344986,0.12446212803470105,0.5173320470871423,0.18252252414765552,0.2571472735341461,0.0594696585491896,-0.027781888051902952,0.020013577227242577,-0.001250754648984007,-0.031042534687588573,-0.06900454634527359,-0.0806070518539102,0.05115929687371149,0.002429234806864078,0.052880216057116944,0.4591781448563881,-0.07103006687913627,0.008699322321499794,-0.06902921081857583,0.017533822327931253,1.0,-0.043000625809443395,0.00296724809691404,0.22386131971478568,0.09800442163634408,-0.061077467126391456,0.32004866636212337,-0.00731888083115408,-0.00733747097862005,-0.017081736144823376,-0.011827470696936598,0.23808255476667162,-0.096121549557766,-0.06797461501393504,-0.06261616629707156,0.04818338829782644,-0.06693310075999453,-0.004153401714186199,-0.046401370772965904,0.2146431792817075,-0.03398437709873405,0.08465824145553001,0.5884564256852463,0.014013839109040358,0.07158908719178297,-0.03543243827734693,-0.019041117181761734,0.1125345163940712,-0.01609481354154477,-0.03976758692516487,-0.01609154307617929,-0.028869397060085317,-0.02803750420390026,0.15390302454944133,-0.0339374765027353,-0.07272988654630484,-0.03312878198662927,-0.04200357853624703,0.2913310691932294
23,-0.0861011338125501,-0.0376452992517196,0.19415632072210443,-0.05923198017926139,-0.09237170466449451,0.0386310077109449,-0.0655279850198219,0.04626474741261871,0.10394137792725067,0.22774600194164576,-0.04770420917753728,-0.0015309633045045169,0.11511635624670774,-0.11117197217563027,-0.10762398640790666,0.05635258399799525,0.02583172289274168,-0.006552893674646369,-0.04284959904069873,-0.013901728689467008,0.2804169522516139,-0.040404221684583075,-0.043000625809443395,1.0,0.009029048447740603,-0.014419636474997543,0.013544522119480996,0.20634680158586066,-0.03727137558864906,0.06825520346954463,-0.016679687241651735,-0.023990458104041334,0.22960697424947354,-0.05806928376886851,0.07321031802685438,-0.033703912793985276,-0.05025016060284585,-0.131186972282024,-0.07361766579649276,-0.022669637112548047,-0.011041087049490462,0.007034892735244316,-0.059701352904914864,-0.03909619936186255,-0.04891240815801703,-0.04166403601174589,-0.05384809018619373,-0.036678614719427995,-0.021167203387458706,-0.08789060376713329,-0.05819676049933892,-0.008117938848014847,0.012304851344087608,0.212462666625801,0.2874076442942499,0.1561381562239101,0.07051147665970214,-0.0072388097958920195,0.037902750381731805,-0.030804745856143994,-0.029465483179390815
24,0.3918026084070362,-0.0023992536966714623,-0.0469222119127105,0.04356320669161356,-0.05241872123212266,-0.056991643766870256,-0.03352660386295398,0.32796275108364664,0.03406198490724695,-0.0007059143033412811,0.30307386773149536,-0.011053538218231188,-0.07229138667517515,-0.021965723755335564,0.3600362391482728,-0.10365230503783594,0.2481254160627629,-0.026093451072695874,-0.1032566161692055,-0.011453103697101133,-0.04959360880965709,0.0024073431995947107,0.00296724809691404,0.009029048447740603,1.0,-0.04844910671575042,0.15783773110730653,0.0029953851227685954,-0.0851344878052519,-0.0719149806343507,0.022177099967441476,-0.0015267395147689415,0.08889410541791955,-0.02897789349684695,-0.10109851045677118,-0.06475624851540211,-0.04665142894598317,-0.09386207993111767,-0.06617646269905064,-0.006749061817652354,-0.04093238723955983,-0.06561856853141626,-0.03018805915671718,0.054000785845459476,-0.006346422729405064,0.10267521131773787,0.081369815812287,0.0958898086551998,-0.021506046843017164,0.20220313495977119,-0.028691141004624228,-0.043019746526860636,-0.061636846462363774,0.021986800364265965,-0.03821043517291593,-0.02780196734047812,-0.03365401790403825,0.026780494942415342,-0.03472321594736808,-0.02420519918144874,-0.023284283137828612
25,0.07384059240433724,-0.033142426899725026,0.003167467618451094,-0.025402941241907322,0.3006263330265019,0.15524789361646452,0.08727606379383736,-0.07195741235594014,-0.03891773536236029,0.00017728867590779615,-0.03147370945623534,-0.03488856775436113,-0.016486998738126597,0.06077487740419955,-0.060743178452175466,0.039753457265125317,-0.04009971674691864,0.5437979131084507,-0.06815456934591972,-0.0031841396000245334,-0.08829570997024808,-0.03365334899310746,0.22386131971478568,-0.014419636474997543,-0.04844910671575042,1.0,0.05710142035725237,-0.07408218880362677,0.12200634454077727,0.2366579352418958,-0.01223400461638698,-0.021853711161993906,-0.035372802308250996,0.08881218005482644,-0.09646028899764048,0.28796091202921403,-0.06540850682658311,0.04413678429139417,-0.08136051257129627,0.01705018739636288,-0.05580368609382799,0.12723563303477062,-0.04921790987686476,-0.05213499295796315,0.09295650881161277,0.0163377999967353,-0.04476815985685072,-0.08102123466378396,-0.01921324206921777,0.05037763873611593,-0.05555951393765865,-0.04559001350156404,0.0411142435623961,-0.03985440690363884,0.026745745467036373,0.03831967060969892,-0.03655407039559076,-0.06594466232288809,0.027211141121368004,-0.037242652271227306,0.21469848529222535
26,0.24581252390333058,-0.056421245403438944,0.12313503105563038,0.036561618496053425,0.12046742030676946,0.10634974883247443,0.08554205893126014,0.1202573071424993,-0.04800792347937735,0.18849303668536044,0.2646410164001304,-0.06304908929712905,-0.0659798760586921,0.030815559514403477,0.3065434936704733,0.036192389679297596,0.06727765404181996,0.2040747282852565,-0.07592895323053375,-0.00737705564343438,-0.11510682389907263,0.008783177122895098,0.09800442163634408,0.013544522119480996,0.15783773110730653,0.05710142035725237,1.0,-0.129308919172333,-0.040636001271647876,0.06366140048741409,-0.022978284573673895,-0.03530206191059833,0.023219555399619188,0.16190010412752726,-0.07937333996324827,0.06523932168546817,-0.1189485687092343,0.04387155706477079,-0.13952472204716967,-0.01619866277365923,-0.09859376739717916,0.06379784385877868,-0.07474575675413714,0.05857304258772683,0.04535828534400249,0.009035724570709561,0.06263537422640349,-0.12060762823575877,-0.02129048777774966,0.1577563177754593,-0.0755501602751251,-0.06403905335708919,-0.016748616517826994,-0.021742335554772486,0.012716561031772588,0.20443708359137075,-0.05309444964828351,-0.009422071364628548,-0.01947165825942329,-0.08425822081157017,0.01515250152534507
27,-0.10735773476043153,0.08574081857016835,-0.07993407431946054,-0.05381952830144811,-0.09190592231098846,-0.07283572082662812,-0.06390982657513804,0.029225793975612802,0.20215821036090834,-0.1314430038227605,-0.07277229069714514,0.14538034248595705,-0.06017026913863607,-0.1036684343137166,-0.04134661289857637,-0.14006713201047005,-0.005024677513349516,-0.12077102739460185,-0.11722593124627259,-0.011495808255229278,0.26110715036759047,-0.035263807423154415,-0.061077467126391456,0.20634680158586066,0.0029953851227685954,-0.07408218880362677,-0.129308919172333,1.0,-0.0930346003854006,-0.06266390927479244,-0.0013686075761116059,0.01606001549673459,0.276936274251121,-0.08941267397616354,-0.10413450079808878,-0.1024000241794713,0.05008056974016304,-0.12853097255156964,0.12097638530938638,-0.015519439706757836,0.34770693470048464,-0.06917118702669053,-0.0344557288461223,-0.028542696975650372,-0.05023348593392868,-0.035840460481215516,-0.04639770844032674,0.1807455713465377,-0.01957544714497328,-0.08089743238853456,0.023179559555942957,-0.03589913054047135,-0.0731356245675381,0.13971647180701824,-0.060757092374225184,-0.06307461777498133,0.04781429106912472,-0.08170684381826585,-0.025624759493712783,0.3706666846423034,-0.041004703367283055
28,0.036720193738730735,-0.042955362332430594,0.09834356261932678,0.017515069512360242,0.1822924171689509,0.1264651696908475,0.0035541989100864087,-0.07075171039204864,-0.03721051223348613,-0.036098710167847436,-0.05788230198724388,-0.04594988256255405,0.07538090483619912,0.1259354613086979,-0.07994122267411599,0.04566404115677367,-0.06962517420902221,0.11612636786356163,0.09540877861195923,-0.001926721317603179,-0.0722162117935607,-0.01339862134287919,0.32004866636212337,-0.03727137558864906,-0.0851344878052519,0.12200634454077727,-0.040636001271647876,-0.0930346003854006,1.0,0.05930215919879095,-0.014326649113157203,-0.03215641706315306,-0.05534697635311149,0.1622329481627735,0.013531856781942067,0.1541874455952768,-0.08639403832229811,0.2067222983120276,-0.12698158917643157,0.014907585884334053,-0.08336047480507987,0.20320366217955432,-0.06458898879059863,-0.03095444446561944,0.10287283871664503,-0.025198110207730228,-0.03255463597760841,-0.09832697371655744,0.010047956312579681,-0.08346380902428498,-0.07148372009952361,0.014957133157505876,0.18738166848774365,-0.048930089205093154,0.06517688071468562,0.07465185658399325,0.011527022082692018,-0.013273932419639572,0.02986894574887358,-0.06640924109851255,0.1863127901100875
29,-0.0953655060779252,-0.048337313383870185,0.1441601793315226,-0.050744167881837096,0.31769154463291793,-0.012255658303227262,-0.023680765068454332,-0.08877231217680681,-0.02710548069500624,0.016149420854316837,-0.07242417479175245,-0.044123019000896525,0.07054074346889812,0.4980429858543801,-0.08931990904266929,0.062189618345491235,-0.021664693177795236,0.0597862064023969,0.02924830775466652,0.0013832342320641297,-0.055913995995003615,-0.0452100435152991,-0.00731888083115408,0.06825520346954463,-0.0719149806343507,0.2366579352418958,0.06366140048741409,-0.06266390927479244,0.05930215919879095,1.0,-0.012369472396513162,-0.027504336255369043,0.019514988542215443,-0.0405781867362821,0.05260308634904955,-0.02091762475826424,-0.07357942429266592,0.19400375153343008,-0.1037348948825429,-0.007187929367025912,-0.06509213083130526,0.1459924873265614,-0.05845759771574603,-0.06533920477237351,0.027174485056703265,-0.021688316347965666,-0.06222301148223715,-0.09938135981813129,-0.017675246550044925,-0.06858492890217849,-0.06751735774088483,-0.012270095216062385,0.04842077421375641,-0.03667565278519799,0.2883545897420387,-0.0026709317392089107,-0.017073507464327786,-0.005708468412748114,0.11150037694691799,-0.019670894153031082,-0.004475244860525061
30,0.056682320730695124,0.02835062594296226,-0.020775697008910528,-0.001199192748575779,-0.019084144385807196,-0.016885093794143418,-0.01464299780755536,0.02324652843692218,0.046819280237939014,-0.030397837978763696,0.04506959889171068,0.010927633454752752,-0.019866178313811624,-0.01415192272981441,0.05211477207970399,-0.033346863378837306,0.13894169965250341,-0.027420668421953672,-0.028817856373635115,-0.003031697796955647,-0.021299700400549078,-0.0032415193046374507,-0.00733747097862005,-0.016679687241651735,0.022177099967441476,-0.01223400461638698,-0.022978284573673895,-0.0013686075761116059,-0.014326649113157203,-0.012369472396513162,1.0,0.0009756931104349482,0.036985941943046004,-0.01976694997006752,-0.030951914571846408,-0.022411582923053626,-0.01699742715938566,-0.029176288623216758,-0.020814321411391133,-0.002092475312890324,-0.013343922525385122,-0.012680141624093005,-0.009252805590755751,0.011991095875473272,-0.010439314737173864,0.04367089159075471,0.023079050096162713,0.09349553080174547,-0.006290961451609409,0.004368510412945364,-0.006770788648719191,-0.013038633718662804,-0.01760575831303876,-0.013341241986505723,0.016479002958909788,-0.015038701403550504,0.0001697039408901941,-0.02184878698626714,-0.011843675342355255,0.028911398670331916,0.003990181066981653
