,0,1,2,3,4,5,6,7,8,9,10,11,12,13,14,15,16,17,18,19,20,21,22,23,24,25,26,27,28,29,30,31,32,33,34,35,36,37,38,39,40,41,42,43,44,45,46,47,48,49,50,51,52,53,54,55,56,57,58,59,60,61
0,1.0,-0.06953465004275916,0.1962997314591639,-0.03754340187155643,0.10464617052231837,0.21372961527855705,0.06938357044307036,-0.09263844052882153,-0.07365168633126125,0.17057612467133942,-0.039228150868905104,-0.07368723269692551,0.07883657039614268,0.049837825233121164,-0.07018873305019689,0.3556146244854868,-0.0907671932984162,0.20193610177547813,0.38916539284138557,0.00952598022747793,-0.09129489920691419,-0.04752250668676446,0.11698825789814998,-0.1004488120339553,-0.07288237913818942,0.06625702620627877,0.19349094612402112,-0.14035685762445416,0.014572426789781216,0.014325146623475053,-0.0319232928841473,-0.03987203412834804,-0.10391572023223412,0.3219832339768264,0.1389411462467971,0.10312663432416994,-0.0963074247215496,0.22679600757719004,-0.13600994099423308,0.018326312746613782,-0.10410649523539073,0.1546182607962349,-0.06494978973839252,-0.0673355791002867,0.006163900420051957,-0.061327761742201975,-0.027089741487355486,-0.1564096878688069,0.017559121946918454,-0.009624672143594783,-0.0740447597948112,0.04698663132690181,-0.03570886959169678,-0.05580968980159225,0.1226506504583621,0.1618368694265414,-0.11166138517369614,0.010540401332166525,0.0081544811250597,-0.09297246979344366,0.4245310814541333,0.046477070937662956
1,-0.06953465004275916,1.0,-0.0444065523921912,-0.007316357485279125,-0.04637358480534277,-0.03604229244273249,-0.03220853570220192,-0.011926852113378825,0.011597893646354347,-0.06569035279537952,0.03891298043143749,0.49197897904120047,-0.040564713783842216,-0.05168759853261079,-0.025636324382320115,-0.05900141875010418,-0.020669120619373475,-0.051831253295822916,-0.06031164775488747,-0.005572955389726708,-0.029602402755509433,-0.01563824683855066,-0.02952708173512313,-0.04470579927973868,-0.001883795383596381,-0.030190023431818085,-0.059684568917167405,0.08644436893196357,-0.037301803463129835,-0.0395021058937823,0.027207762916989103,0.2350980797955516,-0.02752034228918202,-0.0327942942982318,-0.06208964932153751,-0.03574871192530279,0.01074120382611497,-0.04463037457602534,-0.0026880470770190923,0.0012619032001697332,0.21340416578383364,-0.03662509708117795,0.02522226716486877,-0.02289923523448407,-0.024477431273353452,-0.002428621939298531,-0.014707577223009013,0.183166062244397,-0.012639668247737695,-0.020314550011575044,0.3685405303402216,-0.02427819813594108,-0.019117708984863806,-0.01261680928314862,-0.04638222651183817,-0.03554758944086464,-0.0066597461015975995,-0.042017508627372,-0.023773466487762598,0.06379286549070161,-0.060474171152184605,-0.020572595648893962
2,0.1962997314591639,-0.0444065523921912,1.0,-0.11909188891270342,-0.040049101930312546,0.37770796878398744,-0.04364405210216553,-0.08821794823542875,-0.04307296669356136,0.5246392716274859,-0.05020079003519461,-0.046954888830248995,0.025891128889213237,0.17740354746208473,-0.06410523470902696,0.38491796092691993,-0.044627870294261296,0.09090346625217705,0.04864413111643213,-0.00785259450252391,0.04158482092163413,-0.0416303305292777,0.038398489380160654,0.2789594268042607,-0.05321578855948382,-0.011633693985496504,0.12562157667493515,-0.08100287358642975,0.1324419178609208,0.08087282642737592,-0.020869460619774904,-0.025924724870418286,0.04202900480393497,0.07568876628157692,0.15899956236986373,-0.06651014512392081,-0.05402875458747723,-0.080429528656902,-0.0738653406482826,-0.012530022221158718,-0.0626404778323715,0.11620730324975533,-0.04628742437613258,-0.05279361370844603,-0.020820565085303055,-0.050331525473001536,0.05579640349405492,-0.09823921943754348,-0.00937182960431845,-0.08986023474460814,-0.037132969013163805,-0.01727620327047954,-0.06418938309949598,0.018913395527411062,0.14894819751409022,0.29117778913038606,-0.03762901183464312,0.015691722007643523,0.03338015292003217,-0.05411619204717606,0.0046550924613024385,0.13350048354181454
3,-0.03754340187155643,-0.007316357485279125,-0.11909188891270342,1.0,0.06721954514389418,-0.09419346592487515,0.17920774805225342,0.5456527667942053,-0.010723721867588736,-0.04392216910637417,0.31022210421583446,-0.005923773138014731,-0.11646172497571913,-0.09369554612446174,0.44234740428379826,-0.1548927740118169,0.21460163937176274,-0.049936852168677916,-0.14701180335034864,-0.01699258082852262,-0.11180187191797791,0.17204009937247178,0.05545023201777178,-0.11625621032409003,0.3519222167175081,-0.057821292343747166,0.3111264913882149,-0.04441948557194468,-0.09421772257190122,-0.07462115409871539,0.05129304922210529,-0.010467146300980754,0.046928992234235786,0.20823035162263928,-0.164838876754576,-0.09212427183932281,-0.06155251336944158,-0.008227967096753594,-0.0625727205414248,-0.014434421777540597,-0.043272523246902006,-0.08798912989735594,0.022614900876386734,0.1868008865201906,0.08631651131708454,0.20664343310817457,-0.07010962551455902,0.09002836312069055,-0.0355637126136588,0.30551793688094503,-0.0017048650716005806,-0.0728123904389336,0.25191680939120226,-0.034849378711363566,-0.08836152780001605,-0.047101918043133115,-0.05995434674977773,-0.026159017588274488,-0.07384810438032449,-0.018925301245438814,-0.10704461151453556,-0.017588853518605455
4,0.10464617052231837,-0.04637358480534277,-0.040049101930312546,0.06721954514389418,1.0,0.08118417471730792,0.4083570703314342,-0.03380464304495953,-0.05110676477612896,-0.046361860319522774,-0.03575895799099683,-0.049243541706151764,-0.09024982017219034,0.27993433048007954,0.025119791549750865,-0.10329610673499895,-0.024554526520647543,0.27524981498591844,-0.09773084161427728,0.015057311633660506,-0.11464619025305652,0.033611930713094665,0.5371818289797016,-0.10632676993802176,-0.052159249766607116,0.3081639862130683,0.14364106281844188,-0.09265788287526158,0.0009273537225566674,0.275677255061178,-0.01903998542275919,-0.025731907293511214,-0.05311974800392174,0.28627192143726976,-0.14368880717210847,-0.036770549115263035,-0.08508708973132811,0.22323286004304094,-0.10009782532687131,-0.005388954781505695,-0.06929806236064705,0.25737879753684123,-0.057368162339757126,0.04160486814632148,0.49823666498190744,0.04871874845612296,-0.03555475073990263,-0.09283417089053642,-0.024080010956694327,0.16128282126300733,-0.04701179185952107,-0.060468585474342106,0.1952118278473836,-0.04573990511670028,0.19747608453521154,0.04292886092436197,-0.07300945536620423,-0.10507193721310759,-0.05729264306390727,-0.06179219819054696,0.2888382623332618,-0.016436187546972018
5,0.21372961527855705,-0.03604229244273249,0.37770796878398744,-0.09419346592487515,0.08118417471730792,1.0,0.02187570537126398,-0.07423314087467832,-0.04117115987558423,0.31053454739293973,-0.03633340002815291,-0.03857199086928951,-0.05916429737306291,-0.01428218309111743,-0.05196440077686644,0.09199236101006386,-0.04533196789269925,0.37186533306766967,-0.006446579729685872,-0.008092272983346714,-0.07418592394989795,-0.03345275425687283,0.18631017415246956,-0.002889252685880926,-0.05593301480864066,0.1715899527590691,0.13594038758106464,-0.07369834721710525,0.08948705468799148,0.00034085287907562544,-0.017132114945219913,-0.02130652996458907,-0.03028877532809695,0.3016546020566983,-0.07149294784039947,0.03957524333644084,-0.06837488696381884,-0.06024859943255489,-0.07690841420540502,-0.00255630333239126,-0.05376754630841828,0.15668250053649363,-0.04734824782872501,-0.03399179000885813,0.019254843773155256,-0.04048955161038428,-0.028614763025454532,-0.08566310319622272,-0.0162579651915868,-0.041767669346144544,-0.03965278514576519,-0.03704848593804526,-0.04719882349294968,-0.0191375027901355,0.11102283564721915,0.5534738547401482,-0.05576986235988226,-0.04636709206874271,-0.029361341872370005,-0.048176890001859665,0.08678825656166231,0.11465829010707893
6,0.06938357044307036,-0.03220853570220192,-0.04364405210216553,0.17920774805225342,0.4083570703314342,0.02187570537126398,1.0,0.07398897278078956,-0.03559890898474974,-0.03168320623720722,0.01747229633604224,-0.03583347641439977,-0.06914081021992682,-0.03374228500449378,0.028304107912905697,-0.0778681809109785,0.09884281944026697,0.12980957113223437,-0.07211001521339783,-0.0035810245666242453,-0.08044116650216193,0.028760964190415638,0.2531445737140762,-0.0768658723388416,-0.03521299185911622,0.10183389977605652,0.11823042989740506,-0.06436090016151473,-0.043201330524146375,-0.024957852561931344,-0.014836044603374721,-0.01823851593936114,-0.04459616577871449,0.24267963582089008,-0.10443787561687505,-0.05976311395111787,-0.06651014013761312,-0.07324466383550549,-0.07028608074510417,-0.012164174709896324,-0.04883171891387243,0.0877440252501618,-0.04472629808061057,0.0799341639744418,0.22253713535976208,0.10599617904897807,-0.04097303716894239,-0.06094516987004124,-0.021451676631867308,0.26823843689836013,-0.022440469432740417,-0.04335902369429097,0.47750497500218486,-0.02746699171307281,-0.0015013837806020502,0.08457155259596155,-0.05349788059155039,-0.07890213885725134,-0.04734288089799997,-0.04376265505589933,-0.0019614332178180052,-0.030032891699263365
7,-0.09263844052882153,-0.011926852113378825,-0.08821794823542875,0.5456527667942053,-0.03380464304495953,-0.07423314087467832,0.07398897278078956,1.0,0.21263411246349156,-0.012074061307255298,0.20391164684266072,0.01496915165553119,-0.0676022073485078,-0.09632519745206033,0.2199242144804985,-0.10120921298998095,0.3354623602168728,-0.07418175248418245,-0.12540439120271987,-0.01540160016309225,0.06023348229121825,0.08418503063800724,0.06001411875466612,0.06648021263773252,0.35622966418345414,-0.07078545714788079,0.09009576616051113,0.03993621259380975,-0.08241867880547252,-0.06421661551423608,0.0348387514035612,-0.0010312331430008329,0.21183627882162737,0.20233612205776336,-0.10923263888654051,-0.09751663932811136,-0.08518529543080813,-0.07004588891530339,-0.10278143851930319,-0.016203089636623987,-0.04902624141942294,-0.08230069972188742,-0.057935704378075305,0.1263844682184916,0.030601078459850245,0.13493116535033975,-0.03967976060458314,0.05813838119803291,-0.03308957224398778,0.21763636867960223,-0.06170229147903105,-0.044577841139643554,0.15388626978473863,0.03027717043196851,-0.08260401310293233,-0.04247430425760375,0.13104048798902548,-0.006910436510138668,-0.043406893789530616,0.03907019251155511,-0.13547421407003274,-0.00023458606134925918
8,-0.07365168633126125,0.011597893646354347,-0.04307296669356136,-0.010723721867588736,-0.05110676477612896,-0.04117115987558423,-0.03559890898474974,0.21263411246349156,1.0,-0.05678280698091409,0.026778401652745736,0.06871838876431222,-0.04233561391732421,-0.03257511899834466,0.02534189319146366,-0.05374952144523272,-0.0036378119434989035,-0.06557602534321735,-0.07286328479355819,-0.007022715159561088,0.13857599725057718,-0.009003223717228222,-0.02409253808002494,0.07713042925434516,0.037627630380255024,-0.03936408032288602,-0.06562817768256499,0.20389692222871464,-0.042527827808586695,0.000686200791166749,0.048287499237101815,0.008590530532297937,0.3474895139500531,-0.04878510274226905,-0.06625385628568875,-0.057457670019367836,-0.013090221684306541,-0.06244745250272346,-0.04045104992969328,-0.01096492165023366,0.03158888902201125,-0.038611914609581945,-0.031170512207985283,0.014277451338965292,-0.01492796583689114,0.003643517023477964,-0.004358911327057933,0.042455097518475954,-0.016596342192455853,-0.034143669501629545,-0.03306693561392283,-0.017016886696928926,-0.027960309489431012,0.05501052061962095,-0.041735592931694196,-0.03490651799607156,0.30139711165501915,-0.04220030520520923,-0.02245478169338341,0.19898928795948417,-0.07458740667041061,-0.027714202360193153
9,0.17057612467133942,-0.06569035279537952,0.5246392716274859,-0.04392216910637417,-0.046361860319522774,0.31053454739293973,-0.03168320623720722,-0.012074061307255298,-0.05678280698091409,1.0,0.09131980031870394,-0.06241541169524381,0.22429615569606623,0.04460300016732367,-0.0842899388751949,0.3326753494673003,-0.03018404374369631,0.23033300174513993,0.2312848761759826,-0.014615166301127715,0.10917825889339008,-0.06326705179844425,0.024887496935540168,0.19093789531575572,-0.001359872043644357,0.011216680324166714,0.2001692713513713,-0.12978700324086728,-0.0027150960528826464,-0.03856439945678744,-0.030073248596826287,-0.04123412229611044,0.005230654222650648,0.13403857115262313,0.38940658265755074,0.007750652086178242,-0.08396589183210967,-0.03567184412788693,-0.11586514767858339,-0.017700619928099588,-0.0981829824407259,-0.02530678959038097,-0.07688400224842103,-0.08740855099905223,-0.0340131070030456,-0.05954587580174538,0.012619416925397921,-0.1442970715003677,-0.01570080377722761,-0.022932870712825605,-0.07729058119245799,0.025156443174638186,-0.07428111597262678,0.10917021538076994,-0.01351779617813964,0.3077639161776172,-0.07535615887467115,0.18085618828659955,0.03826716179746544,-0.0917677367236005,-0.004728004889074117,-0.013175334698608793
10,-0.039228150868905104,0.03891298043143749,-0.05020079003519461,0.31022210421583446,-0.03575895799099683,-0.03633340002815291,0.01747229633604224,0.20391164684266072,0.026778401652745736,0.09131980031870394,1.0,0.09940809825150732,-0.07175317710443874,-0.07257182423672537,0.023097753915278497,-0.0660907287561341,0.10729550212942215,0.10997167056069643,-0.07246469244336595,-0.010836196166979147,0.024349914640431597,-0.016031610515585486,0.000906995032826572,-0.0560011118410691,0.31224898953963015,-0.028317601454362643,0.25156870380885754,-0.0750358347038112,-0.0631743735056714,-0.07220618329312062,0.045249767770476,-0.023785388021594328,0.06001977598173356,0.12572257403505402,-0.08312970817492646,0.08078874475974204,-0.023413530828559556,0.00468051813855422,-0.1084299963484309,0.005694634602493874,-0.059046493589791374,-0.07698520675301315,-0.059263938995796836,0.0519705648091624,-0.02278950233789336,0.05757418315738107,0.010170407803094052,-0.010161978573496546,-0.024604653251947824,0.18226992973128925,-0.050172450052488854,-0.03021675579585392,0.02759907215136484,-0.02627749077623592,-0.06227439212762731,0.00394328045628892,-0.005124207889468535,0.19150956358596205,-0.05052278147872452,-0.06835062678516829,-0.08276075864500013,-0.027460501071889555
11,-0.07368723269692551,0.49197897904120047,-0.046954888830248995,-0.005923773138014731,-0.049243541706151764,-0.03857199086928951,-0.03583347641439977,0.01496915165553119,0.06871838876431222,-0.06241541169524381,0.09940809825150732,1.0,-0.035994498628974775,-0.05015723377627063,-0.030108062508539396,-0.061241078271634684,-0.02432256268229329,-0.05650519537679381,-0.06340495620886687,-0.003038037061844469,0.029068886433007264,-0.020404376731015708,-0.03340338920886076,-0.015824354267325254,-0.010530112135466283,-0.0345419815606826,-0.07059350636765044,0.15133258555906806,-0.040184311623093424,-0.02993076112517809,0.012395394786337666,0.062261196274328676,-0.008373940280804187,-0.041720416758707066,-0.05920100326050782,-0.04774363611525878,0.12097717606490302,-0.04453421036435703,0.02799471840392364,0.01105915986618131,0.26686173346276165,-0.03680898419469657,-0.00011645011486685099,-0.02538563693865087,-0.026800794379798085,-0.011214009135976224,-0.0010662557983558679,0.1344466020190091,-0.014500793049596075,-0.03633639089721387,0.06438310388206424,-0.022968121170143192,-0.028694543895161115,0.008571526682730443,-0.05190249510096611,-0.03678816073122877,0.045653444963577906,-0.031550426058149894,-0.0207801246401267,0.11998258959193249,-0.06465683496291588,-0.02638675477429424
12,0.07883657039614268,-0.040564713783842216,0.025891128889213237,-0.11646172497571913,-0.09024982017219034,-0.05916429737306291,-0.06914081021992682,-0.0676022073485078,-0.04233561391732421,0.22429615569606623,-0.07175317710443874,-0.035994498628974775,1.0,0.12878310410866112,-0.070424620816299,0.16311143951256873,-0.07367906917522778,-0.031177545740350684,0.3816791882408998,0.01399976545492518,0.1332611637410348,-0.0448528159103735,-0.07199800193075202,0.18533449045588238,-0.07402091206971127,-0.01843056637869972,-0.06803451916448645,-0.05782946133114861,0.033567564366303836,0.0013255332034252422,-0.018638906823363607,-0.027955078604450623,-0.02953975160109402,-0.12890722245087946,0.5802071168441463,0.034986418840179286,-0.06166167965572078,0.10531676626833048,-0.07527409898246501,0.00210131354884584,-0.05100760927749353,-0.07800126999232768,-0.052187120047322844,-0.06650353650682436,-0.05663670416294108,-0.050082578610481335,0.08616609197025027,-0.09449533939255117,0.00905624063559901,-0.08819805380835063,-0.06672469117074697,0.09692872898759125,-0.06065253194309684,0.0931175818106191,0.15111525439495474,-0.06767090929785197,-0.027473475095693225,0.2973577320834207,0.1822918450214511,-0.05900728486824742,0.016198351160483834,-0.047725633907513866
13,0.049837825233121164,-0.05168759853261079,0.17740354746208473,-0.09369554612446174,0.27993433048007954,-0.01428218309111743,-0.03374228500449378,-0.09632519745206033,-0.03257511899834466,0.04460300016732367,-0.07257182423672537,-0.05015723377627063,0.12878310410866112,1.0,-0.06990237357723517,0.1102001023871904,-0.019309856261247114,0.03245126223499144,0.05128843061625383,-0.0008859466666155651,-0.04487895913701253,-0.04861808251139939,-0.025936533862687683,0.2072541529556315,-0.07510909078526612,0.149376328574854,0.03777843359467617,-0.07991561631542546,0.04013032200546239,0.7680450375578329,-0.011651128305617759,-0.029726507431916044,0.07432209136073858,-0.08721030280790776,0.10218045056268435,-0.02369293545985268,-0.07793862124095666,0.5087188547455743,-0.10835312908993636,-0.006784947928765536,-0.07164570248698224,0.053349190038064015,-0.05897980606345035,-0.06662226294609068,0.0021998460469932015,-0.02724639473517354,0.14709932522467078,-0.10583038181385583,-0.016121949792406248,-0.0821055954053638,-0.0712438954921911,-0.00786369242745531,-0.05414602066630867,-0.035235741560771985,0.15439526387846403,-0.004404171848160263,0.004570430793209439,0.02437533556447366,-0.009290113586717556,-0.04217946896617563,0.16715866571781846,0.04148144259137498
14,-0.07018873305019689,-0.025636324382320115,-0.06410523470902696,0.44234740428379826,0.025119791549750865,-0.05196440077686644,0.028304107912905697,0.2199242144804985,0.02534189319146366,-0.0842899388751949,0.023097753915278497,-0.030108062508539396,-0.070424620816299,-0.06990237357723517,1.0,-0.0903913851550016,0.2397223885627594,-0.08730869141123242,-0.09385431333806962,-0.009877165592594377,-0.05247133085739444,0.16018495086170892,0.10007311200796135,-0.04536245483917592,0.04403611987384455,-0.04944704351099597,0.04721728136772065,-0.03558350371946623,-0.055946176018277276,-0.056831508204057885,0.012250822460361617,-0.010125491372690585,0.2329892445551861,-0.03553753214772152,-0.09849341218506574,-0.08268775959804636,-0.06816956555487375,-0.08422508919689468,-0.06335894079889895,-0.016596087200639608,-0.04438889563905155,-0.04356666992574234,-0.03472399502167855,0.29699182663558443,0.04691687838212042,0.180928277626199,-0.040361389464251544,0.15597513952961004,-0.020669463337928316,-0.026326834054643256,-0.0398311061001428,-0.041134727939867444,0.0832281610707652,-0.036520014115653934,-0.030822362166587295,-0.01849579195053351,0.06284700710128073,-0.07728514622737205,-0.02642899011559992,-0.022891646394590147,-0.09754423708003596,0.07494801259523176
15,0.3556146244854868,-0.05900141875010418,0.38491796092691993,-0.1548927740118169,-0.10329610673499895,0.09199236101006386,-0.0778681809109785,-0.10120921298998095,-0.05374952144523272,0.3326753494673003,-0.0660907287561341,-0.061241078271634684,0.16311143951256873,0.1102001023871904,-0.0903913851550016,1.0,-0.0824981043396725,0.13864118911279522,0.45675388098024494,-0.014794489867970915,0.025999123983724524,-0.05584723494402052,-0.0494599462811006,0.22096434035318002,-0.09373338357567176,0.02719352134088193,0.01542132916488368,-0.11497099832505948,0.03405946541048743,0.07362634725758074,-0.02714813694437694,-0.034807515037208914,-0.026556800962480608,-0.037648929768935885,0.28042606222044,0.18246414910772646,-0.07540948381486456,-0.03986059957355993,-0.10303785142572769,-0.008948368289379413,-0.08625105086491573,0.005138438149218775,-0.059598267322328126,-0.08340957955079104,-0.05902516360705294,-0.06308834425236792,0.04661289252898955,-0.13512986295102503,-0.0066388081709514175,-0.12032916705846189,-0.07622528424854944,0.07915494920087873,-0.08309525699286648,-0.005623175537383654,0.04294928561144928,0.04685245491261139,-0.06696346921680685,0.08214188109652368,0.10748667914754786,-0.07849323143175854,-0.03381934592026192,0.05300206589762006
16,-0.0907671932984162,-0.020669120619373475,-0.044627870294261296,0.21460163937176274,-0.024554526520647543,-0.04533196789269925,0.09884281944026697,0.3354623602168728,-0.0036378119434989035,-0.03018404374369631,0.10729550212942215,-0.02432256268229329,-0.07367906917522778,-0.019309856261247114,0.2397223885627594,-0.0824981043396725,1.0,-0.07232933212160511,-0.11142489127589833,-0.012330790683277807,-0.06418788611761451,0.008011735538880517,0.06586680874125453,0.05232123564045871,0.24470702642562467,-0.03719408447768195,0.06282613586870353,-0.028850806835110702,-0.062351617691683854,-0.03668233274947437,0.13331860580294572,-0.00981578418054707,0.26033751076538536,0.05165647296458085,-0.11802945780821891,-0.0940573733595735,-0.06997436602492321,-0.09621373158411267,-0.08024902507934026,-0.01806439714041503,-0.05720880016211784,-0.04751289058354746,-0.04717283573694793,0.2032950258067706,0.0028834361930576927,0.13363020100753464,-0.040153584547103424,0.25102468142475254,-0.022379441408124166,0.03601936689357388,-0.03720528843850262,-0.051875267619432175,0.10473795128074281,-0.03787543501253987,-0.06228588107746756,0.024618503544843316,0.34629458115323986,-0.06320333575772437,0.00596488348517121,0.0027139907565508683,-0.11237426707226636,0.1445704284070215
17,0.20193610177547813,-0.051831253295822916,0.09090346625217705,-0.049936852168677916,0.27524981498591844,0.37186533306766967,0.12980957113223437,-0.07418175248418245,-0.06557602534321735,0.23033300174513993,0.10997167056069643,-0.05650519537679381,-0.031177545740350684,0.03245126223499144,-0.08730869141123242,0.13864118911279522,-0.07232933212160511,1.0,0.0700378748864072,-0.01112887799073653,-0.04793354033329661,-0.05331667665824827,0.47111070023294993,-0.04235363226133673,-0.024157540307749754,0.5775357851394587,0.24118151817448638,-0.11857461397043981,0.013070545601866964,0.07514912612290661,-0.026983584932574467,-0.034548844576973714,-0.06570064955844207,0.3691916139790714,-0.020825410546697756,0.24606044537934316,-0.06507233711176602,0.01623758498037572,-0.10782457353807084,0.018463024980635158,-0.08836941032624909,0.10279050908828716,-0.06346553528378049,-0.06944630612774802,0.19674417172296071,-0.030739249415890905,-0.007826290726511925,-0.12463439736775991,-0.016173071746534408,0.056821789394852246,-0.06225030721691898,-0.0018869690576163315,-0.020144816261581884,-0.034419701608402915,0.16461749402541132,0.2600241941614294,-0.0933925842658425,0.048731477483191205,-0.020614011194879184,-0.08052484439336276,0.09240683224987345,0.058516834344304075
18,0.38916539284138557,-0.06031164775488747,0.04864413111643213,-0.14701180335034864,-0.09773084161427728,-0.006446579729685872,-0.07211001521339783,-0.12540439120271987,-0.07286328479355819,0.2312848761759826,-0.07246469244336595,-0.06340495620886687,0.3816791882408998,0.05128843061625383,-0.09385431333806962,0.45675388098024494,-0.11142489127589833,0.0700378748864072,1.0,0.011811725444472246,0.01729365928992354,-0.05649202788400952,-0.0643868060003234,-0.06584409814440156,-0.10439111684208108,-0.06282724671822199,-0.034960071710902665,-0.11857299119569933,-0.007792694347343157,-0.06562864758331541,-0.029703123400134653,-0.035588476173496315,-0.11955432988328157,-0.038790125689655154,0.5092130231659662,0.23725968523674135,-0.0666657604335745,0.21649431842234912,-0.0980667441343181,0.04454165381119406,-0.08815508825833486,-0.06155613343040612,-0.04848967990541139,-0.08436409048495841,-0.06582200850532241,-0.07039327622916891,0.005244050595427719,-0.1391978943569043,0.022767350243923824,-0.1083139080234028,-0.08120626927679571,0.1707338124344024,-0.07164177096241682,-0.03792763693220119,0.09941605285690042,-0.041605786012441755,-0.10060459097338453,0.2484241838678745,0.11731189400020885,-0.08117358403871966,0.18313934553462993,-0.05695627635303078
19,0.00952598022747793,-0.005572955389726708,-0.00785259450252391,-0.01699258082852262,0.015057311633660506,-0.008092272983346714,-0.0035810245666242453,-0.01540160016309225,-0.007022715159561088,-0.014615166301127715,-0.010836196166979147,-0.003038037061844469,0.01399976545492518,-0.0008859466666155651,-0.009877165592594377,-0.014794489867970915,-0.012330790683277807,-0.01112887799073653,0.011811725444472246,1.0,-0.012571652227118361,-0.005783514783538963,0.006477563577318224,-0.013693714808298391,-0.011312363515343425,-0.006129511446120152,-0.005315315204870446,-0.011491303606106236,-0.004949747903146316,-0.0029413708233936298,-0.003005534747208628,-0.003569725331538995,-0.013139002773054832,-0.008480895737756582,0.004322971763920397,-0.012340274819722153,-0.0019530125084750716,0.06321367495357777,-0.010353200554576236,-0.0011360000934010248,-0.007031025047028105,0.02556427616569862,-0.0047162034166864574,-0.008781474310661879,0.03944576515797761,-0.007011681367221884,0.003522922646910857,-0.011473239104816195,-0.0005275207937561914,-0.012920345392551533,-0.007670237647558541,0.0017434788207622064,-0.0034964685538838155,-0.008171927312406364,-0.001691514380367122,-0.007937796400890094,-0.010726601647392331,-0.009880917191506558,-0.00805116830848042,-0.00793230971379415,-0.0014249296201049007,-0.006617216566114296
20,-0.09129489920691419,-0.029602402755509433,0.04158482092163413,-0.11180187191797791,-0.11464619025305652,-0.07418592394989795,-0.08044116650216193,0.06023348229121825,0.13857599725057718,0.10917825889339008,0.024349914640431597,0.029068886433007264,0.1332611637410348,-0.04487895913701253,-0.05247133085739444,0.025999123983724524,-0.06418788611761451,-0.04793354033329661,0.01729365928992354,-0.012571652227118361,1.0,-0.04580400338113898,-0.06884367989689333,0.25181865602967884,-0.04873154676369183,-0.08393084182243796,-0.12776418504854148,0.2939809955074507,-0.051489226435283,-0.052402087924566236,-0.020903676696476123,-0.02620182492982881,0.08661368112461904,-0.14307354707540337,0.3299211762038943,-0.059459948024538155,0.11558181782496804,-0.0794998284700324,0.06277081528236077,-0.012067525009644165,0.06965640050125876,-0.08738723388194883,-0.048991878656971674,-0.013591128393520047,-0.06027506827521284,-0.05958393419954741,0.07197540390936302,-0.0067696093889972435,-0.02553573314899857,-0.1111282176815131,-0.04984172418757946,0.07158062444261702,-0.07060545330184231,0.3907793121702067,-0.03934663358730341,-0.07138848791509772,0.08365635002510313,0.3091932524516198,0.05164450775886601,0.007674473734291167,-0.12272470220375985,-0.05669838378851739
21,-0.04752250668676446,-0.01563824683855066,-0.0416303305292777,0.17204009937247178,0.033611930713094665,-0.03345275425687283,0.028760964190415638,0.08418503063800724,-0.009003223717228222,-0.06326705179844425,-0.016031610515585486,-0.020404376731015708,-0.0448528159103735,-0.04861808251139939,0.16018495086170892,-0.05584723494402052,0.008011735538880517,-0.05331667665824827,-0.05649202788400952,-0.005783514783538963,-0.04580400338113898,1.0,0.01619796773027473,-0.04773098306602936,0.0036256496747305756,-0.031064953627778263,0.009207605095625297,-0.0361433468823842,-0.0344892919449222,-0.04076255891581816,-0.003286482397169204,-0.001545051929203582,0.0033200142462807038,-0.006969890019748622,-0.06014999341462804,-0.04819518970618301,-0.04221704414756866,-0.05310023156221562,-0.04010890894419021,-0.0063616102362812664,-0.027900774849081204,-0.032644859337811916,-0.010742893656003814,0.42734181891485,0.043778281437716636,0.6489254380302851,-0.03153682408326952,0.09563691139240522,-0.012768702698041506,0.18513931291739075,-0.024437217391219894,-0.024909705336873908,0.3348605598196433,-0.02496179828669506,-0.02309018069793054,-0.026877884026266237,-0.029825286532061478,-0.04676585642435941,-0.0271838533118716,-0.023131966232079786,-0.05766638281192042,-0.020643456495181484
22,0.11698825789814998,-0.02952708173512313,0.038398489380160654,0.05545023201777178,0.5371818289797016,0.18631017415246956,0.2531445737140762,0.06001411875466612,-0.02409253808002494,0.024887496935540168,0.000906995032826572,-0.03340338920886076,-0.07199800193075202,-0.025936533862687683,0.10007311200796135,-0.0494599462811006,0.06586680874125453,0.47111070023294993,-0.0643868060003234,0.006477563577318224,-0.06884367989689333,0.01619796773027473,1.0,-0.055131989934329106,0.005527266627572516,0.25900163021046774,0.1159932153097923,-0.0635556248952649,-0.01170564683220849,-0.009364098254127807,-0.008210494418328704,-0.01745583935112399,0.03939189404696554,0.4145544981152044,-0.0988133928073919,-0.06473001964156296,-0.06454761672337608,-0.0807138491746208,-0.06785997231048096,-0.004164162437878878,-0.04686144476108249,0.24686060811021213,-0.036786451280965166,0.07777534762009619,0.5679848533413481,0.015113023271374492,-0.03317664488339603,-0.0340894676369627,-0.019550664324765536,0.10894367378839691,-0.015234605693590059,-0.03973396791939432,0.12889654543328927,-0.02806078056184395,0.3214470925828561,0.16271715098653783,-0.008608806449572072,-0.07126157509344566,-0.032591403675647675,-0.041142226805278695,0.1050586232757921,0.02660852584346835
23,-0.1004488120339553,-0.04470579927973868,0.2789594268042607,-0.11625621032409003,-0.10632676993802176,-0.002889252685880926,-0.0768658723388416,0.06648021263773252,0.07713042925434516,0.19093789531575572,-0.0560011118410691,-0.015824354267325254,0.18533449045588238,0.2072541529556315,-0.04536245483917592,0.22096434035318002,0.05232123564045871,-0.04235363226133673,-0.06584409814440156,-0.013693714808298391,0.25181865602967884,-0.04773098306602936,-0.055131989934329106,1.0,0.0027507431174530073,-0.029856228952761896,-0.01273711714655107,0.11583761141847103,0.03599067177177949,0.12453656632773369,-0.0019240917276708031,-0.028035961367447276,0.2304052631770537,-0.11168240938734683,0.13074138843827426,-0.044989273818254294,-0.06413657750133915,-0.12405370584672705,-0.09572694556515204,-0.02406970336434254,-0.04184116807870035,-0.029409983906312595,-0.06792144303169714,-0.06467107967100261,-0.0540739656450069,-0.03380653107616152,0.13185144523537198,-0.045937610034060786,-0.014899616294031215,-0.1032185655037143,-0.06260076213533189,-0.0037609496189880956,-0.06737115361672243,0.1655671743636784,0.12266966134111185,0.07937003937353096,0.236650026341561,0.05488678478400204,0.08626579306358806,-0.03996113616587249,-0.14375089366269406,0.022003471256536684
24,-0.07288237913818942,-0.001883795383596381,-0.05321578855948382,0.3519222167175081,-0.052159249766607116,-0.05593301480864066,-0.03521299185911622,0.35622966418345414,0.037627630380255024,-0.001359872043644357,0.31224898953963015,-0.010530112135466283,-0.07402091206971127,-0.07510909078526612,0.04403611987384455,-0.09373338357567176,0.24470702642562467,-0.024157540307749754,-0.10439111684208108,-0.011312363515343425,-0.04873154676369183,0.0036256496747305756,0.005527266627572516,0.0027507431174530073,1.0,-0.044852657229117555,0.1406710258166263,0.007171477353060627,-0.06195102173523366,-0.06716607755244591,0.022170116208336352,-0.0010514401676418998,0.10554954710521772,0.1462453920473732,-0.10367114163412837,-0.06460636760551705,-0.046513788567165135,-0.02250764203820113,-0.06642391895036892,-0.007107004753907889,-0.04042808809189717,-0.06318688676071928,-0.03133747689027096,0.07984735103396279,-0.0056970869242837455,0.10500699281182438,-0.03747679459318169,0.0902533482674735,-0.021857608281134647,0.2442218216602245,-0.029581466845408508,-0.04247350755090869,0.043639339331023,0.023174173528520182,-0.09335428804284274,-0.02701649060237001,0.07856370729772884,0.0259194877018563,-0.03452454671672519,-0.021427555627765844,-0.09353017705805686,-0.012879514622345307
25,0.06625702620627877,-0.030190023431818085,-0.011633693985496504,-0.057821292343747166,0.3081639862130683,0.1715899527590691,0.10183389977605652,-0.07078545714788079,-0.03936408032288602,0.011216680324166714,-0.028317601454362643,-0.0345419815606826,-0.01843056637869972,0.149376328574854,-0.04944704351099597,0.02719352134088193,-0.03719408447768195,0.5775357851394587,-0.06282724671822199,-0.006129511446120152,-0.08393084182243796,-0.031064953627778263,0.25900163021046774,-0.029856228952761896,-0.044852657229117555,1.0,0.04695097571953904,-0.07007833983041437,0.02712617308517824,0.26031848032041227,-0.011257611653774341,-0.020227542693315982,-0.018206650813742783,0.13670472563772884,-0.09298529806964136,0.29447016997547504,-0.062341225617671595,0.029029343676786067,-0.0749072107723576,0.01732421337206822,-0.05176168422048896,0.06690513383150697,-0.04660445228472816,-0.04073141893874978,0.10844713277140854,0.01576400340616134,0.02078364030790888,-0.07352768378681232,-0.018284286553169025,0.06209095758520421,-0.04987713258430272,-0.04451810999442246,-0.013616390770069823,-0.03596708119983497,0.15965834720096228,0.04403812173001657,-0.038093117545596515,-0.05943711471919096,-0.0361506104321803,-0.04458378419353885,0.04372313953526603,0.06377725046284691
26,0.19349094612402112,-0.059684568917167405,0.12562157667493515,0.3111264913882149,0.14364106281844188,0.13594038758106464,0.11823042989740506,0.09009576616051113,-0.06562817768256499,0.2001692713513713,0.25156870380885754,-0.07059350636765044,-0.06803451916448645,0.03777843359467617,0.04721728136772065,0.01542132916488368,0.06282613586870353,0.24118151817448638,-0.034960071710902665,-0.005315315204870446,-0.12776418504854148,0.009207605095625297,0.1159932153097923,-0.01273711714655107,0.1406710258166263,0.04695097571953904,1.0,-0.1374369511790302,-0.026238911192378107,0.041036589255824624,-0.02370372260564174,-0.0368505198616368,0.10168427722256337,0.2943214545315814,-0.08510504414602572,0.07131163267471763,-0.12367223839985624,0.04903781874487639,-0.14413525800407728,-0.009708318990277355,-0.10254186566925634,0.06579015654097138,-0.07683835884668147,0.04560571877292849,0.04945387993482418,-0.0018251405932369976,-0.03487221654762248,-0.12637737965798768,-0.02027293472244082,0.2098441626482484,-0.06864878929077874,-0.06005289296242479,0.03324821461105069,-0.024420669691807922,-0.033513198006429226,0.23072606796525677,-0.05692667562699811,-0.018352877062765432,-0.055871588236242414,-0.09011338041778273,0.13376217726640138,0.07321352796973735
27,-0.14035685762445416,0.08644436893196357,-0.08100287358642975,-0.04441948557194468,-0.09265788287526158,-0.07369834721710525,-0.06436090016151473,0.03993621259380975,0.20389692222871464,-0.12978700324086728,-0.0750358347038112,0.15133258555906806,-0.05782946133114861,-0.07991561631542546,-0.03558350371946623,-0.11497099832505948,-0.028850806835110702,-0.11857461397043981,-0.11857299119569933,-0.011491303606106236,0.2939809955074507,-0.0361433468823842,-0.0635556248952649,0.11583761141847103,0.007171477353060627,-0.07007833983041437,-0.1374369511790302,1.0,-0.07473470569798657,-0.02486301743836249,-0.006374521899471608,0.01638812571711434,0.0700434510004124,-0.10734169753988698,-0.10059787687852535,-0.10263382177109803,0.059507581295796294,-0.10720142534646811,0.14292642977243988,-0.015457501794563323,0.402694005904496,-0.06402059121149824,-0.035008625115777264,-0.049686077459386704,-0.04989515271411887,-0.03774504042762984,-0.02877625992482201,0.15908178265740003,-0.0212873051100987,-0.08243926441240274,0.029910999594117936,-0.03397868145490732,-0.053657188289035165,0.1592226609649408,-0.1148332642837803,-0.06265750859871203,0.2959921051865592,-0.07994482241915067,0.04059961228743333,0.3514374711006929,-0.12419927720150974,-0.047100374702354564
28,0.014572426789781216,-0.037301803463129835,0.1324419178609208,-0.09421772257190122,0.0009273537225566674,0.08948705468799148,-0.043201330524146375,-0.08241867880547252,-0.042527827808586695,-0.0027150960528826464,-0.0631743735056714,-0.040184311623093424,0.033567564366303836,0.04013032200546239,-0.055946176018277276,0.03405946541048743,-0.062351617691683854,0.013070545601866964,-0.007792694347343157,-0.004949747903146316,-0.051489226435283,-0.0344892919449222,-0.01170564683220849,0.03599067177177949,-0.06195102173523366,0.02712617308517824,-0.026238911192378107,-0.07473470569798657,1.0,0.062447703675304715,-0.017830694936956062,-0.02129493191300861,-0.033504376139283705,-0.01660311773080523,-0.030103555145051433,0.06510458331432856,-0.06260907142691634,0.04130207391152221,-0.07846515971947426,-0.004493195110921201,-0.055026113864535445,0.0508576127955628,-0.042074924414500475,-0.046110185506179936,-0.024206539727543195,-0.03432328217844957,-0.009145740670506913,-0.08746677610304095,0.28139599493158474,-0.06814557371763343,-0.0543665294945678,-0.011695675719572286,-0.04107020302926412,-0.03271982331065956,0.2037674650838492,0.04805898088441519,-0.05707127939952951,-0.038546314695994226,0.00472125482976192,-0.04889243306712405,0.046111347692233684,0.0496366612587335
29,0.014325146623475053,-0.0395021058937823,0.08087282642737592,-0.07462115409871539,0.275677255061178,0.00034085287907562544,-0.024957852561931344,-0.06421661551423608,0.000686200791166749,-0.03856439945678744,-0.07220618329312062,-0.02993076112517809,0.0013255332034252422,0.7680450375578329,-0.056831508204057885,0.07362634725758074,-0.03668233274947437,0.07514912612290661,-0.06562864758331541,-0.0029413708233936298,-0.052402087924566236,-0.04076255891581816,-0.009364098254127807,0.12453656632773369,-0.06716607755244591,0.26031848032041227,0.041036589255824624,-0.02486301743836249,0.062447703675304715,1.0,-0.010842334396421576,-0.020871336435079837,0.08924683074636344,-0.02221661834949274,-0.04451759027940951,0.025631927797568003,-0.06047439757667807,0.30387527930442043,-0.09251985606194099,-0.008056635137795554,-0.049459623301518346,0.18246517352255356,-0.05362212170618075,-0.05582868321276739,0.03545466695946712,-0.005763155270263787,0.10850818358749482,-0.07890035832890596,-0.019345939118778355,-0.05389321511389051,-0.06344990384379721,-0.027085048075897185,-0.04721969997506208,-0.03880101459870608,0.11546631140847585,0.01257541386205203,0.003466898438459481,-0.041996236343677905,-0.020341623296615728,0.03304377603026648,0.08675753736572339,0.07884117514859763
30,-0.0319232928841473,0.027207762916989103,-0.020869460619774904,0.05129304922210529,-0.01903998542275919,-0.017132114945219913,-0.014836044603374721,0.0348387514035612,0.048287499237101815,-0.030073248596826287,0.045249767770476,0.012395394786337666,-0.018638906823363607,-0.011651128305617759,0.012250822460361617,-0.02714813694437694,0.13331860580294572,-0.026983584932574467,-0.029703123400134653,-0.003005534747208628,-0.020903676696476123,-0.003286482397169204,-0.008210494418328704,-0.0019240917276708031,0.022170116208336352,-0.011257611653774341,-0.02370372260564174,-0.006374521899471608,-0.017830694936956062,-0.010842334396421576,1.0,0.0009479002369870582,0.014782060060264635,0.01788865141377376,-0.030881688339920756,-0.022496153432786353,-0.017297681833013997,-0.01506787263577175,-0.020880275621911894,-0.002112754552891135,-0.013290949763114493,-0.013321683832770612,-0.010022636801978025,0.02417614876916005,-0.010271361811235393,0.044755783891770165,-0.009680524816978757,0.08674998241685505,-0.00647469620719174,0.013294005832775428,-0.007037307673804704,-0.01300044922562349,-0.002627487751603521,-0.013392883974738666,-0.013074885080530466,-0.015642175702076492,0.05794210808740524,-0.021366192318847163,-0.0009795990810522004,0.029319431824644106,-0.029810570591142498,0.024980484772285167
