,0,1,2,3,4,5,6,7,8,9,10,11,12,13,14,15,16,17,18,19,20,21,22,23,24,25,26,27,28,29,30,31,32,33,34,35,36,37,38,39,40,41,42,43,44,45,46,47,48,49,50,51,52,53,54,55,56,57,58,59,60,61,62,63
0,1.0,-0.03630317177673742,0.10348826522349149,0.16801044468372128,0.2856995739424047,0.32148149729492725,0.24731152182215332,0.03987227026588387,-0.05011595610416314,0.14153431034542246,0.09101206500754497,-0.039241011247566335,-0.17060893731036597,-0.07550315038350186,0.022103305855000442,0.11971456606616859,0.012652353167890911,0.38514343740822155,-0.02126764034538834,-0.00702744597034788,-0.13847576338231982,-0.012296344435599937,0.42532822775296353,-0.06236409658687203,0.10145886142884317,0.14676937996774955,0.2906331901719481,-0.10647109947847767,0.21592677420669257,-0.017579433841262943,0.007774702007573508,-0.025822158869139675,-0.08249502399978849,0.1859284246360033,-0.13809528328256132,-0.05228781770579605,-0.11012106868632468,-0.05465387339456975,-0.12112395117790759,-0.00924121061594291,-0.08544467546304252,0.33097245204790693,-0.07373537203327957,-0.04320286760565199,0.1644846537858296,0.04251381660375761,-0.012448741326592024,-0.08790184134903448,-0.028654801603033207,0.14957569598004766,-0.030214293493278463,-0.07691933260724287,0.09238742156868485,-0.04636737466376589,-0.08755209456758103,0.38453354092898623,-0.0951061529432458,-0.04849754226977281,-0.07082811633522043,-0.07712462294096575,0.25807391830727644,0.019054732663789,-0.1208333826522273,-0.09221072762391375
1,-0.03630317177673742,1.0,-0.04406934580823037,0.0025276093294452485,-0.046448458033073084,-0.0361022409220122,-0.03230920457937579,-0.020532823277029044,0.01217038896889118,-0.06541819963209958,0.03702375665824128,0.5335010261637809,-0.06071373035293668,-0.05115107360865076,-0.027597469456798036,-0.07095133963401834,-0.02340299277933485,-0.05230859401996265,-0.06022249832138391,-0.005811140651895202,-0.029602123816796975,-0.01585111824980339,-0.030060600169750484,-0.03916309060591905,-0.0031400937606235885,-0.03052888815111002,-0.059502527723863635,0.09243122237649623,-0.044500687936408746,-0.039513500874007304,0.02839471364894886,0.22529925871663486,-0.025531191657955442,-0.01968755605385625,-0.05573600794557411,-0.03861798329938482,-0.02701467303670137,-0.045663532843745296,0.004735554114609026,0.0010411227881248204,0.22119011228451058,-0.03746182881082466,0.023417939800617217,-0.02285804394423515,-0.02421379375374047,-0.003303136241767002,-0.036549202322122734,0.18248750145151782,-0.012620707667182058,-0.010751361621363389,0.3782159530645395,-0.024891387671363847,-0.020909014822188102,-0.010283007692498763,-0.03711835074528186,-0.035540263330894675,-0.006007341294701322,-0.0330369027888557,-0.02347697273947766,0.06181239772716819,-0.06356365103314571,-0.02070318441462983,-0.041110388891470645,0.08598615159831716
2,0.10348826522349149,-0.04406934580823037,1.0,-0.11816830912001373,-0.037038409066471,0.3898721787997031,-0.043127558939239245,-0.04643836018971238,-0.04615072137483639,0.5229405071239879,-0.04725172480742161,-0.044731041523650455,0.14814654375458644,0.15184910729722623,-0.06633636031656111,0.3324736233014358,-0.05062738438249856,0.10549450878880068,0.06137165230584919,-0.00546404489425131,0.03648714651465988,-0.040997256558704204,0.045123370422712264,0.21433960370615196,-0.04871297254327241,-0.008663675693846575,0.13292980127604775,-0.0831136344182033,0.1045317917677784,0.07860024457011269,-0.021030769297171046,-0.02559132056269569,0.03797494035794535,-0.09204724527491098,0.06183788993376907,-0.05126116658725455,-0.04980444364186747,-0.09159203168380549,-0.07417866819477513,-0.012923740744767443,-0.06281531754139083,0.12636152325552602,-0.04485879645639,-0.05971737664950032,-0.015228129326847473,-0.0498487591007436,0.12982550899558443,-0.09723303552686553,-0.010837284669253867,-0.09122694015894905,-0.033088813510109866,-0.019482682631395964,-0.06542118308947988,0.023957051861427825,0.2563637039844448,0.30371224534398367,-0.04154187151308791,-0.01672547770532077,0.03017259303223655,-0.053572513116392745,-0.0019859155798731447,0.12052316404466898,-0.004939243899509477,-0.05788249464343893
3,0.16801044468372128,0.0025276093294452485,-0.11816830912001373,1.0,0.09418837013179168,-0.09376985555644045,0.22994035340226782,0.18650140564783368,-0.018328286859454854,-0.032758197044749415,0.36167203124994873,0.00685795198362413,-0.16170477097075142,-0.08521434562333519,0.3409956261927844,-0.13612966057856404,0.21491098709569803,-0.03257926799703184,-0.14766692127098946,-0.0152482184978869,-0.11233082301139334,0.16854620216509497,0.057165551301039785,-0.1124000218595754,0.3760179348273601,-0.05133728008351461,0.31455574612247317,-0.03402846399489595,-0.07918651657343401,-0.0697263229803223,0.08862237454776191,-0.009490649799151136,-0.005139220563201478,0.3742394314004853,-0.12663737202817832,-0.08634573075980967,-0.07939769417675588,-0.0005465841147656812,-0.052829500050998617,-0.011596700905510939,-0.0389512732508336,-0.08336594926156021,0.031890057940665746,0.2443647418052601,0.06193995112504815,0.20191565844034015,-0.08969304764731136,0.09234306136011916,-0.03505005323105792,0.5431795686596328,0.007821916395235532,-0.07623487221085412,0.3551051714306558,-0.037776430490483306,-0.08496931846775521,-0.04852579708813415,-0.06484026999298786,0.040055018777769465,-0.07420555236898035,-0.015146163733102472,-0.10374337915633655,-0.047058116968325764,-0.11581413721149025,-0.0013704613197454791
4,0.2856995739424047,-0.046448458033073084,-0.037038409066471,0.09418837013179168,1.0,0.08018871844760064,0.4025929937758598,-0.024356914501257418,-0.05024831958118815,-0.044859934308907286,-0.03646688667516036,-0.048494773730538954,-0.14012553806308922,0.30261490389978585,0.035876055614972015,-0.04762936163726415,0.037573527753483604,0.2650937341527686,-0.09819108561697285,0.01469874079548477,-0.11432713007297174,0.033314119563519956,0.5254952881767687,-0.09402225821134155,-0.05178483478494068,0.30183116909078256,0.14121081494868992,-0.09336776249436154,0.2132019996759253,0.27893458010494143,-0.018453431183633788,-0.025571459701901035,-0.05615292638669309,0.16450753487348618,-0.11801248300595121,-0.041392002177003014,-0.08528699457297195,0.23205433103362055,-0.09805857304640048,-0.005579270996159994,-0.0694155992691323,0.24566425704651879,-0.056974336223991826,0.02531421961328853,0.4862588385433923,0.05122286872344575,-0.0011055143621330802,-0.09157692935131924,-0.023489226638676648,-0.03146664208466547,-0.04324760526442786,-0.06273795193818854,0.19351613303537923,-0.04527554447404872,-0.06398337721697106,0.03951948578647662,-0.07269179399235179,-0.09735659720363918,-0.05692768272764153,-0.061486700484916015,0.27787325220219095,-0.018826443421853373,-0.08861348858663128,-0.07000896107351944
5,0.32148149729492725,-0.0361022409220122,0.3898721787997031,-0.09376985555644045,0.08018871844760064,1.0,0.023065651031603428,-0.044282846989037415,-0.041200323878105516,0.3107262221458129,-0.03541098228095414,-0.03722976287030776,-0.07274874237108983,-0.011565231074331512,-0.050044430854885046,0.14838399018280019,-0.03178125973550457,0.3708211422747128,-0.0042086617619973045,-0.007812867794936472,-0.07500133515524329,-0.03332230811176116,0.18579721835311067,0.04160893699615783,-0.05609152582360196,0.17285916398715032,0.14242182296610315,-0.07438205617516952,0.1338188145992515,0.002289677777391183,-0.01698161933455068,-0.021253965787155965,-0.03131420098951297,-0.041736033251525126,-0.05404113675812247,0.03923156496743186,-0.0656329439987904,-0.058637277706526235,-0.07560309554929781,-0.001449985698731436,-0.053819771215728826,0.15838762489852806,-0.04716985053126956,-0.049938373123726926,0.022854134629401113,-0.04038957683349512,0.08543249062531547,-0.08488526160323376,-0.01645523177601782,-0.07589027003308033,-0.03683931805892463,-0.039633113293750924,-0.04666891409470122,-0.01948297047464545,-0.02451878266609247,0.5531534347084546,-0.05743203650077021,-0.051712634641406366,-0.031188736482531416,-0.04791178187407648,0.08542824987815542,0.10015497683762561,-0.057716155083422566,-0.05919974079933658
6,0.24731152182215332,-0.03230920457937579,-0.043127558939239245,0.22994035340226782,0.4025929937758598,0.023065651031603428,1.0,0.09713584625452915,-0.03570430399535226,-0.028526469411605616,0.018822033730172216,-0.03467114594468672,-0.10313201639758868,-0.030187018387326875,0.0849068808676775,-0.030461559600629746,0.08082117647467527,0.12964454993939922,-0.0729192257316077,-0.0034315396100994804,-0.08055265216310664,0.0279252095336091,0.25737037607248625,-0.0671186514392007,-0.03411536356033452,0.10018811991715323,0.12104987484738586,-0.06519927615920026,0.00818675707333777,-0.024925764610932016,-0.014723538272985434,-0.01821289283445312,-0.04672427490648399,0.2727185419375963,-0.08844458638007209,-0.06353516559701144,-0.06443854529387448,-0.07275310594761912,-0.06902964754214294,-0.011890942072654087,-0.04883936184677573,0.08801722046486832,-0.04534113216099313,0.015686207809841396,0.22406842935632282,0.10452422819916599,-0.042287920119018774,-0.059316582549131344,-0.021386562839460634,0.07390023686623884,-0.020010672157115442,-0.04570362713742417,0.47999382798668444,-0.026829237926786632,-0.06475764290455996,0.08492732162624683,-0.05194974923728111,-0.07316487744040012,-0.04727303935549952,-0.043599541620225585,0.002576146096205793,-0.03431048339245888,-0.06706567470314244,-0.0558056000804435
7,0.03987227026588387,-0.020532823277029044,-0.04643836018971238,0.18650140564783368,-0.024356914501257418,-0.044282846989037415,0.09713584625452915,1.0,-0.005293326983498289,-0.02549201421929935,0.10262913012374857,-0.01991958454079001,-0.11781142495461866,-0.023944183633351233,0.15973860196420842,-0.10104458477000026,0.22424875805022776,-0.07031479555974507,-0.10804392959388417,-0.012064714651718645,-0.06490030976394062,0.00775617520460848,0.06779027269676925,0.018029517926829115,0.2569121202800611,-0.03708293234990418,0.05463186100215078,-0.027430249384858683,-0.0678580268045834,-0.03705687815329696,0.13288043639859548,-0.00947719420643066,0.25498485079717187,0.04079499674643944,-0.09548922741025823,-0.09599376602357908,-0.06187133884970122,-0.09455510509101012,-0.07840526840441589,-0.01794639188779426,-0.056255818403483974,-0.04425499605506054,-0.0476629939074589,0.21610540192838332,0.0008315236071282251,0.12788683483375107,-0.061606112718296635,0.2561318933276888,-0.02214543988961592,0.32546003666954465,-0.032898364970861814,-0.05482446245656562,0.10162156445448325,-0.03741267191779927,0.03416093266067936,0.02669234369664201,0.3373081597136506,-0.049076000189289315,0.001492606385079121,0.003129638355952361,-0.11389060425316924,0.12831601199451614,-0.07231912867388185,-0.0609323743772323
8,-0.05011595610416314,0.01217038896889118,-0.04615072137483639,-0.018328286859454854,-0.05024831958118815,-0.041200323878105516,-0.03570430399535226,-0.005293326983498289,1.0,-0.05567789992026294,0.032081245470384004,0.07349533814077902,-0.06636776410799208,-0.04137797797880499,0.015444397326412755,-0.07073914824920045,0.0162727473082242,-0.06466934880063788,-0.07157157301813961,-0.00703270260307454,0.1385137713127217,-0.009035079044501753,-0.024634719008501026,0.09774050773554521,0.033950494021186654,-0.03931454863995883,-0.06528496426183422,0.19946325122409955,-0.035564368657754364,0.0008088539812241861,0.04760897767862826,0.008605687839240839,0.3792203153078192,-0.03250201125382983,-0.05651609813566244,-0.058900291153203665,-0.01421951393209944,-0.06207287302036082,-0.041223560249692565,-0.010941103052719427,0.03121148450846861,-0.03845523462165041,-0.031521612948016135,0.0264942102419872,-0.01670973331289369,0.0030983689180492727,-0.04279109267671384,0.042013689612409755,-0.016527079833762053,0.21155097103801873,-0.031546122856839345,-0.01587956875601955,-0.02871440417646784,0.0493369907457703,0.026016870303097274,-0.03518701788199156,0.2787319625685648,-0.031970229829157405,-0.022652672600564045,0.2020084211140554,-0.07759718255608146,-0.031247941559907757,-0.04382588211806079,-0.003219022926489206
9,0.14153431034542246,-0.06541819963209958,0.5229405071239879,-0.032758197044749415,-0.044859934308907286,0.3107262221458129,-0.028526469411605616,-0.02549201421929935,-0.05567789992026294,1.0,0.09991733582204503,-0.058674271590500246,0.35650226896499904,0.03397269563242905,-0.05006422304035005,0.3141983520712701,-0.08607301704281371,0.23575916629164512,0.21640650792695185,-0.014368099164458005,0.11030474705199703,-0.06199029842174305,0.026127624062966537,0.2319056221571773,0.0049100823109356,0.01315540274945641,0.20166585290549166,-0.1310382687673377,-0.03562616747454657,-0.040175900116417945,-0.0295751489309471,-0.04086345177988399,0.005424807068436234,-0.017641921973997207,0.30821570236807494,0.018519489220358204,-0.08010184765974268,-0.0367328273880443,-0.11562418417250458,-0.018012544211767897,-0.09796610477359785,-0.02676165711475762,-0.07780986331624198,-0.08298284074534518,-0.032386043648982885,-0.05784477389114283,-0.002396141337320778,-0.1416473010602105,-0.016282144323799177,-0.012550273372360955,-0.07186372055392326,0.02412262599907091,-0.07376080694184078,0.108872855932583,0.09653244703993388,0.30652746237836137,-0.07476132617359581,0.1380023511731374,0.03727742415095156,-0.09052533102968004,0.0033101891075186223,-0.021520410489041127,0.21303044557848527,-0.07074552644111323
10,0.09101206500754497,0.03702375665824128,-0.04725172480742161,0.36167203124994873,-0.03646688667516036,-0.03541098228095414,0.018822033730172216,0.10262913012374857,0.032081245470384004,0.09991733582204503,1.0,0.08833361710650363,-0.08183938048500658,-0.07057095231926103,0.030516968391880922,-0.06562805282517459,0.04960677163986175,0.10967540356138916,-0.06798751594881747,-0.011094973571344214,0.019764942861384596,-0.01716043221576883,0.0020151183420945382,-0.056927016565383404,0.31122075357331663,-0.026676324465072298,0.2469732826410015,-0.07601374957737778,-0.06337630816611059,-0.07182312677884409,0.04445707999311417,-0.023798404836315387,0.05516617243154177,0.20306276050147903,-0.022099480724447187,0.08417526702834072,-0.08465094794502613,0.008475748457590372,-0.10850105666599988,0.005319614672633145,-0.05738138371505872,-0.07520292770343406,-0.06432726141917701,0.01798184858886184,-0.02377926063145118,0.056268082844968745,-0.06303881252073018,-0.01907815900130739,-0.024756234250592916,0.20925075208084734,-0.048067308072232216,-0.025088603521553624,0.0224596067004922,-0.02720224585294643,-0.036227310932319776,0.005705708880567191,-0.007393294360710203,0.2898263192120457,-0.04867598956290768,-0.06762142276918932,-0.07908900371227184,-0.016164136452513557,-0.07771086438499192,0.09612169222295454
11,-0.039241011247566335,0.5335010261637809,-0.044731041523650455,0.00685795198362413,-0.048494773730538954,-0.03722976287030776,-0.03467114594468672,-0.01991958454079001,0.07349533814077902,-0.058674271590500246,0.08833361710650363,1.0,-0.053272904598247746,-0.04742127038927763,-0.03249684129359842,-0.07079956495562065,-0.02321004377098517,-0.05425633456961482,-0.06050122653503948,-0.005299948135049889,0.03072888185733029,-0.018997067211644604,-0.03209180869632869,0.01001337888969641,-0.005844111081098094,-0.03384837804367644,-0.06654977862184558,0.15470246201279386,-0.04821284563148806,-0.026008404577382873,0.012592789123352972,0.07283506924866824,-0.001896012587927251,-0.030329702281910433,-0.04708965471833516,-0.048023129706081864,-0.017400275999318864,-0.04723938613870388,0.021399738048702346,0.008927434196312825,0.28063499183200535,-0.037151378897090095,-0.015323572347448324,-0.023336705740432083,-0.025628321558633576,-0.007017699917540252,-0.03735867084813105,0.12702027001902275,-0.013860290259273664,0.021914360762222723,0.06828361888260763,-0.022976571506038577,-0.028741546127952038,0.012273837404787278,-0.0344817009503155,-0.03511607013473069,0.061364408794408985,-0.017353069006503,-0.017902216598393292,0.1159783352191342,-0.06680916649950447,-0.02735862047108232,-0.034309137726361176,0.18739999739847202
12,-0.17060893731036597,-0.06071373035293668,0.14814654375458644,-0.16170477097075142,-0.14012553806308922,-0.07274874237108983,-0.10313201639758868,-0.11781142495461866,-0.06636776410799208,0.35650226896499904,-0.08183938048500658,-0.053272904598247746,1.0,0.09986942597782134,-0.10141580349022639,0.33927368097016186,-0.09368813675462306,-0.016983972322743943,0.5347989878173298,0.0064969963544034,0.28674633335741395,-0.05928803784986031,-0.09723604251435576,0.07574361347991188,-0.1028056721362142,-0.08990041316638711,-0.09509515492788408,-0.1008714512511669,0.03796183988837737,-0.045702187719423165,-0.030482134507250347,-0.03709944298271481,-0.07060582251192687,-0.14182072188122324,0.5997240938193033,0.0029951715748906603,0.011787008717428684,0.11035225880905632,-0.049447153763620216,-0.00018528417393197556,-0.07721281330383695,-0.09648970535398298,-0.056095665226205474,-0.09056706613925516,-0.07264949756409847,-0.07679072432268076,-0.006875838130876301,-0.13216381115602652,0.001122501410636318,-0.1122416711286654,-0.07305036422187997,0.13572257718402198,-0.0859549582785317,0.0708283313498877,0.1932270306099742,-0.08407470932364335,-0.09633705081021093,0.3141537842123485,0.10248231162364665,-0.08313095120076935,0.06509258156780977,-0.04972449671819316,0.6591972019676248,-0.03187907994312998
13,-0.07550315038350186,-0.05115107360865076,0.15184910729722623,-0.08521434562333519,0.30261490389978585,-0.011565231074331512,-0.030187018387326875,-0.023944183633351233,-0.04137797797880499,0.03397269563242905,-0.07057095231926103,-0.04742127038927763,0.09986942597782134,1.0,-0.07423655583064176,0.07620400632106487,-0.06613601989660588,0.039161809999939824,0.05415732457980013,0.00011678003691442413,-0.0517629240680372,-0.04812646804770056,-0.016749770225801278,0.07966247386353498,-0.07298215673322958,0.1508249186852007,0.03455425350273279,-0.07662425414044288,0.07547982782218524,0.759476965478173,-0.012953527770950553,-0.02963692280215177,0.0599601703423515,-0.07785604996554361,0.07436670803167815,-0.01885713445855868,-0.0720027588484081,0.5367471649805975,-0.10600065428510616,-0.005828407044503721,-0.06938608502808469,0.06544056609249313,-0.057506599234361674,-0.06455286791887348,0.01211314616586943,-0.027776515746492626,0.04725487150043205,-0.10484592381540245,-0.015254387138519699,-0.10046940717184535,-0.06653429702973998,0.0012124278558100481,-0.051619315210902586,-0.03481299589498089,0.3002856021702545,-0.0022886573903742524,-0.01180022189233665,-0.002419872579675849,-0.014154459355611153,-0.04353401048661851,0.18410252037004168,0.055488687068925575,0.10816560523818256,-0.07094837150941538
14,0.022103305855000442,-0.027597469456798036,-0.06633636031656111,0.3409956261927844,0.035876055614972015,-0.050044430854885046,0.0849068808676775,0.15973860196420842,0.015444397326412755,-0.05006422304035005,0.030516968391880922,-0.03249684129359842,-0.10141580349022639,-0.07423655583064176,1.0,-0.08984729308991084,0.15979214871154607,-0.08224398877812505,-0.08791167003409994,-0.009749357951495266,-0.07069481855742135,0.1495125756149455,0.07188481156998595,-0.06115675246208245,0.08490652717792939,-0.04813667112141813,0.08011194183572717,-0.06276385102159455,-0.04925360752450132,-0.06251374317557164,-0.007713802584564778,-0.011531060160467824,0.12533274784569434,0.05953602617710518,-0.08860707709665158,-0.08639282343990923,-0.06833012150337267,-0.05773302260573968,-0.06730548232472292,-0.015734095173730672,-0.048526715855249994,-0.04018106941603199,-0.03855741454100799,0.48797092105386647,0.1058792415233349,0.13271421800729832,-0.05475554262945458,0.04285886341244216,-0.0218173653570073,0.2572343426602419,-0.030733692918911502,-0.045138368191329215,0.10208394882910057,-0.024527940754205182,-0.07494343080148202,-0.015677048739805747,-0.027804290021199215,-0.0678224570096494,-0.040370460795514006,-0.042051438060538834,-0.08256334668277324,0.04852792128309395,-0.07173016155853448,-0.056226776161609426
15,0.11971456606616859,-0.07095133963401834,0.3324736233014358,-0.13612966057856404,-0.04762936163726415,0.14838399018280019,-0.030461559600629746,-0.10104458477000026,-0.07073914824920045,0.3141983520712701,-0.06562805282517459,-0.07079956495562065,0.33927368097016186,0.07620400632106487,-0.08984729308991084,1.0,-0.09434705161447839,0.21309944417311527,0.5678716316413428,-0.008441099941273966,-0.009199048866217967,-0.06187225386190583,0.011932600717074814,0.061335593679201675,-0.10060840675559174,0.04965197058535799,0.08641700153757235,-0.14106435731792183,0.049661033022909806,0.04591965850084831,-0.03317711864228373,-0.0412590447304545,-0.07337115941186287,-0.10609567298130171,0.19463216531563707,0.2133956282138977,-0.0878287942547333,0.048204416996176405,-0.12459268349115758,0.013314281567352315,-0.10418316765034327,0.07883298611283987,-0.07222588581238529,-0.08957330185435915,-0.03856570666133568,-0.07177004665335224,0.027500246459793164,-0.16050665921609575,0.0024411488973580175,-0.12005599504058334,-0.08211298430403027,0.09384086654357737,-0.08139065985221139,-0.0280233974630883,0.13963835400802596,0.09394420604728701,-0.10176409054237617,0.046524391425552786,0.08472130871001392,-0.09420985941316021,0.1573197551766103,0.045452716655924444,0.17948195518399968,-0.09097786144442116
16,0.012652353167890911,-0.02340299277933485,-0.05062738438249856,0.21491098709569803,0.037573527753483604,-0.03178125973550457,0.08082117647467527,0.22424875805022776,0.0162727473082242,-0.08607301704281371,0.04960677163986175,-0.02321004377098517,-0.09368813675462306,-0.06613601989660588,0.15979214871154607,-0.09434705161447839,1.0,-0.07148479211391487,-0.0861371283996416,-0.008813186096442011,-0.01684696868015738,0.4350734983650586,0.07737508723431535,-0.05898555769291129,0.09182618153809433,-0.04144411087320701,0.039299684457731944,-0.05112558878988931,-0.03771630462117932,-0.05596754712464611,0.027206996052092234,-0.008282281732211004,0.14675027584321593,0.19758148371484807,-0.08424447013967576,-0.07900910661776722,-0.060272138949096596,-0.0763232769585239,-0.06169465440219979,-0.011806855359787208,-0.04434024753302053,-0.026982439629122185,-0.027717754609522815,0.3375462354892646,0.049596158815922664,0.2594969714165987,-0.045852266065522125,0.15916428741768596,-0.01996849352353375,0.12244397038543375,-0.032405061160880926,-0.04198391515910037,0.33728261710018015,-0.0381734653173495,-0.06675575780516589,-0.004998543493700506,0.07897708933330438,-0.06269422332835912,-0.0337225539904825,-0.0249480648925767,-0.08944545228481449,0.0431070978061397,-0.06693407671550186,-0.05197889408787777
17,0.38514343740822155,-0.05230859401996265,0.10549450878880068,-0.03257926799703184,0.2650937341527686,0.3708211422747128,0.12964454993939922,-0.07031479555974507,-0.06466934880063788,0.23575916629164512,0.10967540356138916,-0.05425633456961482,-0.016983972322743943,0.039161809999939824,-0.08224398877812505,0.21309944417311527,-0.07148479211391487,1.0,0.08295538730680373,-0.011664422314884746,-0.045962205151821665,-0.05319739994072652,0.471221076292864,-0.011769772219574396,-0.02683971263040792,0.581350048055846,0.23993579657321168,-0.11984752406706264,0.1545059786234116,0.0784907877833454,-0.02694677434408866,-0.03441767533691273,-0.06610979749555337,0.06172561193920553,0.012520299324180084,0.2525399059157739,-0.07413259009743847,0.010235375441692732,-0.10681791845244724,0.01981633891843654,-0.0882391988836123,0.10410959965083755,-0.06458303521736344,-0.08151613217295658,0.199159501713069,-0.03049730547762917,0.017050033955308214,-0.12406538625091804,-0.015476918779015632,-0.07322457509041497,-0.058778171856380186,0.002819795820431542,-0.021636838713622444,-0.034028695510458506,0.004297831526426096,0.25864023228605515,-0.09679105420030681,0.05561207206725585,-0.012274157349371788,-0.08006516214192697,0.08638581737435612,0.05515785723806209,-0.021616015754744318,-0.05574748274303968
18,-0.02126764034538834,-0.06022249832138391,0.06137165230584919,-0.14766692127098946,-0.09819108561697285,-0.0042086617619973045,-0.0729192257316077,-0.10804392959388417,-0.07157157301813961,0.21640650792695185,-0.06798751594881747,-0.06050122653503948,0.5347989878173298,0.05415732457980013,-0.08791167003409994,0.5678716316413428,-0.0861371283996416,0.08295538730680373,1.0,0.008958111836143026,0.011334313298169765,-0.055731617359951205,-0.06352690552676798,-0.05092319168738675,-0.10292311900047355,-0.057424410606820964,-0.03759614433006405,-0.11937011517346799,0.09886652084847519,-0.05969097916729357,-0.029004490425518302,-0.035102805053775304,-0.11432324838795224,-0.11210787061265559,0.364561324498676,0.24414366815891245,-0.0672117987668529,0.1985262378475121,-0.09767239271003925,0.04486939674749256,-0.08753985942073043,-0.060124081732317335,-0.05032834317341034,-0.08805510279671191,-0.06411696953970074,-0.06910441910164371,-0.0034942306875041713,-0.13715300317948365,0.021606948253221497,-0.12256842948982452,-0.07580754689322519,0.1622457921219718,-0.07108697264517405,-0.040322670174944786,0.004729034160448281,-0.038249887359796717,-0.09509771368491923,0.18461144679180944,0.12110866840269033,-0.07977101431070466,0.21432839226045652,-0.046971570750495295,0.3664343385642594,-0.06606160069349694
19,-0.00702744597034788,-0.005811140651895202,-0.00546404489425131,-0.0152482184978869,0.01469874079548477,-0.007812867794936472,-0.0034315396100994804,-0.012064714651718645,-0.00703270260307454,-0.014368099164458005,-0.011094973571344214,-0.005299948135049889,0.0064969963544034,0.00011678003691442413,-0.009749357951495266,-0.008441099941273966,-0.008813186096442011,-0.011664422314884746,0.008958111836143026,1.0,-0.012786131358543798,-0.005704674575573639,0.007759429164844161,-0.013828147680893885,-0.011163473207359807,-0.0061836970191010195,-0.00660237155724488,-0.011825071604929542,-0.0011321541826042635,-0.002678453241686293,-0.0029694427354555533,-0.0035046992594885366,-0.012821287489799285,-0.012958481365238233,0.0007003339001171187,-0.012783591137087179,-0.008520125497024548,0.06329299929382276,-0.010565300410106079,0.0012925359034837397,-0.007620163950777498,0.024714718869080457,-0.0043389067926439765,-0.009166419135099786,0.04029213245318397,-0.0068906114963515385,-0.004855891426367415,-0.012364409210343612,-0.0004400182837444519,-0.014897354306191869,-0.007615864244492421,0.0019410556266751058,-0.003240469373784153,-0.008052980647310349,-0.012709427457250254,-0.007643352338811854,-0.010501531538989955,-0.009888752558352474,-0.008027824846081968,-0.007891886496948011,0.007125850673886984,-0.0043222222261084815,0.015271818569274561,-0.0004895723604280908
20,-0.13847576338231982,-0.029602123816796975,0.03648714651465988,-0.11233082301139334,-0.11432713007297174,-0.07500133515524329,-0.08055265216310664,-0.06490030976394062,0.1385137713127217,0.11030474705199703,0.019764942861384596,0.03072888185733029,0.28674633335741395,-0.0517629240680372,-0.07069481855742135,-0.009199048866217967,-0.01684696868015738,-0.045962205151821665,0.011334313298169765,-0.012786131358543798,1.0,-0.045676267403189405,-0.0698367218471901,0.2704380142612518,-0.04950953993558247,-0.08414472705033796,-0.12843633626523937,0.2826759503150068,-0.07513186231736504,-0.052332064528246944,-0.02093396845435945,-0.026264303870407082,0.08970618726271526,-0.11397790651929379,0.31385164612159633,-0.05953647337014491,0.11921487808132586,-0.07877483883270989,0.054153204262291456,-0.012738065100785302,0.06761381916192334,-0.08817986630953589,-0.048602861810069814,-0.038705375911502235,-0.059345168559684115,-0.0594161543753903,-0.04754280466500961,-0.012634822265921993,-0.02659774076869033,0.05313247007211158,-0.05172573608706839,0.0755970117958925,-0.07212699286825155,0.4003447364075112,0.12519645228731038,-0.0709196695025742,0.08640119317195,0.27413644574698104,0.05423742511802762,0.008305600550777503,-0.12178854211487142,-0.05134283619420957,0.12467265341166073,0.09285716584545534
21,-0.012296344435599937,-0.01585111824980339,-0.040997256558704204,0.16854620216509497,0.033314119563519956,-0.03332230811176116,0.0279252095336091,0.00775617520460848,-0.009035079044501753,-0.06199029842174305,-0.01716043221576883,-0.018997067211644604,-0.05928803784986031,-0.04812646804770056,0.1495125756149455,-0.06187225386190583,0.4350734983650586,-0.05319739994072652,-0.055731617359951205,-0.005704674575573639,-0.045676267403189405,1.0,0.016642286807067624,-0.042361447364327405,0.0026224760115662943,-0.03078131540681344,0.010227905169797841,-0.036173279696871515,-0.0151526882905578,-0.04076909301485171,-0.003332024474445676,-0.00150340246989521,-0.0018807572186690198,0.18515983258145818,-0.05367923411635396,-0.04983054445073558,-0.04185947138642264,-0.05312929344220059,-0.03933563455090186,-0.006359044131317159,-0.02784706735984899,-0.032578049608201556,-0.013184745975309883,0.14969933789494733,0.04001796343461839,0.6481317380188686,-0.03369622696427031,0.095386934460368,-0.012693685115298718,0.08005372598916977,-0.022015438420694255,-0.026383413373839724,0.3394618631499844,-0.024934935057451868,-0.04996632323802983,-0.02612843965779839,-0.029671147719925024,-0.04353523704639128,-0.02675239401216198,-0.022586756751238134,-0.059316138835709256,-0.024037269645822215,-0.043807579368319374,-0.03462259058185682
22,0.42532822775296353,-0.030060600169750484,0.045123370422712264,0.057165551301039785,0.5254952881767687,0.18579721835311067,0.25737037607248625,0.06779027269676925,-0.024634719008501026,0.026127624062966537,0.0020151183420945382,-0.03209180869632869,-0.09723604251435576,-0.016749770225801278,0.07188481156998595,0.011932600717074814,0.07737508723431535,0.471221076292864,-0.06352690552676798,0.007759429164844161,-0.0698367218471901,0.016642286807067624,1.0,-0.04273259204553338,0.005037956871426068,0.25158063984438306,0.1192714299089265,-0.06528177455802359,0.33244418910869966,-0.009031707702363693,-0.008646325339582903,-0.01771211638205639,0.03501597770041158,0.11849673791659382,-0.08113248148447459,-0.06841071665358275,-0.06648568330237456,-0.08109850695685336,-0.06740597716017904,-0.004206386324877926,-0.04774391467166976,0.24192344751718725,-0.038119103360703024,0.10388839216041532,0.5911443542966464,0.015555970766539775,-0.015848931703575646,-0.03377131532788593,-0.01944010173921748,0.060617401813543886,-0.013215198474911777,-0.042115238574861845,0.12983939698841954,-0.029494550747450443,-0.032023880237657995,0.1626871230098087,-0.01357250355601591,-0.06994876506122512,-0.03333874115554994,-0.04166245351108075,0.0967164869749541,0.021450190649378382,-0.07067065559522091,-0.05281737111926159
23,-0.06236409658687203,-0.03916309060591905,0.21433960370615196,-0.1124000218595754,-0.09402225821134155,0.04160893699615783,-0.0671186514392007,0.018029517926829115,0.09774050773554521,0.2319056221571773,-0.056927016565383404,0.01001337888969641,0.07574361347991188,0.07966247386353498,-0.06115675246208245,0.061335593679201675,-0.05898555769291129,-0.011769772219574396,-0.05092319168738675,-0.013828147680893885,0.2704380142612518,-0.042361447364327405,-0.04273259204553338,1.0,0.005853209522935299,-0.024459316071012458,-0.012670502674966107,0.18831339035165923,-0.02897088450672037,0.06583819374344793,-0.015901779493153346,-0.024709593734404803,0.19016173851599533,-0.09854636269015626,0.041864135065385916,-0.035578145822216335,-0.04641476255634237,-0.11981524163783246,-0.07906567905275563,-0.023360995832242527,-0.01729815635583862,0.00445278586703785,-0.06406229374862729,-0.033408682649413345,-0.04995369877299828,-0.04536665866725386,0.019833121887785393,-0.042754439646246714,-0.019725346216914928,0.057427071170122954,-0.055956347848372175,-0.013488772706635158,-0.06352541091649777,0.20362781532363008,0.32025043478500115,0.16114197411669787,0.23239959821311185,-0.016844725638400584,0.05534210568240472,-0.032717946598484295,-0.1343883724328789,0.01818354825953955,0.10960673479390526,-0.047505098716214306
24,0.10145886142884317,-0.0031400937606235885,-0.04871297254327241,0.3760179348273601,-0.05178483478494068,-0.05609152582360196,-0.03411536356033452,0.2569121202800611,0.033950494021186654,0.0049100823109356,0.31122075357331663,-0.005844111081098094,-0.1028056721362142,-0.07298215673322958,0.08490652717792939,-0.10060840675559174,0.09182618153809433,-0.02683971263040792,-0.10292311900047355,-0.011163473207359807,-0.04950953993558247,0.0026224760115662943,0.005037956871426068,0.005853209522935299,1.0,-0.04500569814793746,0.1313289275724079,0.00020267674080897996,-0.08861563493785837,-0.06732784506559936,0.02208588162914697,-0.0012572498393726857,0.10612605362916135,0.26385450501851326,-0.07173653748569864,-0.06709638344529927,-0.03870889505473157,-0.020931745377114078,-0.06696732316041681,-0.007551565155466576,-0.0414861350873485,-0.06272258953556395,-0.033230668247568415,0.034605476334528415,-0.008654453792585856,0.10293399200129297,-0.060453405780571,0.10067815779825638,-0.02168887037389857,0.3692883300624026,-0.025560441559720253,-0.04391306013122978,0.03647913370045887,0.02308894479206821,-0.028818841854769146,-0.02684221992887751,0.08257101925509652,0.0702866929948935,-0.035564888110327035,-0.02128109155953769,-0.09465512523707494,-0.01617373300591291,-0.07230291315721504,-0.04045478933401106
25,0.14676937996774955,-0.03052888815111002,-0.008663675693846575,-0.05133728008351461,0.30183116909078256,0.17285916398715032,0.10018811991715323,-0.03708293234990418,-0.03931454863995883,0.01315540274945641,-0.026676324465072298,-0.03384837804367644,-0.08990041316638711,0.1508249186852007,-0.04813667112141813,0.04965197058535799,-0.04144411087320701,0.581350048055846,-0.057424410606820964,-0.0061836970191010195,-0.08414472705033796,-0.03078131540681344,0.25158063984438306,-0.024459316071012458,-0.04500569814793746,1.0,0.0503427394886649,-0.07058972907288072,0.14906864477437265,0.2607670888680458,-0.011323124382307434,-0.020140110329321857,-0.019487234415713428,0.0637326690581599,-0.07015246693508263,0.28985559111092585,-0.06277348048562771,0.03221133098211681,-0.07345382157080954,0.018207812999737484,-0.05173899916494947,0.06531480752780848,-0.046645316081448715,-0.04720969016638415,0.10396843551010913,0.015894111440602834,0.027844080878923923,-0.07285273891983773,-0.018072354238401825,-0.06970589221659541,-0.047472389455773215,-0.04294967305578835,-0.010569248164158492,-0.036255295281094335,0.01425354618336833,0.044117580160675185,-0.0415433829956892,-0.0562737794055755,-0.035870284578285304,-0.04429459861963875,0.042697942056575997,0.07521414369735198,-0.009187211961415902,-0.04656383294348078
26,0.2906331901719481,-0.059502527723863635,0.13292980127604775,0.31455574612247317,0.14121081494868992,0.14242182296610315,0.12104987484738586,0.05463186100215078,-0.06528496426183422,0.20166585290549166,0.2469732826410015,-0.06654977862184558,-0.09509515492788408,0.03455425350273279,0.08011194183572717,0.08641700153757235,0.039299684457731944,0.23993579657321168,-0.03759614433006405,-0.00660237155724488,-0.12843633626523937,0.010227905169797841,0.1192714299089265,-0.012670502674966107,0.1313289275724079,0.0503427394886649,1.0,-0.13615095802088878,-0.022735846333087346,0.039292299494672375,-0.02447145371667487,-0.036196236152827896,0.08445975848020315,0.22072845719486295,-0.05786691819775715,0.07814325885936048,-0.12288832989073822,0.05139877633770312,-0.13962053265187752,-0.011461256531226349,-0.10086006776380957,0.07761119587903482,-0.07684296665203184,0.041179519292564144,0.050887612600843034,-0.005924715727422719,-0.024291437022062747,-0.12259813881522091,-0.02058327846345622,0.08025103534658035,-0.06044683024753996,-0.060136722699057454,0.026520011127230077,-0.021119040696328403,-0.030891971788720572,0.23649635173097824,-0.061775062624634974,-0.0029371176252230595,-0.055883615760763686,-0.08819321598158351,0.1531057997155275,0.06557916416352924,-0.07426957358424613,-0.09972402940174459
27,-0.10647109947847767,0.09243122237649623,-0.0831136344182033,-0.03402846399489595,-0.09336776249436154,-0.07438205617516952,-0.06519927615920026,-0.027430249384858683,0.19946325122409955,-0.1310382687673377,-0.07601374957737778,0.15470246201279386,-0.1008714512511669,-0.07662425414044288,-0.06276385102159455,-0.14106435731792183,-0.05112558878988931,-0.11984752406706264,-0.11937011517346799,-0.011825071604929542,0.2826759503150068,-0.036173279696871515,-0.06528177455802359,0.18831339035165923,0.00020267674080897996,-0.07058972907288072,-0.13615095802088878,1.0,-0.09715948923327597,-0.021827288263059665,-0.005586781381921022,0.016904239555027362,0.06495221016956212,-0.08327727655942277,-0.09960915448752428,-0.10759555467833168,0.06915434588760395,-0.10863184694329757,0.15586087214494956,-0.015721461441416194,0.4184275110929894,-0.0661840343997166,-0.03513876996613956,-0.019862506287626355,-0.04942051140694799,-0.038259370470655855,-0.07402853272131876,0.16358978503746557,-0.02134372739222125,0.02890497916844042,0.03043881552545349,-0.034922185944100646,-0.05665599163692454,0.15800221739129963,-0.07499764978341206,-0.06526502802129011,0.29682551804481505,-0.07032603911082685,0.03585762020903354,0.36693551651351614,-0.13082926355960323,-0.055234911780077986,-0.062054609304941284,0.07986985613270318
28,0.21592677420669257,-0.044500687936408746,0.1045317917677784,-0.07918651657343401,0.2132019996759253,0.1338188145992515,0.00818675707333777,-0.0678580268045834,-0.035564368657754364,-0.03562616747454657,-0.06337630816611059,-0.04821284563148806,0.03796183988837737,0.07547982782218524,-0.04925360752450132,0.049661033022909806,-0.03771630462117932,0.1545059786234116,0.09886652084847519,-0.0011321541826042635,-0.07513186231736504,-0.0151526882905578,0.33244418910869966,-0.02897088450672037,-0.08861563493785837,0.14906864477437265,-0.022735846333087346,-0.09715948923327597,1.0,0.07372792407677611,-0.016575190206268253,-0.03221624844867888,-0.042604993452793456,-0.08435152776687832,-0.007344684663029074,0.14152183413201935,-0.09997166141525804,0.12770116178795615,-0.12569858951239585,0.01431937487023466,-0.08439568463224964,0.21886296147293693,-0.06370006875586437,-0.025067812635196862,0.10591772601795713,-0.027230839451029713,0.1897354861683277,-0.0996701550293577,0.006552652547539628,-0.07648001696222013,-0.06582513335797585,0.00968765505983543,0.0165052924239639,-0.04931594455872279,0.07083597776550668,0.07704510603331807,-0.055733984512671,-0.007144256325340049,0.012551745233438298,-0.06680557403394796,0.22750279462083078,0.07142340515816403,0.08141256810438799,-0.05864630698870951
29,-0.017579433841262943,-0.039513500874007304,0.07860024457011269,-0.0697263229803223,0.27893458010494143,0.002289677777391183,-0.024925764610932016,-0.03705687815329696,0.0008088539812241861,-0.040175900116417945,-0.07182312677884409,-0.026008404577382873,-0.045702187719423165,0.759476965478173,-0.06251374317557164,0.04591965850084831,-0.05596754712464611,0.0784907877833454,-0.05969097916729357,-0.002678453241686293,-0.052332064528246944,-0.04076909301485171,-0.009031707702363693,0.06583819374344793,-0.06732784506559936,0.2607670888680458,0.039292299494672375,-0.021827288263059665,0.07372792407677611,1.0,-0.011188009116184793,-0.020801337751575142,0.08667351609841364,-0.05123441085914821,-0.03202128337213403,0.03151927213838712,-0.05173244244113981,0.30283456583662643,-0.09112911382465703,-0.010798235983761159,-0.04855783572046529,0.19163180275964234,-0.052994459047599723,-0.05195024286640292,0.0368569096419271,-0.0058762214158244955,0.06705317172509888,-0.07732440883935607,-0.01989025077296899,-0.06573335404963931,-0.059736344626692695,-0.018093337327259103,-0.048088817438608385,-0.037860544969476995,0.20078611765500148,0.013996933716412304,-0.003854358665658374,-0.05216512549356382,-0.019833927999189985,0.03375653736746619,0.0779995186414256,0.09210916863924129,-0.005874922637732328,-0.06529556641772202
