,0,1,2,3,4,5,6,7,8,9,10,11,12,13,14,15,16,17,18,19,20,21,22,23,24,25,26,27,28,29,30,31,32,33,34,35,36,37,38,39,40,41,42,43,44,45,46,47,48,49,50,51,52,53,54,55,56,57,58,59,60,61,62,63,64
0,1.0,-0.03636401123750196,0.10339363710126973,0.16161499974234939,0.2793529771179359,0.3222196598586716,0.24549174135739882,0.03853578075837706,-0.049987779213978574,0.1439038154907707,0.08758703803697405,-0.03931848615894315,-0.1683133586503674,-0.07565776171255482,0.021123829290732983,0.12269051347604756,0.011472700756491623,0.012081386078548948,-0.01937645286830305,-0.0067507127088188195,-0.13722750579578477,-0.012989402056237305,0.41421736749396887,-0.06061058545634973,0.09560351294416251,0.13920579578292355,0.2819438636898002,-0.10579053851611325,0.19856259915984065,-0.019282721135374215,0.005743240634552241,-0.02569037415394329,-0.08274864321664885,0.17674020150864375,-0.1382409841953311,-0.050943517322698736,-0.10889407342448229,-0.0546021469353323,-0.12003055777537583,0.3746415575684495,-0.08475059258485076,0.33083563883042943,-0.07286959226543949,-0.042601780172175904,0.16201223676658152,0.03961413882142589,-0.012089650718582794,-0.0886936640644031,-0.02871805185744184,0.1445294395849546,-0.029766871648744645,-0.07609996891873527,0.0897539928461207,-0.046140685301184994,-0.08704662096471957,0.3840246046495555,-0.09424532709720222,-0.04946591663788681,-0.0701619661336323,-0.07646935154510198,0.25586422051151103,0.17642993085864211,-0.11979415998555411,-0.09165436893201319,-0.009301537098146666
1,-0.03636401123750196,1.0,-0.04401054841368339,0.003048889564554314,-0.04729911928186058,-0.03613660462231019,-0.03226747688171084,-0.02053166226617851,0.012182564634911274,-0.06527315132531442,0.03704010810352329,0.5336732518826927,-0.06054859007492393,-0.05109877392130954,-0.027603890687766197,-0.07094032972078569,-0.023395985630127746,-0.021549219192255824,-0.060241191271733996,-0.005814278375396131,-0.029581551813242096,-0.015852337027042064,-0.030142969456519935,-0.039155405051376546,-0.0032520245817966053,-0.03050633433758432,-0.05922262010601889,0.09241810851479774,-0.04516332980332432,-0.03933205273410789,0.02839992758460448,0.2251574348674448,-0.025445447238772415,-0.019203974395825222,-0.055743565909332785,-0.037552725788268196,-0.027020499983189745,-0.045602410240741756,0.004695482360642208,-0.054345051344511675,0.22127697148580083,-0.0375524600467332,0.023428710073682864,-0.022841751074534348,-0.024269441314813806,-0.0033065226500382794,-0.036480152278702827,0.18246001954652974,-0.012619218770685826,-0.01046228968748977,0.3782008667529776,-0.024860752353854192,-0.021272248623883813,-0.010281391806764198,-0.037259151691694414,-0.03553998352102561,-0.00596825392222034,-0.03301034650140053,-0.023465823357242135,0.061842629955618185,-0.06358198841332906,-0.010388056087502673,-0.041185646386218897,0.08604542368583701,0.0010401413728677832
2,0.10339363710126973,-0.04401054841368339,1.0,-0.11739441396313913,-0.0392617624959415,0.388967686437584,-0.04351521738308913,-0.04662658951490681,-0.04604657172091747,0.52269008511423,-0.04721724637151763,-0.0446746204857624,0.14826113895909654,0.15203085612408918,-0.06630766350323936,0.3328508336182898,-0.050418028581250066,0.1232290234735903,0.0615419545547294,-0.00558142380757105,0.03700961136676645,-0.04092208508230054,0.0445076628678703,0.21461500795241506,-0.04839792275777611,-0.008573847195872033,0.12890242832573584,-0.08303916328083795,0.10415493454479513,0.07702921879842275,-0.020989650818170308,-0.025560484506633445,0.03783938370413689,-0.09482331524714419,0.06217328642355831,-0.051790722262968714,-0.04962235038262032,-0.09161434543354602,-0.07406872784501531,0.10814328916880594,-0.062765177331074,0.12472963199520415,-0.044935606656598445,-0.05967210692229892,-0.01489502559925208,-0.04990224837915251,0.13005676100435246,-0.09716909930363588,-0.010807359440837185,-0.09106913536706183,-0.03317220936317782,-0.019297879792637945,-0.06564528711809643,0.024027627415027765,0.25595093781735034,0.3027623265546513,-0.04144608633869929,-0.016446898599598577,0.030233964614721488,-0.05351218530931882,-0.0032364325707773117,0.02865408743954055,-0.004379686536364843,-0.057774021425036126,-0.01287454101094141
3,0.16161499974234939,0.003048889564554314,-0.11739441396313913,1.0,0.09861453776194011,-0.09310121990491617,0.22300475912616624,0.18566171783598664,-0.01783042520718011,-0.0323334530460469,0.3616455337862102,0.007725134582090627,-0.1609010299892888,-0.08540060004202765,0.3426332012123932,-0.13544348937232883,0.21292315162653153,-0.04810013008898164,-0.14691514244694096,-0.01545559148524482,-0.11163915546539904,0.1672309420166032,0.05501358945654462,-0.1120444956093665,0.37468787284473826,-0.051340024236073714,0.3142202152968213,-0.03325143871335962,-0.07649507071578358,-0.07007911658648247,0.09187909804260454,-0.00931869932565456,-0.005402476967438806,0.37798269240583027,-0.12649061691846405,-0.08609698634206239,-0.07842511037013689,4.3678253005092474e-05,-0.051722206073068724,-0.03376367496124564,-0.03829966327316654,-0.08314161945544019,0.0331167254558081,0.24595158299900358,0.05729827699617132,0.19986222837563533,-0.08897228514149781,0.09425705622928929,-0.034844858413960816,0.543251241655308,0.008329445374811846,-0.0757313685377077,0.3451262645278438,-0.0379179110178567,-0.08320019572734388,-0.04798334919543638,-0.06428506950164725,0.04090907598381692,-0.07385229990585082,-0.014247327853140042,-0.10272922497225538,-0.018804626494841117,-0.11629509257776877,0.00011397911538570506,-0.011477052383041225
4,0.2793529771179359,-0.04729911928186058,-0.0392617624959415,0.09861453776194011,1.0,0.0758869790531656,0.4231848481623291,-0.020767954249263445,-0.050707662804283675,-0.04533353692683092,-0.03295136826777505,-0.04930800456060558,-0.14141574693002595,0.29380859215969357,0.04151726244886622,-0.04815481593817265,0.04245967705996736,-0.037362386762070016,-0.09891354590299195,0.01564474964545829,-0.11612268421725605,0.036560670884708185,0.5399027753836939,-0.0949458316385018,-0.0492701321625927,0.28998689732580435,0.1520456965780111,-0.09482010962045795,0.18630947393475966,0.27353223072803684,-0.01888581311999122,-0.025795321131741742,-0.05546930247466977,0.17250843168167107,-0.12057449594839545,-0.04404134222438095,-0.08691166664568573,0.22443229385093877,-0.09955582308505354,0.2593654396145866,-0.0704594857053983,0.2518554230707645,-0.05777306337841212,0.028071887802434897,0.525993191991347,0.05368503842103326,-0.0024356441831460667,-0.0928054352510601,-0.023607341809523865,-0.026504369924307353,-0.043776581081348305,-0.06326684697255697,0.20192013186434773,-0.04548299968827131,-0.06757018664696242,0.039767821343595564,-0.07366473789252832,-0.09823030738304078,-0.05772171111753421,-0.06251464388596706,0.2699812652634922,0.2525566223105541,-0.0908401353832271,-0.0716220114047616,-0.00572895488629943
5,0.3222196598586716,-0.03613660462231019,0.388967686437584,-0.09310121990491617,0.0758869790531656,1.0,0.023592187889433715,-0.04435265865898696,-0.041300575668285794,0.3109869678301622,-0.03581029562620353,-0.037281080414427625,-0.07267696765357395,-0.010664502555618101,-0.05013133669857259,0.1472603940916482,-0.031542515602842366,0.09566287558407918,-0.005224216115185023,-0.007762461851923189,-0.07506832422656863,-0.03332849531686245,0.18617328684833348,0.04179243503497014,-0.05639152262108498,0.17035730987615302,0.1406431871681787,-0.07442454013664217,0.12353261202315188,0.002057709429608313,-0.01701888779805481,-0.021266953919179456,-0.03128255423564275,-0.0467334865701081,-0.05568146712647437,0.03514760693805841,-0.06562743937008697,-0.05766473721574021,-0.0756323637382614,0.3674184573035888,-0.05385711188499979,0.15922253061937242,-0.046972138746421074,-0.04998490176286006,0.024361260619359677,-0.040791235727232075,0.08538310603161214,-0.08499623895923701,-0.016557648562880146,-0.07573517765480678,-0.03697530323505384,-0.040093070121250254,-0.04696079119357445,-0.019515040616655554,-0.025106515610751938,0.5535446458200581,-0.05740242110221799,-0.05212037762065139,-0.031606401650771804,-0.047951265720312566,0.08527533990796415,0.1433397204936004,-0.05811251106535674,-0.05930844135435446,-0.002210347942583756
6,0.24549174135739882,-0.03226747688171084,-0.04351521738308913,0.22300475912616624,0.4231848481623291,0.023592187889433715,1.0,0.09767208782909606,-0.03577969569526098,-0.02824608884485981,0.01887027024329686,-0.0346386852387391,-0.1027357781652784,-0.030595258183489953,0.08384523971147297,-0.031112646628972958,0.08123162189677857,-0.04074618339338609,-0.07312605243966919,-0.0034961439001253434,-0.0804759867678477,0.027992720724014312,0.2573880043711036,-0.06732933509766116,-0.034096401006054405,0.09970194872021262,0.11882006882863688,-0.06508746667317145,0.0034244487733121765,-0.026520326503769114,-0.014690292754505677,-0.018195484753846657,-0.046878176105650635,0.2805927295000059,-0.08868141684893838,-0.061850381539598445,-0.06436666820404265,-0.07257497095396864,-0.06893167440241484,0.12537515905092178,-0.04878528702933033,0.08764762123341116,-0.04524508457281627,0.016439840596815997,0.2214405284303269,0.10485949905321229,-0.04189562887534817,-0.05923924805433903,-0.021364443747177865,0.07324243480432965,-0.02009025162579973,-0.045633264632017105,0.48126683306607143,-0.026719949300598313,-0.06325400826040542,0.0853377212128216,-0.051762044586065745,-0.0730082936068595,-0.04724075051822751,-0.043548629226129405,0.0017865497607242181,0.08738033796067135,-0.06684278793057716,-0.05568816772327519,-0.011963151050015292
7,0.03853578075837706,-0.02053166226617851,-0.04662658951490681,0.18566171783598664,-0.020767954249263445,-0.04435265865898696,0.09767208782909606,1.0,-0.005181157217656317,-0.025610734437658905,0.10258330317292744,-0.019943649167816827,-0.1175266472353334,-0.02379097511640085,0.16173213788886942,-0.1011803311648237,0.22494778362162562,0.12226033322240033,-0.10816091809450214,-0.012054082548715822,-0.06478914955822915,0.0076503247860765,0.06817502213093299,0.01827450202797518,0.2594933207408982,-0.036684613727105186,0.053991759277091114,-0.027417982487567195,-0.06712596238211649,-0.036389837469636234,0.133167842007563,-0.009488035624361167,0.25547655236150046,0.04455269864131246,-0.09570327213236718,-0.09443343426530744,-0.061873104184071,-0.0946389389257539,-0.07835015592615567,-0.0736100211350958,-0.056228028221050774,-0.043798990508926924,-0.04760632487782495,0.21723779390516068,0.0007015762997670512,0.12805921707271736,-0.06148585238917852,0.25647666161428806,-0.022118498288227786,0.32315873148021956,-0.03291280995654702,-0.054782342965618444,0.10290760602122365,-0.03747120322018983,0.03303931959841243,0.026349759006639828,0.33688689860509263,-0.04912927650830935,0.0014664504858584396,0.00312022539370572,-0.11426841094633458,-0.014536968557195934,-0.07235260047426972,-0.060815050280791275,-0.01795124719554564
8,-0.049987779213978574,0.012182564634911274,-0.04604657172091747,-0.01783042520718011,-0.050707662804283675,-0.041300575668285794,-0.03577969569526098,-0.005181157217656317,1.0,-0.05537610697549526,0.03225469869037199,0.07355185927808774,-0.06610775738693725,-0.041131882012974394,0.015306925273861705,-0.07069243136646752,0.01639955439714894,-0.03128565816327568,-0.07155490238697051,-0.007032309819041519,0.13921042735373143,-0.00911757989503631,-0.024522082324522153,0.09763061248752318,0.03441805738468262,-0.039510926334677815,-0.06494411103784187,0.19948358460763235,-0.034968929160146565,0.003489923050177519,0.0475346546703387,0.008607379493116046,0.3796563414744958,-0.03178516657933697,-0.056507529323298764,-0.05758816949638573,-0.014204983308536721,-0.06202482717430603,-0.041209152394453274,-0.06715658583388356,0.031211874428855698,-0.0384449223797657,-0.03150167838033062,0.026661359571765783,-0.01669341655921542,0.003042574983628309,-0.042763697657319355,0.04212461022363611,-0.01652102301687347,0.2112095502512948,-0.03155172702656649,-0.01583256909697051,-0.02908026787014467,0.049286307920668945,0.025828679524542375,-0.035278541921531494,0.2784800051198472,-0.0319108949270563,-0.022631405823136313,0.20187887839249874,-0.07758546415281731,-0.02123568599566786,-0.043812161214093065,-0.003213848611199493,-0.010932680785699866
9,0.1439038154907707,-0.06527315132531442,0.52269008511423,-0.0323334530460469,-0.04533353692683092,0.3109869678301622,-0.02824608884485981,-0.025610734437658905,-0.05537610697549526,1.0,0.1001736466421729,-0.058516314013836994,0.3525677863875559,0.03386386816438892,-0.04999795958051311,0.31153385999490907,-0.08588740854320001,-0.021117427824106937,0.21179895196047543,-0.01440453897602097,0.11025968572731601,-0.06190448234901604,0.027140718907480692,0.2321511183744789,0.00489494849872282,0.013339722216659505,0.2018257453396508,-0.13079092934333397,-0.037907579852218154,-0.04067701178668323,-0.02950167236552734,-0.040781315576901594,0.005233176635008571,-0.02071268821262956,0.3073024302355485,0.014002034773638962,-0.07994706708549434,-0.03658059628068225,-0.11539647341762106,0.24069742729879257,-0.09776133612119502,-0.027181118210921208,-0.07764777519946355,-0.08295990752392116,-0.0319636527259341,-0.05788794811651937,-0.0019449751150050296,-0.14135713570349312,-0.016485794639460108,-0.011948043472025806,-0.07169151893867876,0.024099477548503417,-0.07359284015993613,0.10892997888651024,0.09635645330863857,0.3068931162673445,-0.07458395250562955,0.13723707965897464,0.03717192340127709,-0.09035037811388655,0.004436392627739783,0.02165021332973593,0.2112525387304979,-0.07045354202894308,-0.018133160588767842
10,0.08758703803697405,0.03704010810352329,-0.04721724637151763,0.3616455337862102,-0.03295136826777505,-0.03581029562620353,0.01887027024329686,0.10258330317292744,0.03225469869037199,0.1001736466421729,1.0,0.08834903858277712,-0.08190540976554916,-0.07060970615124303,0.030799428100712192,-0.06591228148760254,0.049768915315291144,-0.013346883836192624,-0.06772264468023534,-0.011101380586996057,0.01987037442192506,-0.017408396183323196,0.0019328182019297032,-0.056854746694767325,0.3103203050803699,-0.025894327428135196,0.2479059057714256,-0.07615784072610329,-0.06178153066350167,-0.07225685550432448,0.04434422659851556,-0.023804540121746647,0.05477239215010711,0.20888540915149878,-0.02233881294080764,0.0824608397861109,-0.08461460436684373,0.008253092938154915,-0.10850741058273863,0.11745186718773916,-0.057357680106583535,-0.07503420962275778,-0.064281185266889,0.01782782864162788,-0.02404714844322068,0.05598699443333848,-0.06296875161827255,-0.018770527013245702,-0.024754634712462736,0.21012086805161728,-0.048051319459095174,-0.02491579814135516,0.021894914383369383,-0.027127663719723704,-0.036339776471549234,0.00546584382668912,-0.007296276788015613,0.28975522928092756,-0.04854060724914946,-0.0675711667587635,-0.07995917727932916,-0.023002688618576864,-0.07765869097077052,0.09593413750876899,0.00531426368519974
11,-0.03931848615894315,0.5336732518826927,-0.0446746204857624,0.007725134582090627,-0.04930800456060558,-0.037281080414427625,-0.0346386852387391,-0.019943649167816827,0.07355185927808774,-0.058516314013836994,0.08834903858277712,1.0,-0.053177964193066536,-0.047377282040259136,-0.0325551774391876,-0.07076055982182525,-0.02319567784047782,-0.02709056031640167,-0.0605120173451979,-0.0053149040543630085,0.030810772384852775,-0.018994540917087584,-0.03218893201733604,0.010059969015620345,-0.005886121052334388,-0.03380449020573478,-0.06643025764439991,0.1547210805385067,-0.04866663135344679,-0.025182256500981416,0.012594704792288672,0.07284735396678105,-0.001747976563656807,-0.029873681654371757,-0.047104471125755276,-0.04686614855885156,-0.01740703184460146,-0.04719885425101536,0.021424157115531986,-0.05628425953253688,0.2808098800774564,-0.03723241423751556,-0.015322839404064674,-0.023248867227523007,-0.025746100890912442,-0.007019448986496012,-0.03729919830572655,0.12709739135294768,-0.013864247518501033,0.022145438729443422,0.06830969655668878,-0.022903034777022442,-0.029174666023561155,0.012258805537960426,-0.034838955169274856,-0.03512844546003618,0.061423747945949916,-0.01729540667480159,-0.01787224055471839,0.1159589317388992,-0.06678474795051959,-0.018303945317035004,-0.0343978649922266,0.1873447072299071,0.008936016145539478
12,-0.1683133586503674,-0.06054859007492393,0.14826113895909654,-0.1609010299892888,-0.14141574693002595,-0.07267696765357395,-0.1027357781652784,-0.1175266472353334,-0.06610775738693725,0.3525677863875559,-0.08190540976554916,-0.053177964193066536,1.0,0.09989198288907812,-0.10124808563539597,0.3396551880106331,-0.09339129133619227,-0.047189590379053584,0.5351924588977004,0.006061417159901453,0.2845833150215754,-0.05910829926976398,-0.0974198237195164,0.07563815616992885,-0.1025452190768388,-0.08959507827301821,-0.09489443239898473,-0.10053154573790177,0.04266278285015294,-0.04583341031384443,-0.03040505526937013,-0.03699355092923923,-0.0702690555651978,-0.14327382254047538,0.5952242771003926,-0.001042418084258786,0.01140611063075004,0.1099461142769572,-0.04966979021723958,-0.014249802359166158,-0.07698464229275225,-0.0964615769012962,-0.05612427414877881,-0.09027536018114068,-0.07292712035186058,-0.07652874984663047,-0.00630322405225426,-0.13181973646991896,0.0018972383784069506,-0.111663185470947,-0.07277602223569352,0.13575848662265105,-0.0860904931990531,0.07088894599165571,0.19273938441399696,-0.08399419151653753,-0.09602563180358778,0.3129866640385439,0.10166980433893509,-0.08291242331154892,0.068100843727458,-0.04844983637290976,0.6614218365654799,-0.03183620816828118,0.00010243139045057817
13,-0.07565776171255482,-0.05109877392130954,0.15203085612408918,-0.08540060004202765,0.29380859215969357,-0.010664502555618101,-0.030595258183489953,-0.02379097511640085,-0.041131882012974394,0.03386386816438892,-0.07060970615124303,-0.047377282040259136,0.09989198288907812,1.0,-0.07447777203264662,0.0759892078956795,-0.06637052630688647,0.05884054168648589,0.05484397544720524,0.00010739574438902062,-0.051618069132581934,-0.04810310521412706,-0.017699275885810543,0.07935608495917754,-0.07286161250003115,0.1528117882122705,0.03410676951547801,-0.07643359326735438,0.0775163940584527,0.7612834417917904,-0.012661604028343385,-0.029616088133888333,0.06057650747000187,-0.07793568975111959,0.07442353436799776,-0.022546648061497088,-0.07191500179031697,0.5370576383849304,-0.10589509783872028,0.05278799070431872,-0.06931479099799674,0.06588432316483427,-0.057584775774776595,-0.06463526054059979,0.011346263966368885,-0.027705418748558447,0.04761274203644293,-0.10478980267461208,-0.015593577213429383,-0.1004545822570221,-0.06638903591714662,0.0010945027195492594,-0.052070235703220294,-0.03480510184814192,0.3012023962624543,-0.001814707844946438,-0.011395870528720205,-0.00186559473928548,-0.014101505219591292,-0.04359985370188483,0.18554914626739796,-0.011921152623552195,0.10790511824220171,-0.0711539897946448,-0.00569614633492086
14,0.021123829290732983,-0.027603890687766197,-0.06630766350323936,0.3426332012123932,0.04151726244886622,-0.05013133669857259,0.08384523971147297,0.16173213788886942,0.015306925273861705,-0.04999795958051311,0.030799428100712192,-0.0325551774391876,-0.10124808563539597,-0.07447777203264662,1.0,-0.09000612132201716,0.160588065786274,0.04546977854050611,-0.0880607362316012,-0.009789064476542342,-0.07072061233313143,0.14876749675757245,0.07262556538203654,-0.06137298953564875,0.0869091442977902,-0.04813777400530153,0.07970980349632284,-0.06290160918271495,-0.048034168549047115,-0.06294749332154052,-0.007618450071462666,-0.011547882155299762,0.12595204187958364,0.061445276026062146,-0.08884095820159851,-0.08455610450618947,-0.06847212102596305,-0.05799110411411352,-0.0673727125990515,-0.08565307480044858,-0.04857562959877248,-0.03939918901614143,-0.038558711226825124,0.48817847054098695,0.1076385864989302,0.13241231707219217,-0.054746613395979166,0.043206895490087084,-0.02182673387739989,0.2559082464231845,-0.030827841138997922,-0.04503152341615204,0.10420458903898902,-0.024597641126308318,-0.0750170505794758,-0.015924582684299336,-0.0276389534295717,-0.06770882446052377,-0.04037789603732482,-0.04210982186454827,-0.08303579890662163,-0.014878570110371631,-0.07173745932815073,-0.05623328801133268,-0.015722311850232817
15,0.12269051347604756,-0.07094032972078569,0.3328508336182898,-0.13544348937232883,-0.04815481593817265,0.1472603940916482,-0.031112646628972958,-0.1011803311648237,-0.07069243136646752,0.31153385999490907,-0.06591228148760254,-0.07076055982182525,0.3396551880106331,0.0759892078956795,-0.09000612132201716,1.0,-0.09428815217179055,0.04985735998185189,0.5685765713317342,-0.00842983378421239,-0.009126443730839033,-0.06186593376854148,0.010505648637451983,0.061688978095109696,-0.10080646562177725,0.04783911059220732,0.08385197468766341,-0.14101457228643519,0.05242803832104436,0.04470505213029316,-0.0331698655908899,-0.041254488379911115,-0.07326775318794934,-0.10925847705246781,0.19500255325497906,0.20994743259656407,-0.08777742691119204,0.04802522997477306,-0.12458357900398634,0.2241336454569346,-0.10415242044601725,0.07808124561766494,-0.0723428859624105,-0.08946671961344757,-0.03959212536772235,-0.0717893190807771,0.028254780012685138,-0.16052834102238156,0.0025014481095476677,-0.1200026749877559,-0.08217101805293085,0.09385747203483771,-0.08149721741844485,-0.028012978721213482,0.13882989006260982,0.09300227815631126,-0.10174671920300138,0.04618506832794092,0.08475709944995632,-0.09419645424670256,0.15703109431503093,-0.00247626015329289,0.1798795956097674,-0.0909209290664277,0.013299179467392817
16,0.011472700756491623,-0.023395985630127746,-0.050418028581250066,0.21292315162653153,0.04245967705996736,-0.031542515602842366,0.08123162189677857,0.22494778362162562,0.01639955439714894,-0.08588740854320001,0.049768915315291144,-0.02319567784047782,-0.09339129133619227,-0.06637052630688647,0.160588065786274,-0.09428815217179055,1.0,0.039457151009693256,-0.08612577624161044,-0.008808282402674355,-0.01680476184812965,0.4351905088227852,0.07804160626497059,-0.0588953092125354,0.09173637635575725,-0.04147984298770885,0.03827065435096049,-0.051055296290767355,-0.036740425041412006,-0.056309823466338685,0.0272041937618286,-0.00826820421164758,0.1472486790503409,0.20977716356131543,-0.08425661945374968,-0.07725350668353363,-0.06024113796251515,-0.076651405099384,-0.06164218391525949,-0.07438492961572754,-0.04431514198022471,-0.026055338740253113,-0.027769160943495023,0.3385981053485833,0.04904163979295331,0.2596034682190426,-0.04573835642240598,0.15925537936194833,-0.019970905252258326,0.12005574461222454,-0.032361497374630434,-0.04193852951884014,0.3372790863966604,-0.03820134566210645,-0.06696841425111756,-0.004909513000141518,0.07884016088817711,-0.06257386322239744,-0.03366403548988166,-0.02491800409366933,-0.08967771469901642,-0.010520389723989786,-0.06688839337206291,-0.051878925606192956,-0.011830454849528067
17,0.012081386078548948,-0.021549219192255824,0.1232290234735903,-0.04810013008898164,-0.037362386762070016,0.09566287558407918,-0.04074618339338609,0.12226033322240033,-0.03128565816327568,-0.021117427824106937,-0.013346883836192624,-0.02709056031640167,-0.047189590379053584,0.05884054168648589,0.04546977854050611,0.04985735998185189,0.039457151009693256,1.0,-0.04388839910993196,-0.0029332651085393247,-0.04918728957856014,-0.024504182565702512,0.010119601958442649,0.02120616717929418,-0.016337888430459992,0.06118417927954446,0.061521054446722886,-0.05531349281725906,0.06638178962929749,0.09459364715225418,0.018401638179078875,-0.018287468341281154,0.04732224166522486,-0.05724551310605971,-0.03918594747618956,0.02918591905643856,-0.05015032165481646,-0.03096774064724025,-0.06815379824600137,0.03662245138752656,-0.04502113664642208,0.13202412758038562,-0.0432000524892784,0.05554522454440778,-0.019276167330005835,-0.007672828036024293,0.033137387182767444,-0.0028395947021423408,-0.01792946543643245,-0.010182216106660421,-0.039520776164927045,0.025137363585996032,-0.030018737443601683,-0.032356535898223376,0.057665322714583064,0.1398013402918991,0.0031895259985463666,-0.046124289208737776,0.019514148707479684,-0.03169490652814384,-0.044006747105100816,0.04430482540734285,-0.04001761201150497,-0.018709372695952606,-0.007091128424809283
18,-0.01937645286830305,-0.060241191271733996,0.0615419545547294,-0.14691514244694096,-0.09891354590299195,-0.005224216115185023,-0.07312605243966919,-0.10816091809450214,-0.07155490238697051,0.21179895196047543,-0.06772264468023534,-0.0605120173451979,0.5351924588977004,0.05484397544720524,-0.0880607362316012,0.5685765713317342,-0.08612577624161044,-0.04388839910993196,1.0,0.009028534275083941,0.011435175394055945,-0.05572943028648231,-0.06429798185061845,-0.05034994851320705,-0.10301047089138723,-0.057417813990079634,-0.039095904250320154,-0.11939137768892284,0.10657734253075196,-0.05882080751820254,-0.02904494560072828,-0.035105392064116524,-0.11395553843578352,-0.11461790855549953,0.3655462588109941,0.23713264211452326,-0.06715867927936392,0.198539552008774,-0.09771709189045527,0.09240964338908442,-0.08755359665330809,-0.061007890922319286,-0.0504476243616645,-0.08796924198043699,-0.06425497648958067,-0.06899040569476389,-0.0040192385641148656,-0.13722832797170503,0.021528131446339607,-0.12229209459107689,-0.07585867543484232,0.16217277093806887,-0.07138537924661686,-0.04029266706780811,0.005007936268521057,-0.03892671299246003,-0.0950773785623311,0.1845787880926334,0.12087483184557779,-0.07981154267900997,0.21492390453674126,-0.035410787666761964,0.36692218143304367,-0.06616744892469956,0.04478060939540007
19,-0.0067507127088188195,-0.005814278375396131,-0.00558142380757105,-0.01545559148524482,0.01564474964545829,-0.007762461851923189,-0.0034961439001253434,-0.012054082548715822,-0.007032309819041519,-0.01440453897602097,-0.011101380586996057,-0.0053149040543630085,0.006061417159901453,0.00010739574438902062,-0.009789064476542342,-0.00842983378421239,-0.008808282402674355,-0.0029332651085393247,0.009028534275083941,1.0,-0.012785106075293113,-0.005699702703346258,0.007601351266286843,-0.013906160429423466,-0.01117399460861068,-0.0060983859741536445,-0.006828460177516073,-0.01182466590431369,1.6072107336854904e-05,-0.0027785167551217897,-0.002971272146061784,-0.0035037559443072647,-0.012788402241437208,-0.013133394336612148,0.0008386294907779974,-0.012694598934638809,-0.00853146479704812,0.06296035647653675,-0.010560480360610115,-0.01162059220235644,-0.00762044917380186,0.024493786008386174,-0.004344593864344035,-0.009163801896453883,0.04044389950549586,-0.0068885580934998514,-0.005080896873644569,-0.012381543204031047,-0.0004159925145385626,-0.014872293144382752,-0.007615580649272952,0.0019329345465726924,-0.0028410174056368986,-0.008053853002736665,-0.012793833062477111,-0.007628820890569022,-0.01049751547188583,-0.009830728530811888,-0.008022426448313974,-0.00789230738590549,0.0043998176587727745,0.0022044544164910055,0.015307235854378154,-0.0005621027940427327,0.0012731228985469868
20,-0.13722750579578477,-0.029581551813242096,0.03700961136676645,-0.11163915546539904,-0.11612268421725605,-0.07506832422656863,-0.0804759867678477,-0.06478914955822915,0.13921042735373143,0.11025968572731601,0.01987037442192506,0.030810772384852775,0.2845833150215754,-0.051618069132581934,-0.07072061233313143,-0.009126443730839033,-0.01680476184812965,-0.04918728957856014,0.011435175394055945,-0.012785106075293113,1.0,-0.045679668727586796,-0.07006786439446351,0.27003287531417963,-0.048929290488198426,-0.08436619891261507,-0.1281473932177026,0.2828064117003667,-0.07631235715268248,-0.05150868659282597,-0.020898217575929304,-0.026255226308008486,0.09041715652198129,-0.11533955772747315,0.31460358588528836,-0.05972552283970579,0.11921376553633309,-0.07881396086504992,0.054116315401738474,-0.047506934248066,0.06765071605855268,-0.08849642545142233,-0.048605494939571114,-0.03851446522599296,-0.05958469791278841,-0.059387957253485016,-0.04714054925969531,-0.01262514020992869,-0.026610301004919783,0.053136811025996995,-0.05170337382103585,0.07546872895064888,-0.07253792028559002,0.40034814159549204,0.12503881131353392,-0.07100356959541027,0.08640724438333344,0.27310077149946943,0.054228818685678776,0.008423893832930882,-0.12132262416595065,-0.03914628209620751,0.12489349623141358,0.0928678997047144,-0.012717739815631728
21,-0.012989402056237305,-0.015852337027042064,-0.04092208508230054,0.1672309420166032,0.036560670884708185,-0.03332849531686245,0.027992720724014312,0.0076503247860765,-0.00911757989503631,-0.06190448234901604,-0.017408396183323196,-0.018994540917087584,-0.05910829926976398,-0.04810310521412706,0.14876749675757245,-0.06186593376854148,0.4351905088227852,-0.024504182565702512,-0.05572943028648231,-0.005699702703346258,-0.045679668727586796,1.0,0.018133720318136204,-0.042331842571635525,0.002244901934754361,-0.030821457846659083,0.00939985404693943,-0.03612289551261587,-0.013754670870952796,-0.04095143066609511,-0.003330707903055264,-0.0015026716466300162,-0.001744794700555984,0.19840079109910752,-0.053704748434528396,-0.04863589797008068,-0.04184092142391016,-0.05309224015562413,-0.03931594672344052,-0.05503499874460703,-0.027840511241973925,-0.03239861862639565,-0.013232345933586374,0.14957478279357211,0.03979904977306264,0.6481287994639127,-0.03361862839016855,0.09546611407281708,-0.012690088394769681,0.079999431165131,-0.02201005240911914,-0.02637842659194318,0.3391561435054222,-0.024955146529734618,-0.05005390198280672,-0.026085699101262273,-0.0296000677819419,-0.0434952011645989,-0.02673283982542778,-0.022553694866428775,-0.05929794433567083,-0.010991609901623896,-0.043806768346280466,-0.03457693764775213,-0.006371761537673744
22,0.41421736749396887,-0.030142969456519935,0.0445076628678703,0.05501358945654462,0.5399027753836939,0.18617328684833348,0.2573880043711036,0.06817502213093299,-0.024522082324522153,0.027140718907480692,0.0019328182019297032,-0.03218893201733604,-0.0974198237195164,-0.017699275885810543,0.07262556538203654,0.010505648637451983,0.07804160626497059,0.010119601958442649,-0.06429798185061845,0.007601351266286843,-0.07006786439446351,0.018133720318136204,1.0,-0.042853841869106304,0.004121365327367061,0.25171069936633866,0.1168080194288196,-0.06536956764532997,0.3056872106420884,-0.014598742461188936,-0.008752511535919013,-0.01774902672809259,0.03514159626233421,0.12328654419177133,-0.08323059023446772,-0.06772935217650541,-0.06666412201793614,-0.08128109681263015,-0.06762265404832962,0.4641238687012991,-0.04788843100804587,0.24360493614702355,-0.0381366060141934,0.1043724911405518,0.5920615931302478,0.015644231134981142,-0.015131783939064385,-0.03388402838632881,-0.01958185768972531,0.062410365165186464,-0.013489590840779112,-0.042480824491362576,0.12867120072514848,-0.029307288729283048,-0.030361835315484503,0.16527442524727387,-0.013590602808955582,-0.07041004846825583,-0.03368028661899419,-0.041695000287188116,0.0942824528533338,0.32312965005834515,-0.07093574011721944,-0.053144938951963365,-0.004267761340267421
23,-0.06061058545634973,-0.039155405051376546,0.21461500795241506,-0.1120444956093665,-0.0949458316385018,0.04179243503497014,-0.06732933509766116,0.01827450202797518,0.09763061248752318,0.2321511183744789,-0.056854746694767325,0.010059969015620345,0.07563815616992885,0.07935608495917754,-0.06137298953564875,0.061688978095109696,-0.0588953092125354,0.02120616717929418,-0.05034994851320705,-0.013906160429423466,0.27003287531417963,-0.042331842571635525,-0.042853841869106304,1.0,0.006807048231906325,-0.024132975687670373,-0.012677922545716355,0.18793266392016372,-0.027838212023332688,0.06540190097441312,-0.015803731172601105,-0.02469702485724716,0.19034315186466566,-0.09939036551476538,0.042190502805037174,-0.03650395569112708,-0.046490572421963715,-0.11971469202681603,-0.07900082432501244,-0.010928464351726327,-0.01738442318494391,0.0042103578709250826,-0.0640492138032228,-0.033145240035756925,-0.05066464725473187,-0.045292282055659674,0.02003498504915515,-0.04272475978600597,-0.019638809188978854,0.057553736797702586,-0.0558886972577326,-0.013450833422516486,-0.06435674662230152,0.20318941492787584,0.31813370278703657,0.1607723126779822,0.23239168692425077,-0.016803312530617738,0.055399635845647485,-0.03274332890923641,-0.13411174414542143,-0.034564786173391454,0.10957506701803713,-0.04755632670811012,-0.023324454283713776
24,0.09560351294416251,-0.0032520245817966053,-0.04839792275777611,0.37468787284473826,-0.0492701321625927,-0.05639152262108498,-0.034096401006054405,0.2594933207408982,0.03441805738468262,0.00489494849872282,0.3103203050803699,-0.005886121052334388,-0.1025452190768388,-0.07286161250003115,0.0869091442977902,-0.10080646562177725,0.09173637635575725,-0.016337888430459992,-0.10301047089138723,-0.01117399460861068,-0.048929290488198426,0.002244901934754361,0.004121365327367061,0.006807048231906325,1.0,-0.04474873499715004,0.1317719833764162,0.0008695223904858298,-0.08858715488916993,-0.0674362585963069,0.021999972822106757,-0.0012870242173741433,0.10751418634445892,0.27324151915686035,-0.07210853249463328,-0.06706975401529841,-0.03816214739369867,-0.021367206399838346,-0.06684606418343102,-0.02854229659619706,-0.04136106386282838,-0.06285313269244618,-0.03320238996580692,0.036221573314037664,-0.010084075531004648,0.10214962777997616,-0.06043782345930625,0.10169827423182104,-0.021686506493491353,0.37214308711727634,-0.02548061092377565,-0.043863475832718206,0.03256861956409306,0.023356552024316968,-0.027742078552886316,-0.026798526678605605,0.08481898996844617,0.07032564827959864,-0.03530423551362051,-0.020962817562213368,-0.0947160055226203,-0.02596775931634053,-0.07228807145254919,-0.03998214776394571,-0.007610976248218731
25,0.13920579578292355,-0.03050633433758432,-0.008573847195872033,-0.051340024236073714,0.28998689732580435,0.17035730987615302,0.09970194872021262,-0.036684613727105186,-0.039510926334677815,0.013339722216659505,-0.025894327428135196,-0.03380449020573478,-0.08959507827301821,0.1528117882122705,-0.04813777400530153,0.04783911059220732,-0.04147984298770885,0.06118417927954446,-0.057417813990079634,-0.0060983859741536445,-0.08436619891261507,-0.030821457846659083,0.25171069936633866,-0.024132975687670373,-0.04474873499715004,1.0,0.05162590436270466,-0.07072978321849091,0.1281959103718981,0.26289260714158025,-0.011283519972396811,-0.020177775176569275,-0.018907462870257557,0.058642474277008444,-0.07087183707165956,0.28656549380930174,-0.06290798280407067,0.033658717937280695,-0.07361063501631215,0.574463202324603,-0.0518422726622094,0.0651307226343604,-0.04633660610119127,-0.047266935470025404,0.10873943336944145,0.016231296785032868,0.02884318779789179,-0.07286940847184019,-0.01810575429488953,-0.06920766438080281,-0.04777952665594566,-0.043099076899627706,-0.01018927557600789,-0.03630826189769719,0.013909207645032735,0.04386296266990034,-0.04128121023505031,-0.056145174470336075,-0.03584903026287629,-0.04437115621764107,0.04176118356155756,0.24588786272362628,-0.009524610877383488,-0.04679682032293646,0.01819065720406748
26,0.2819438636898002,-0.05922262010601889,0.12890242832573584,0.3142202152968213,0.1520456965780111,0.1406431871681787,0.11882006882863688,0.053991759277091114,-0.06494411103784187,0.2018257453396508,0.2479059057714256,-0.06643025764439991,-0.09489443239898473,0.03410676951547801,0.07970980349632284,0.08385197468766341,0.03827065435096049,0.061521054446722886,-0.039095904250320154,-0.006828460177516073,-0.1281473932177026,0.00939985404693943,0.1168080194288196,-0.012677922545716355,0.1317719833764162,0.05162590436270466,1.0,-0.136009542381412,-0.0184880480193853,0.03536592503311475,-0.024479317607990672,-0.036198120082252296,0.08399468484892436,0.22599076647892086,-0.05702344253584491,0.07840226897100605,-0.12319675517419074,0.054172855229232146,-0.13949928263371808,0.24648650170179331,-0.10076918176391032,0.07292296555607043,-0.07656831740694861,0.03908068659391973,0.04835242494145895,-0.005606665107063317,-0.02532278872853006,-0.1221391131732083,-0.020703522812995256,0.08040751684406522,-0.06064929656610146,-0.06163470825643534,0.030159833850970652,-0.01986471037589776,-0.02692574288492662,0.23166514472921976,-0.0608525437873039,-0.0023292952692591205,-0.056733713130436195,-0.08811805025309916,0.1521903857011283,0.027300693335104646,-0.07401305967560264,-0.09938207555274287,-0.011549985769486333
27,-0.10579053851611325,0.09241810851479774,-0.08303916328083795,-0.03325143871335962,-0.09482010962045795,-0.07442454013664217,-0.06508746667317145,-0.027417982487567195,0.19948358460763235,-0.13079092934333397,-0.07615784072610329,0.1547210805385067,-0.10053154573790177,-0.07643359326735438,-0.06290160918271495,-0.14101457228643519,-0.051055296290767355,-0.05531349281725906,-0.11939137768892284,-0.01182466590431369,0.2828064117003667,-0.03612289551261587,-0.06536956764532997,0.18793266392016372,0.0008695223904858298,-0.07072978321849091,-0.136009542381412,1.0,-0.0975933921031433,-0.01921781683121305,-0.0056254094126938076,0.01690147082682352,0.06531664970905526,-0.08363841731521957,-0.09955440970021512,-0.10516606696300268,0.0691767940205803,-0.10856298864627009,0.1558997198011113,-0.1249858928540972,0.4184349210361761,-0.06627034210599156,-0.035103809816903885,-0.019527852755630896,-0.04957013084857016,-0.03830656960003377,-0.07386843717421582,0.16354951678367594,-0.021332427478642897,0.029046888697477354,0.030461349118581404,-0.03479962201499262,-0.05730518506449174,0.1580302060373423,-0.07524905067228707,-0.06529691580626727,0.2968236238813716,-0.07024572000671961,0.03590250626375325,0.3668003481646048,-0.1307185811463129,-0.03817517443273162,-0.06203054443764723,0.0798489044872433,-0.01571650645453458
28,0.19856259915984065,-0.04516332980332432,0.10415493454479513,-0.07649507071578358,0.18630947393475966,0.12353261202315188,0.0034244487733121765,-0.06712596238211649,-0.034968929160146565,-0.037907579852218154,-0.06178153066350167,-0.04866663135344679,0.04266278285015294,0.0775163940584527,-0.048034168549047115,0.05242803832104436,-0.036740425041412006,0.06638178962929749,0.10657734253075196,1.6072107336854904e-05,-0.07631235715268248,-0.013754670870952796,0.3056872106420884,-0.027838212023332688,-0.08858715488916993,0.1281959103718981,-0.0184880480193853,-0.0975933921031433,1.0,0.07345968386908253,-0.014978320861800433,-0.03261588347055793,-0.04090645127322987,-0.09605082781348527,-0.007328983701158668,0.14886925210471041,-0.1009644573438006,0.13347271574161076,-0.12747860646711412,0.11927109763996378,-0.08540101815399254,0.2149511477822245,-0.06420249314405664,-0.02500668134552972,0.09796442889799879,-0.027398484500835624,0.19007163820640294,-0.10074687610808439,0.007974580002286262,-0.0744658094019484,-0.06777202922330593,0.011712556069915187,0.018171303368780506,-0.05009126222233097,0.06535955625013318,0.07220932281280952,-0.05530937720283141,-0.006161501651188473,0.014242249377910073,-0.06704705094829452,0.2267345922837678,0.1960129240074434,0.08400686052532651,-0.05953424025464285,0.01505973600788989
