,0,1,2,3,4,5,6,7,8,9,10,11,12,13,14,15,16,17,18,19,20,21,22,23,24,25,26,27,28,29,30,31,32,33,34,35,36,37,38,39,40,41,42,43,44,45,46,47,48,49,50,51,52,53,54,55,56,57,58,59,60,61,62,63,64,65,66
0,1.0,-0.04881842538092343,0.13038544205773406,0.04719035412520257,0.20702644221791638,0.024930780244021566,0.17291462115829057,-0.03509581480395077,-0.05595429855322033,0.14377673560772064,0.01958685063060336,-0.05513349691583086,-0.08588056062149357,0.037249031627910476,0.002493477094221991,0.24826977234974004,-0.08277701369818624,-0.03161156368098758,0.11938770510551128,0.0019843748943846316,-0.10770855903523799,-0.02623485646712352,0.24504264414409474,-0.06323280401923187,-0.028026597518779527,0.10602863709150495,0.2403801851041,-0.10222925495780008,0.16009386874625398,-0.01852596363874735,-0.02253463593465179,-0.027265840607772783,-0.09718617969410027,0.37760782695337913,-0.08367706385399792,0.0677008845154222,-0.08313344372790582,-0.024869903726860827,-0.10297444355247692,0.3063356990027044,-0.07336156085700532,0.22060243965786616,-0.05322954833411437,-0.038241512775486014,0.05770217669472512,-0.0370780111817698,-0.00015736217384504717,-0.03653282937022307,-0.018254027579695985,0.11444258243723232,-0.02566151971384697,-0.036804462596975965,-0.0010821710691689447,-0.03201987853206641,-0.03505314575905688,0.2888914556876695,-0.08045838688062255,-0.05760286236672245,-0.04753476743960482,-0.06604720698597627,0.3151730994592541,0.1265294868856841,-0.08326824001236326,-0.10956399343873018,0.0114374634246487,0.2673337941858562,-0.0532887597404884
1,-0.04881842538092343,1.0,-0.04293241513252698,0.001869983379820217,-0.04726668364836922,-0.020799806424718507,-0.03230332660389658,-0.012599422426936426,0.011759264259028384,-0.06428262389232525,0.03930781060501498,0.502240219980062,-0.05835514849203148,-0.04156571419530534,-0.027310395583960673,-0.06933910177878763,-0.005212321315552577,-0.0232145186778666,-0.062288262061424106,-0.005544702924305034,-0.02935388775243911,-0.015557629188381685,-0.029505083586266224,-0.03604919927721817,-0.0033062605735904617,-0.030220460286679955,-0.059069542398443205,0.0873793537644121,-0.04450173592716174,-0.039487658362817646,0.02757293432544705,0.2346600175637772,-0.036870721474182425,-0.01637818086573763,-0.04923766591321181,-0.03377370659552384,0.011321763394491221,-0.05692369032938701,-0.003975631731399925,-0.05399629788725453,0.22153391003144046,-0.03636610858243063,0.025053417984620966,-0.022774172203494553,-0.023986476969439872,-0.0026426559449200518,-0.03634608107424091,-0.020681426466099287,-0.012532617176149119,-0.023524708822927412,0.36720952759788683,-0.023593324707525707,-0.019900613395983462,-0.012960470859167307,-0.05095224781439778,-0.03585809142393084,-0.0261725567995751,-0.02996342212909284,-0.02418073207978597,0.061052454603952255,-0.06224490669209612,-0.010041639954755995,-0.03993096201213883,0.18418474228291207,0.001463142796655107,-0.03566974090159732,-0.013613829687704417
2,0.13038544205773406,-0.04293241513252698,1.0,-0.11558006176385872,-0.046236337968784805,0.1351627790208132,-0.04824365919991294,-0.09072597370846226,-0.04523642012450245,0.5452094837859325,-0.04776198513147291,-0.04706033876379748,0.12846588474441994,-0.08896499749339626,-0.06662055300278043,0.36191832527567114,-0.043639091911176285,-0.04983257878875169,0.11041848988392082,-0.0074002655765277705,0.037906228150111985,-0.04038640280283269,0.040387187199768554,0.1980941468903103,-0.047290699340247044,-0.012443957235113491,0.12265294940997938,-0.0788962691247922,0.10343997972286623,0.07957427102569489,-0.020873046030927222,-0.025117892866037925,0.2622583548662978,-0.015282229083794134,0.10882586143543861,-0.05145465519505578,-0.05171003740068174,-0.044818090330810356,-0.07006209966044964,0.09124859955617264,-0.06049446499387018,0.10798134038541474,-0.04429351787907586,-0.058448651807297525,-0.0160310707223127,-0.049603336676458824,0.13037192091925986,-0.04771443977234768,-0.0092659587549007,-0.0932145153009073,-0.03615910632600366,-0.02137125692473367,-0.06589936676112942,0.026078519435098847,0.15193109405313104,0.2975556334138864,0.03831835342639811,-0.012770750509058664,0.033672685361840766,-0.05165765750139604,-0.018081161216566218,0.026703203858591935,-0.0040837224885173825,-0.09575044807699037,-0.013109110278687683,0.3911922136285687,0.027805211989059803
3,0.04719035412520257,0.001869983379820217,-0.11558006176385872,1.0,0.09429116960870484,-0.03983048432467125,0.21823638489427716,0.5349870200790057,-0.015841885023205125,-0.03160568263062822,0.35982691151037516,0.005829327940187149,-0.15323967667794053,0.00018610188620704106,0.34726416104387625,-0.14300990724353074,-0.061949782012489546,0.22223862607622014,-0.1561410638266313,-0.015650260184470462,-0.11010103284320005,0.167238827377392,0.05881817611321963,-0.10578479117363696,0.3790029595894888,-0.05369496163714912,0.3047393899229687,-0.03170566339201354,-0.07537777038320466,-0.07743870067635428,0.09088586336272492,-0.008997738439893904,-0.08293318856337514,0.4535424918789978,-0.13532955929582968,-0.08879138025246887,-0.05115108874908639,-0.08745816866658504,-0.052800579292646754,-0.03530387310287245,-0.03777339599638348,-0.08148305418694639,0.03737932065574979,0.24903293735122767,0.05712459320699856,0.2002272203512756,-0.09053010086489356,0.18569388278229473,-0.03482188555707208,0.33539594418489893,0.007041715622799454,-0.07102954600295164,0.36157757411600977,-0.03901311005173128,-0.09162259249023694,-0.04533139635970168,-0.0051221470483140226,0.04300295756051224,-0.07477649472375772,-0.013986435518358698,-0.11009437887952007,-0.02143387625670906,-0.11610366027130961,0.09564814910883183,-0.010356501648268492,-0.09222111224327395,-0.06514701280774068
4,0.20702644221791638,-0.04726668364836922,-0.046236337968784805,0.09429116960870484,1.0,-0.03670357150083728,0.4246686007559922,-0.029347457856122888,-0.05044627735863824,-0.045822948081358506,-0.03484809517342116,-0.05186271858569426,-0.13826525571237427,0.24930099619049464,0.039439197834142466,-0.056143509329380545,-0.07349120420172271,0.04455435172997063,-0.09681348360895586,0.014029339152255401,-0.11583506579106084,0.041305462517128744,0.49176377734892807,-0.09088221315472336,-0.052367999454975424,0.2913807673609133,0.14146259346188694,-0.09472947897375256,0.1721509246535518,0.2755925913914996,-0.018633731028967048,-0.026049555569706447,-0.07517394960929416,0.15703697783625978,-0.10948544440731584,-0.022980188904772023,-0.08583625909440185,-0.12222560586199112,-0.10123445009327037,0.23407304588960282,-0.0703673392265094,0.2474105112454758,-0.05725252853785432,0.02943048047096048,0.47906111182794875,0.06149789323287859,-0.0017429267175776077,-0.020528214178630856,-0.023213013085938327,0.18409312372095032,-0.04951014338896648,-0.06013128770225486,0.2003264519732377,-0.0456300235585312,0.30790561248351944,0.04036626144536904,-0.05617179234118304,-0.096119299929742,-0.05925777082975536,-0.06214563781972507,0.25992581303655676,0.2410281303050067,-0.08818284725590415,-0.09384822648890213,-0.005951666692601008,0.06988951118809417,-0.037112350964997
5,0.024930780244021566,-0.020799806424718507,0.1351627790208132,-0.03983048432467125,-0.03670357150083728,1.0,-0.03691419943996567,0.0027373886042734268,-0.027387987498037385,-0.007561124008369637,-0.02773871893336917,-0.026210304639914382,-0.04048324101107169,-0.05298821653084661,0.04355634255298851,0.08043279835078528,0.01714918199194971,0.03865985887551256,-0.038096219199964004,-0.006274223043861926,-0.05405806581666135,-0.02111015143936587,0.013447907866164356,0.03721937989740913,-0.010871488331810007,0.04423416456454289,0.07708732078236008,-0.0451718590139689,0.05983312354792808,0.08418505239566575,0.021808260827544227,-0.014796017401371158,0.007770691550109336,-0.00378091739341752,-0.049779876343081356,-0.015515706340382799,-0.04099545931173372,-0.06741096969549407,-0.05832867556700314,0.039920820187733914,-0.04001468777014097,0.13938613821711632,-0.03519202699337151,0.05423156939292244,-0.019009783184200286,-0.005798980373274905,0.046403392729274656,0.12773041416892283,-0.013622033015477819,-0.04830602103156717,-0.03508128164378973,-0.03322081648426041,-0.03118862576243254,-0.03072542715143351,0.04512574941238816,0.1649877193778565,0.05448221831681707,-0.05358791005985994,0.0019593138320805215,-0.02421385143700416,-0.0572026451794316,0.04052180987020417,-0.04556385087341734,0.003749525586503855,-0.009545329112275262,0.11444234287759242,0.007532929524174723
6,0.17291462115829057,-0.03230332660389658,-0.04824365919991294,0.21823638489427716,0.4246686007559922,-0.03691419943996567,1.0,0.0741731507465599,-0.035496047663571895,-0.03151069204079619,0.017336412160811443,-0.037114213264823816,-0.10030032999162766,-0.06985600620442245,0.08296078858169276,-0.04273272412646707,-0.05118328970328867,0.08227596951917425,-0.07211999759084872,-0.0034761707603188172,-0.08074427883712593,0.029088749140029468,0.26474345503817526,-0.06385367752437751,-0.03469592868741678,0.10258063122193772,0.09010345295289349,-0.06563369781318137,0.004785951942611085,-0.02750607576545066,-0.014711019114632715,-0.018306212280463023,-0.06611780254182803,0.19728716151001935,-0.08209558781964003,-0.055000962016172175,-0.06642636785236335,-0.08436494047458454,-0.07020555424053357,0.12074030669815268,-0.049043957637082004,0.0919751067848941,-0.04362818410365711,0.011772188005880386,0.22450750513796058,0.10504527179513613,-0.04151296097691709,0.09707709137904685,-0.021379319690159923,0.318789244307892,-0.02403116866501203,-0.042980532918715876,0.4744651888129587,-0.026146077052619884,-0.029624669791021567,0.088271250498942,-0.04753026449730445,-0.07186068715020077,-0.04812842355638816,-0.04366412977805612,-0.02474466149492899,0.0881984071053395,-0.0659927128094249,-0.060214606299016565,-0.012140791068814155,0.02345263093066777,-0.0405668583763785
7,-0.03509581480395077,-0.012599422426936426,-0.09072597370846226,0.5349870200790057,-0.029347457856122888,0.0027373886042734268,0.0741731507465599,1.0,0.22623322505763901,-0.015672705673620706,0.19789264844380827,0.017977077726083566,-0.11254651470329176,-0.06418785802800799,0.2764468751618141,-0.12172863771581158,0.13685108617090602,0.147067688495317,-0.12899170706108914,-0.015133351388126147,0.06345310129428003,0.08387278784109342,0.0671356847669839,0.06269372046876187,0.3395283476163192,-0.07040956227112836,0.08157074178759977,0.028691302826184963,-0.0733686284588819,-0.06250753740875506,0.02064028691587349,-0.0008021778389446475,-0.018453673953738942,0.3939447475222399,-0.07836275249357678,-0.09818620296061788,-0.08344046166186128,-0.08874037393876656,-0.09992113016306307,-0.08371385644920937,-0.04750547180956474,-0.08059358327511965,-0.05568299997301571,0.22560186457785614,0.02515705088174436,0.13574123536133847,-0.08187024147492979,0.34306370796237007,-0.03244688577022234,0.1660385983118126,-0.060444268901148554,-0.043190158161194134,0.17573447775703607,0.029056456834973925,-0.09784729024617547,-0.04694970597823059,0.2361933807068574,0.02650870803075945,-0.045370236691202444,0.047221041098658934,-0.1367802707428511,-0.03759899913329,-0.06824508197442891,0.06362066366479074,-0.015774727631696715,-0.07743902187753939,-0.03739745525395281
8,-0.05595429855322033,0.011759264259028384,-0.04523642012450245,-0.015841885023205125,-0.05044627735863824,-0.027387987498037385,-0.035496047663571895,0.22623322505763901,1.0,-0.05420971979089203,0.04182020519904241,0.07488736999023846,-0.06551614804419903,-0.05847240581414877,0.01485598178263297,-0.06788969613732734,0.2855823536752983,0.01727055859965344,-0.0742387206309006,-0.006999293108108999,0.13706285242025015,-0.009195450989286995,-0.025770304782837643,0.10978394133726041,0.03597826094539325,-0.03910522045513053,-0.06445333972981271,0.19500726887331132,-0.03553191123373228,0.005213722548897185,0.04894013602423608,0.008565350037628393,0.03473115666196962,-0.035434375989614235,-0.05036351190379354,-0.05490858222081887,-0.012236120758348217,-0.06624590820395543,-0.0404380380180159,-0.06731366923756865,0.030884491692659756,-0.03963495508359606,-0.030662110495626765,0.026376036942370222,-0.016038351751924355,0.004292472107680042,-0.04268025339210146,-0.005794234641352104,-0.016489843554005137,-0.03498330382985785,-0.03286294452216912,-0.016031786927844207,-0.02700782252494365,0.047785843689391046,-0.037917362937235743,-0.03493661364154279,0.3694835406123452,-0.029294401128109153,-0.023191665180851757,0.20337763577842305,-0.07714920946365457,-0.01992040128649649,-0.04267467942699897,0.04051435413709824,-0.01073254432089103,-0.04084096973594972,-0.0017116089469029951
9,0.14377673560772064,-0.06428262389232525,0.5452094837859325,-0.03160568263062822,-0.045822948081358506,-0.007561124008369637,-0.03151069204079619,-0.015672705673620706,-0.05420971979089203,1.0,0.09532243530799923,-0.06355205242452958,0.29360165107661595,-0.04228578588362291,-0.04886790229482522,0.30849008369706965,-0.07452642948091551,-0.08439745916107273,0.2237249518047851,-0.01473932563102285,0.10325635334208247,-0.06121411660495117,0.025355864161439968,0.23554674963085395,0.003677544997399026,0.012312374826426449,0.20817591505449784,-0.12939487549454448,-0.038780101179162745,-0.030531560277865088,-0.029281608544049473,-0.04029431963350642,0.10425120064597099,0.08723104869062255,0.3375500921482847,-0.005803319696700173,-0.08505693855982163,0.1261063137535425,-0.11410063161388947,0.23389799972716133,-0.0965366496259748,-0.029608431478000945,-0.07521278218193106,-0.08097201578467483,-0.03147533438017567,-0.05764873910208907,0.0010892063615501046,-0.024707465751925308,-0.016511800175874683,-0.03190758796288512,-0.07722654424409334,0.023717247380925777,-0.07335651786876829,0.10566972972740707,0.04230919330618314,0.3082856012513568,0.011629715108349648,0.12963191389870415,0.03770668062626451,-0.08856807160459626,-0.013777489301102393,0.017061025805581297,0.20777425360248097,-0.14031284356470436,-0.01857541199218534,0.3110096858424478,0.011742410350681088
10,0.01958685063060336,0.03930781060501498,-0.04776198513147291,0.35982691151037516,-0.03484809517342116,-0.02773871893336917,0.017336412160811443,0.19789264844380827,0.04182020519904241,0.09532243530799923,1.0,0.10099948053771791,-0.08378071630721554,0.008025982952164449,0.03215715985085428,-0.07094801645181711,-0.002031261534475196,0.052192132023560045,-0.0739536859473202,-0.010884331777693951,0.024403225553259064,-0.01671047551108113,0.0009283103113997809,-0.051807655588995555,0.30111446693849114,-0.026497167782851706,0.25616552320009206,-0.07519198945454861,-0.06242577499134001,-0.07267663717986925,0.044942521363932425,-0.023837340027419825,-0.03401190956112813,0.2931877528659853,-0.04665377818714385,0.06858188416864833,-0.025363527457654127,0.044726430529794116,-0.10865105516941156,0.12466402325236756,-0.05842662223268039,-0.07470302002615596,-0.059276559677715675,0.021299301413185028,-0.02461404304400535,0.05558917887948436,-0.06579878140116943,0.10077123735650326,-0.025024965354854475,0.1665315242889729,-0.05031556684376112,-0.02533084335453816,0.02481549877709978,-0.029097207152478568,-0.06982387539901758,0.005926442749343879,0.06723697658414576,0.2900765413942143,-0.0487012461327829,-0.06565106011151317,-0.0883096003981861,-0.02278122467282227,-0.07418961339745231,-0.00886922232457063,0.005616643228229461,-0.036963242878395544,0.012880167332285156
11,-0.05513349691583086,0.502240219980062,-0.04706033876379748,0.005829327940187149,-0.05186271858569426,-0.026210304639914382,-0.037114213264823816,0.017977077726083566,0.07488736999023846,-0.06355205242452958,0.10099948053771791,1.0,-0.05883333548382559,-0.042929564657853664,-0.03476864963443124,-0.0748494065572127,0.05958379356292068,-0.0262396955144705,-0.06761625570050578,-0.003291696745272467,0.03609800459686435,-0.020974356362332868,-0.034538673908243986,0.013351063346648057,-0.012430760655367558,-0.03579127679567572,-0.0722191492532013,0.16317766977413933,-0.05057586460421383,-0.02842765725800173,0.012038645594811322,0.06282173373574354,-0.035746590864911526,-0.027250834820036,-0.04497588447250059,-0.04662395894400992,0.12012969261491752,-0.06095552143039708,0.029647408507413823,-0.060889512226725784,0.2793991984865572,-0.0373630449483006,-0.0007406651786642715,-0.024612576566737567,-0.027183170823519093,-0.011730816021575042,-0.04028782400330773,-0.026065137252245928,-0.01488398249920939,-0.038942917581292605,0.06456797227433414,-0.02270508360648977,-0.03063697483507752,0.005911106148522284,-0.05097882754464493,-0.03811339362719478,-0.004900656872576133,-0.01257490591619295,-0.020995581302746015,0.13046041697975652,-0.06782331294475999,-0.018291006133582685,-0.036768529009202286,0.13262518176104776,0.01090566947968715,-0.03944182219469299,0.0002359237500720677
12,-0.08588056062149357,-0.05835514849203148,0.12846588474441994,-0.15323967667794053,-0.13826525571237427,-0.04048324101107169,-0.10030032999162766,-0.11254651470329176,-0.06551614804419903,0.29360165107661595,-0.08378071630721554,-0.05883333548382559,1.0,0.1344143642566974,-0.09819636137651508,0.3514647730017164,-0.0961512033675177,-0.0911218729008546,0.562205254046606,0.01454157557578599,0.20427032819190605,-0.057742161848291104,-0.09558579514764315,0.037359191051832885,-0.10032065717789077,-0.08812969157935124,-0.07785540801249537,-0.10169910804566232,0.06410941239158034,-0.04071299539581057,-0.029464842322690945,-0.036186656857534936,0.15384078198944517,-0.17912211928165178,0.4920878327429358,-0.019416394120445664,-0.020689710046186173,0.49882553048274253,-0.06003822352455557,-0.011004160686597096,-0.07877761768622873,-0.09243921048867326,-0.056357540343771606,-0.08870947715142377,-0.07083582325541812,-0.07383282355598783,0.0029469460599602384,-0.11328750825858608,0.013914562955433227,-0.12802703590635467,-0.0756971587374487,0.10141251831934875,-0.08146937941378778,0.04801629567593406,0.11064944903594415,-0.08655401611308079,-0.07307677841756037,0.2346890204551851,0.0860564527017638,-0.0811205296853728,0.15185053209880783,-0.04628596493785821,0.6595683899462965,-0.12892445604262293,0.0033535141499259173,-0.07297402641747538,0.037958757813319664
13,0.037249031627910476,-0.04156571419530534,-0.08896499749339626,0.00018610188620704106,0.24930099619049464,-0.05298821653084661,-0.06985600620442245,-0.06418785802800799,-0.05847240581414877,-0.04228578588362291,0.008025982952164449,-0.042929564657853664,0.1344143642566974,1.0,-0.05216572160182073,0.02035902888527928,-0.09097409810511767,-0.07304810385364278,0.13545701642133695,0.06950700998828581,-0.0726515706476639,-0.05085038556371349,-0.07941349478681084,-0.11087898302963534,-0.018093398840984574,0.03843866909122375,0.07276596961004861,-0.10138240807872892,0.13401388518896468,0.30274627559816214,-0.0130934571363652,-0.030126023675809598,-0.071682213196739,-0.029107788689795314,-0.0011587964842133735,0.0745698359131729,-0.07709746284906105,0.2234643005183062,-0.10340522367887064,0.02424311047360879,-0.07434675239710223,-0.0816159197041219,-0.04458963071095397,-0.08170295600860526,-0.04302975241919621,-0.027265383397243194,0.043614039608123385,-0.08935391294516593,0.013639536094050182,-0.0090305477483225,-0.07644857997636319,0.008434601174345595,-0.02634041408386491,-0.051794109253104,0.5458691263270441,-0.0842764409091718,-0.10438135733956899,0.026691846315669805,-0.029583433370289142,-0.07112680457772041,0.6566678702389865,-0.028680249576493254,0.08242827730465686,-0.10336284346105457,0.012423823051619865,-0.05601336718601303,0.04915882231836772
14,0.002493477094221991,-0.027310395583960673,-0.06662055300278043,0.34726416104387625,0.039439197834142466,0.04355634255298851,0.08296078858169276,0.2764468751618141,0.01485598178263297,-0.04886790229482522,0.03215715985085428,-0.03476864963443124,-0.09819636137651508,-0.05216572160182073,1.0,-0.09578133432320211,-0.027769087559393148,0.15626024535019067,-0.09194900414999069,-0.009938723058108025,-0.0708567888368742,0.14642195105728023,0.06606231421901229,-0.0572782277998749,0.08832083535875107,-0.047681665717488095,0.07444453180645469,-0.06284478614698034,-0.04913590417660203,-0.0626505696391988,-0.00809303878549878,-0.01148227384249881,-0.07271284896557595,0.08371707296797536,-0.07876480675836163,-0.07916213415164416,-0.06924920863972467,-0.09705662654699533,-0.06856667050734849,-0.08828571510250396,-0.048348410958636436,-0.040861995587780364,-0.03653355442264228,0.48640445881288985,0.10976446941155499,0.13176679423900933,-0.05448099807518833,0.15369658309486217,-0.021740563846044395,0.04967417660683307,-0.034702938003163465,-0.04234570068296768,0.11688923221636888,-0.02424271155036164,-0.07380252448089936,-0.013985737640798591,0.11794938145832412,-0.06544684750606436,-0.0416913340546988,-0.041890482759015274,-0.08854071943528716,-0.0129256254933052,-0.07009516669779482,0.040582206408735944,-0.015744689878049743,-0.05009864649918429,-0.04063469740598367
15,0.24826977234974004,-0.06933910177878763,0.36191832527567114,-0.14300990724353074,-0.056143509329380545,0.08043279835078528,-0.04273272412646707,-0.12172863771581158,-0.06788969613732734,0.30849008369706965,-0.07094801645181711,-0.0748494065572127,0.3514647730017164,0.02035902888527928,-0.09578133432320211,1.0,-0.09875970300399645,-0.09394206479134826,0.5541422817616823,-0.008255342141890228,-0.008067992117932386,-0.06216273255963389,-0.006871290479543175,0.07170532799349366,-0.10194718352030732,0.03874748445449995,0.05780797679892012,-0.1380238044520404,0.043399251477290304,0.06908146271629434,-0.03256264831158772,-0.04070241632705051,0.18311862187896116,-0.03950956168889905,0.1284510041507328,0.17862269949269494,-0.0911564302115867,0.3511881337942884,-0.12461640928235834,0.19665317842008073,-0.10232011294406868,0.07378743804566426,-0.072826525646545,-0.09037704400465879,-0.046139879996800526,-0.07123098822992886,0.039018791026271565,-0.09840053152917591,0.002148060888889403,-0.10916654244357815,-0.08813066320201503,0.09899223738665006,-0.0869356151642272,-0.025327220970453437,0.09216713843002816,0.09356322823125807,-0.05753750977244102,0.01430110148196961,0.10740447504830467,-0.09189432881908262,0.11180206444080834,-0.011577081402921612,0.16389534733035996,-0.15964748888995348,0.012035433830108404,0.14895447958808286,0.013259983092471889
16,-0.08277701369818624,-0.005212321315552577,-0.043639091911176285,-0.061949782012489546,-0.07349120420172271,0.01714918199194971,-0.05118328970328867,0.13685108617090602,0.2855823536752983,-0.07452642948091551,-0.002031261534475196,0.05958379356292068,-0.0961512033675177,-0.09097409810511767,-0.027769087559393148,-0.09875970300399645,1.0,0.07850876399188048,-0.09688388053026611,-0.0105036271346961,0.09306730781168013,-0.029149018883459377,-0.01719111984691934,0.22478023519739346,0.08804612818492102,-0.043197052706933685,-0.06182209887806607,0.29993877605512487,-0.0620822836523995,-0.0016364208343498956,0.05150090971502453,-0.0010562107860487757,0.15995245834721472,-0.10255552800210416,-0.06516107099034607,-0.07403459686300307,-0.06014162872966317,-0.09515154552763566,-0.06374779532207314,-0.10363183810621428,-0.03693881739835447,-0.05006591959346912,-0.0412904194776276,0.09924061427022499,-0.04059699796337663,-0.0019086537518220338,-0.05671526137468283,0.3263326548749841,-0.0062745657619399505,-0.06829909420926632,-0.04657780157514392,-0.03870247319575515,-0.0401803368873709,-0.02756807203156004,-0.014301793619503464,-0.016029644375656224,0.6254906693340692,-0.06566214774717909,0.06984675973873218,0.18191805117913828,-0.10913469666800804,-0.028202058342141727,-0.027612075298068146,0.14126333427895177,-0.017548567814025133,-0.05747647633210723,-0.03535340647578014
17,-0.03161156368098758,-0.0232145186778666,-0.04983257878875169,0.22223862607622014,0.04455435172997063,0.03865985887551256,0.08227596951917425,0.147067688495317,0.01727055859965344,-0.08439745916107273,0.052192132023560045,-0.0262396955144705,-0.0911218729008546,-0.07304810385364278,0.15626024535019067,-0.09394206479134826,0.07850876399188048,1.0,-0.08811922264543232,-0.009034863214941014,-0.017156865220984516,0.4404586808536839,0.07440360848134595,-0.056455082705003476,0.09699117793293731,-0.041183057343454066,0.038254284486396936,-0.05120366925848745,-0.03773637603187463,-0.056310138463251135,0.026668708278018906,-0.008131744007390392,-0.06322818753528431,0.07958136900122563,-0.07377321365989112,-0.07189185886214028,-0.061619299338285485,-0.09111564827644426,-0.06229760009278751,-0.07597904752178944,-0.044220924095033885,-0.02635150577206118,-0.025083936305983226,0.33373943915769716,0.04947082974374767,0.2622856310776246,-0.045662794930026264,0.21462818533142125,-0.019871997687934427,0.2150702408963575,-0.03553829160215615,-0.03883413626272593,0.3439307339569496,-0.0379930185216291,-0.06612418036378322,-0.00278699209029337,0.13840387515799144,-0.06064060685164238,-0.034132413255248156,-0.024542554400955804,-0.09144826036869853,-0.009610174917984831,-0.06591857584135485,0.15364422965002084,-0.01165986470929277,-0.03133064725815224,-0.0394375712512153
18,0.11938770510551128,-0.062288262061424106,0.11041848988392082,-0.1561410638266313,-0.09681348360895586,-0.038096219199964004,-0.07211999759084872,-0.12899170706108914,-0.0742387206309006,0.2237249518047851,-0.0739536859473202,-0.06761625570050578,0.562205254046606,0.13545701642133695,-0.09194900414999069,0.5541422817616823,-0.09688388053026611,-0.08811922264543232,1.0,-0.0032703524911975243,0.02135955865915859,-0.05790970891306543,-0.05739818141242395,-0.0374955652827373,-0.10846105134921027,-0.05041285793886746,-0.03374218637840363,-0.1237826733480362,0.10779015340149435,-0.050646042706893345,-0.02990082470769636,-0.0365115797401167,0.010623063849463734,-0.07384297256837646,0.25108984025460757,0.20760875223567926,-0.07215851205075585,0.7243610244695619,-0.10159470096420467,0.11747576178595505,-0.09035811894832665,-0.04563155672691171,-0.05649957497074105,-0.09068314284159108,-0.06444513815644207,-0.07150389467954259,2.587831483247434e-05,-0.10798830996895581,0.012162535105831741,-0.11651349929621663,-0.08026918076950988,0.16442393181683396,-0.07821263126014683,-0.03634080866252328,0.050564782937531215,-0.018017361241883845,-0.10967785081277814,0.14863849847716332,0.1360394609772918,-0.08245715114605245,0.20424853518356229,-0.033834494432553444,0.3374061595089237,-0.1441632599229969,0.055753965241635894,0.01845278814744839,0.006876166841164331
19,0.0019843748943846316,-0.005544702924305034,-0.0074002655765277705,-0.015650260184470462,0.014029339152255401,-0.006274223043861926,-0.0034761707603188172,-0.015133351388126147,-0.006999293108108999,-0.01473932563102285,-0.010884331777693951,-0.003291696745272467,0.01454157557578599,0.06950700998828581,-0.009938723058108025,-0.008255342141890228,-0.0105036271346961,-0.009034863214941014,-0.0032703524911975243,1.0,-0.012502398869331254,-0.005769080823499934,0.007660295608440369,-0.013696037190677883,-0.011424688302948658,-0.006116339209019518,-0.007138939936676779,-0.011623848629932255,-0.0002827282888403322,-0.0029537045976655027,-0.0029766836331024003,-0.003558258762033843,-0.013477870830268492,-0.013154718806293259,-0.009139346396994836,-0.01308304565858707,-0.002308194729451444,0.009204705290723843,-0.01049394127460798,-0.01214081434100674,-0.007013674116714703,0.0254359957923444,-0.0042385161944038545,-0.009217635620273851,0.04039195472147916,-0.00693279569576564,-0.005309760126246338,-0.011978521021605314,-0.0004046194815028239,-0.012635366184825511,-0.007611163437650782,0.002664083928445203,-0.0030669847954915533,-0.008104983716289297,-4.06947323967205e-06,-0.0078049013141135645,-0.01280181889605598,-0.00910617863504085,-0.008533795389744778,-0.007887047213640435,0.012909057601437698,0.0017396100330477528,0.01636196363432666,-0.01156645082166189,0.0016709202939402226,-0.007744313798206441,0.004386643491741982
20,-0.10770855903523799,-0.02935388775243911,0.037906228150111985,-0.11010103284320005,-0.11583506579106084,-0.05405806581666135,-0.08074427883712593,0.06345310129428003,0.13706285242025015,0.10325635334208247,0.024403225553259064,0.03609800459686435,0.20427032819190605,-0.0726515706476639,-0.0708567888368742,-0.008067992117932386,0.09306730781168013,-0.017156865220984516,0.02135955865915859,-0.012502398869331254,1.0,-0.04562121894347841,-0.0706153311557284,0.28503146429491033,-0.04855043322012158,-0.08421472984504913,-0.12443236657885413,0.28502693793828304,-0.07179844279372843,-0.04952552882670613,-0.02091231197995111,-0.026200826669711894,0.1211671775090572,-0.14999478206322525,0.3780854828633151,-0.06346932760231186,0.11451476865392879,0.028663439317868113,0.06294987135411496,-0.047364717764556974,0.0695577066855047,-0.0866749029197369,-0.046512871810320315,-0.03812670855101668,-0.05908666670196318,-0.059128538201603784,-0.047135183608721334,-0.06295519838341773,-0.025733443233705813,-0.10834386762252933,-0.05029823963226119,0.0717015959974991,-0.07190570018087847,0.39885178493250406,-0.0511283786431136,-0.07171855392033806,0.08640536982265253,0.2734044802580403,0.05297435853772663,0.008515272163569145,-0.11355805662124377,-0.039904608903054584,0.12288489172909008,-0.007466040251222365,-0.012487600575799555,-0.07421412643926353,0.06754177877344564
21,-0.02623485646712352,-0.015557629188381685,-0.04038640280283269,0.167238827377392,0.041305462517128744,-0.02111015143936587,0.029088749140029468,0.08387278784109342,-0.009195450989286995,-0.06121411660495117,-0.01671047551108113,-0.020974356362332868,-0.057742161848291104,-0.05085038556371349,0.14642195105728023,-0.06216273255963389,-0.029149018883459377,0.4404586808536839,-0.05790970891306543,-0.005769080823499934,-0.04562121894347841,1.0,0.02075552400508332,-0.040225644514864864,0.0018286362906884104,-0.030858934773589714,0.005358971710519266,-0.03636843183964632,-0.015115290515351196,-0.04123448261881023,-0.0032689409482028675,-0.001523201847653902,-0.04928798380196271,0.03481354626495976,-0.047043215533325744,-0.04540791600311834,-0.042025615772034314,-0.05808060014246579,-0.03982960388348614,-0.05561497201153896,-0.02785535664707843,-0.03167839045652522,-0.010440981681664225,0.14817877612731195,0.04074079879483437,0.6480003290213084,-0.03358769064169534,0.007282297406949474,-0.012643859772976385,0.2130031475822124,-0.02454578124386149,-0.024452271065014367,0.3450682975553354,-0.02489442406760311,-0.04803379534937814,-0.02564244717854277,-0.002616128896422607,-0.04248471662496407,-0.027641940579784,-0.022905300814588143,-0.059962196416779655,-0.0108579885418364,-0.0435233508738139,0.0922456143046036,-0.006051880502101076,-0.03313615828761241,-0.02843616709451226
22,0.24504264414409474,-0.029505083586266224,0.040387187199768554,0.05881817611321963,0.49176377734892807,0.013447907866164356,0.26474345503817526,0.0671356847669839,-0.025770304782837643,0.025355864161439968,0.0009283103113997809,-0.034538673908243986,-0.09558579514764315,-0.07941349478681084,0.06606231421901229,-0.006871290479543175,-0.01719111984691934,0.07440360848134595,-0.05739818141242395,0.007660295608440369,-0.0706153311557284,0.02075552400508332,1.0,-0.04068418347193783,0.006024480239374571,0.25958379531881925,0.10009077489383471,-0.06489889628465924,0.3094573758137393,-0.01375235100023298,-0.007927565000271196,-0.01756367127541906,-0.02935618730843562,0.24447127922768447,-0.07867740130204791,-0.06134649198775472,-0.06446640026536031,-0.07675286296576293,-0.06788083701162434,0.45299936144953556,-0.04742346343758006,0.2494966843138608,-0.03618284646518572,0.09687401219066975,0.5919401065589024,0.016296647296360364,-0.013517491652927361,0.06625624393299642,-0.019880896474782615,0.11708439237574667,-0.016147123146197862,-0.04182867843028605,0.12804639277588897,-0.0293958921923005,-0.017746905399236207,0.18006519462150203,0.02819094744454914,-0.0702159021699016,-0.03496174464850232,-0.04135163418421049,0.06632032350666778,0.3235364379062652,-0.07045456968096722,-0.03671249435900355,-0.004223186764620146,0.18941267035770343,-0.039113807227110144
23,-0.06323280401923187,-0.03604919927721817,0.1980941468903103,-0.10578479117363696,-0.09088221315472336,0.03721937989740913,-0.06385367752437751,0.06269372046876187,0.10978394133726041,0.23554674963085395,-0.051807655588995555,0.013351063346648057,0.037359191051832885,-0.11087898302963534,-0.0572782277998749,0.07170532799349366,0.22478023519739346,-0.056455082705003476,-0.0374955652827373,-0.013696037190677883,0.28503146429491033,-0.040225644514864864,-0.04068418347193783,1.0,0.010427474280232992,-0.023924435142066464,0.005365146527437657,0.20987451922224173,-0.03560401737276612,0.056381486103361834,-0.01683374529993015,-0.023253431750295143,0.29439871590763655,-0.07440316766960672,0.06420739422613267,-0.0387420566112702,-0.048725440276691664,-0.07712676216336203,-0.07305152766589076,-0.007955267929956203,-0.008793256836203526,-0.0022246088817309663,-0.05946128411011001,-0.031900420316483366,-0.04766631849482057,-0.04506661039256212,0.011420820551650496,0.013236700716489923,-0.020617898256260536,-0.08941040887755722,-0.0565865639244971,-0.010388505565758332,-0.05939521828823944,0.21568630720161092,0.05775580475040103,0.16513226188484947,0.18136003470556472,-0.025796142449777702,0.05717420350631556,-0.027226912359924707,-0.12760209993987373,-0.03280591536023627,0.0899350003050394,-0.040365273616012304,-0.022379090627289308,0.04576625693844282,0.033845552524898764
24,-0.028026597518779527,-0.0033062605735904617,-0.047290699340247044,0.3790029595894888,-0.052367999454975424,-0.010871488331810007,-0.03469592868741678,0.3395283476163192,0.03597826094539325,0.003677544997399026,0.30111446693849114,-0.012430760655367558,-0.10032065717789077,-0.018093398840984574,0.08832083535875107,-0.10194718352030732,0.08804612818492102,0.09699117793293731,-0.10846105134921027,-0.011424688302948658,-0.04855043322012158,0.0018286362906884104,0.006024480239374571,0.010427474280232992,1.0,-0.04401216200459297,0.14009905410133433,-0.0004722998873899313,-0.08862931355419443,-0.06827376411004435,0.022117349085578955,-0.0015687268964120179,-0.0204194083989422,0.36237844013316933,-0.0777923329763974,-0.06773607304090518,-0.04687370006817761,-0.05670753260757261,-0.0666891982096065,-0.0305122841507426,-0.04180267952987293,-0.0626102804969098,-0.030740613508647742,0.04005427174686691,-0.008822924111703294,0.10097109524677161,-0.061425665699629706,0.26117313787787627,-0.02164999532853474,0.22348970594699985,-0.02857408908658597,-0.04242502818658247,0.03954305802105511,0.022188666041651987,-0.07257592509312392,-0.02694023904098384,0.11531792574607118,0.07001251580204795,-0.0344555880872064,-0.020700253874746537,-0.09631141242639794,-0.026448136381864197,-0.07010378974639424,0.09805077692556266,-0.006988005474577692,-0.0571968050182262,-0.03407230833968737
25,0.10602863709150495,-0.030220460286679955,-0.012443957235113491,-0.05369496163714912,0.2913807673609133,0.04423416456454289,0.10258063122193772,-0.07040956227112836,-0.03910522045513053,0.012312374826426449,-0.026497167782851706,-0.03579127679567572,-0.08812969157935124,0.03843866909122375,-0.047681665717488095,0.03874748445449995,-0.043197052706933685,-0.041183057343454066,-0.05041285793886746,-0.006116339209019518,-0.08421472984504913,-0.030858934773589714,0.25958379531881925,-0.023924435142066464,-0.04401216200459297,1.0,0.05557490021318225,-0.07075405785010253,0.12679441117536105,0.26222128641985004,-0.011396329584923806,-0.020238363345360177,0.013587603271750053,0.081399943247241,-0.07321706130679878,0.30007954771360923,-0.06201763346907363,-0.04085931477905391,-0.07467969786650709,0.5772340142654688,-0.051878342304382624,0.06814998623334285,-0.04560171054143357,-0.046995467638030586,0.1128645721864597,0.016431196644971776,0.02817047366717454,-0.03555640819747955,-0.016488159738859035,0.05934789868277611,-0.05047817091863452,-0.04311916280171373,-0.016304725024576004,-0.036168581590185184,0.15450229471626786,0.047736739414122376,-0.017586397355654326,-0.05701405138418439,-0.03592945858401405,-0.04426180661857264,0.027438125117104348,0.24561972595394446,-0.010727694164633145,-0.07312560523095293,0.017202878549826474,0.16873559974691094,0.017303365480534592
26,0.2403801851041,-0.059069542398443205,0.12265294940997938,0.3047393899229687,0.14146259346188694,0.07708732078236008,0.09010345295289349,0.08157074178759977,-0.06445333972981271,0.20817591505449784,0.25616552320009206,-0.0722191492532013,-0.07785540801249537,0.07276596961004861,0.07444453180645469,0.05780797679892012,-0.06182209887806607,0.038254284486396936,-0.03374218637840363,-0.007138939936676779,-0.12443236657885413,0.005358971710519266,0.10009077489383471,0.005365146527437657,0.14009905410133433,0.05557490021318225,1.0,-0.1368090852302074,-0.02128601540639353,0.0534421169200023,-0.024686796530244214,-0.036847505075969386,0.004142709139506146,0.2625675421604232,-0.05296011015930959,0.08625967121877151,-0.12412879581681824,-0.04355116679325689,-0.14228339469183227,0.23357987072158468,-0.1017872976593728,0.053479995077068104,-0.0756763983139184,0.03675034610608116,0.041945999313138194,-0.0027570293111121107,-0.016201843720661583,0.055142507674369595,-0.01798304241273274,0.1702520065405852,-0.07482873672121815,-0.06444803317320569,0.01868229982584019,-0.021966488498089562,0.058044896149838335,0.21479442832452617,0.10012198592683086,0.0020161677796173474,-0.05724924393053828,-0.08891984251212293,0.10518578095375794,0.007355552982157919,-0.06352169045469752,-0.12433874772751542,-0.015214534113153311,0.12829588734728037,-0.03355928889211138
27,-0.10222925495780008,0.0873793537644121,-0.0788962691247922,-0.03170566339201354,-0.09472947897375256,-0.0451718590139689,-0.06563369781318137,0.028691302826184963,0.19500726887331132,-0.12939487549454448,-0.07519198945454861,0.16317766977413933,-0.10169910804566232,-0.10138240807872892,-0.06284478614698034,-0.1380238044520404,0.29993877605512487,-0.05120366925848745,-0.1237826733480362,-0.011623848629932255,0.28502693793828304,-0.03636843183964632,-0.06489889628465924,0.20987451922224173,-0.0004722998873899313,-0.07075405785010253,-0.1368090852302074,1.0,-0.09789542088343717,-0.018400625513423495,-0.0056572230316124655,0.017729038096078297,-0.0674130245166736,-0.11033430082496624,-0.07927305200985672,-0.0976217601113588,0.06290572518561297,-0.12164167926065539,0.15385669526595452,-0.1264337584146636,0.4191187430088318,-0.06462719424251925,-0.031734639700538296,-0.019541581759492256,-0.04928596317938219,-0.03833715904685392,-0.0739245552368808,-0.025904579339384178,-0.021108183906290774,-0.0819884056374615,0.03979805398436354,-0.032742533085237474,-0.05646951357181653,0.15841696969193242,-0.07638047749631674,-0.06622984915045621,0.06111447065372069,-0.06595452551658408,0.03726529798711708,0.37131877218156156,-0.1288947549703931,-0.0380080667708262,-0.0590169413474094,0.1652242435349417,-0.01569086444175613,-0.07381450525181421,-0.021339817651213525
