,0,1,2,3,4,5,6,7,8,9,10,11,12,13,14,15,16,17,18,19,20,21,22,23,24,25,26,27,28,29,30,31,32,33,34,35,36,37,38,39,40,41,42,43,44,45,46,47,48,49,50,51,52,53,54,55,56,57,58,59,60,61,62,63,64,65,66,67
0,1.0,-0.049124148433865686,0.13090550164799097,0.04772671044057114,0.2068497400934834,-1.3256754880338478e-05,0.17301090000858832,-0.03479482797233504,-0.05602252510594183,0.1435348138872569,0.020702750057367842,-0.05232950451849004,-0.08575470763929838,0.038039291394649635,0.0025268272675600207,0.24858068575479225,-0.08287423034818878,-0.031404937065540955,0.119944931278577,0.0017338443303044405,-0.10801321774211134,-0.02612360596503425,0.24465225194000179,-0.0632174809433541,-0.027797097951393433,0.10632308379341943,0.24158585175082947,-0.10255304716652067,0.15994526917859914,-0.018412715779350223,-0.022542415689409352,-0.027307941752594538,-0.08033858249761729,0.3783042457306161,-0.08340167557775205,0.0681588179771506,-0.08682200873890056,-0.02445100254178477,-0.10184500570146145,0.3065566803353831,-0.07385557330841228,0.22043785584356163,-0.05402285188664603,-0.03810178072878761,0.057635805600005204,-0.03703016498951171,0.024904395301439432,-0.03656369285577296,-0.018182050582295963,0.11474091026188435,-0.020627023608303263,-0.036553922921039844,-0.0008912192534226062,-0.03190443804224671,-0.03491539302946362,0.28886504736941265,-0.0474044802882653,-0.057314498067892704,-0.05224822448713335,-0.06621157649975143,0.31590088124337795,0.1265707781648526,-0.08310030932744025,-0.07125256683971083,0.011492817726325998,0.2674386412979243,-0.09698853220265477,-0.10823137250390774
1,-0.049124148433865686,1.0,-0.04313213875001491,0.0025654083560437313,-0.047607263276792655,-0.03646126377340342,-0.03242641128621785,-0.013336049600317654,0.012451067632256802,-0.06487626879525232,0.036897222956780176,0.5377770376090797,-0.058900019523666566,-0.04240238428408792,-0.027522948625065956,-0.06972924958228939,-0.004822781317270304,-0.023316051108247977,-0.06271256688857413,-0.0057963631865963604,-0.029441156904736848,-0.01585549403007047,-0.02946161305374509,-0.03588775680562533,-0.003932213840809524,-0.03045067304125478,-0.059403167579317545,0.09207351693207076,-0.04456992573105934,-0.03941785937553032,0.028134478881018665,0.22624255004825378,-0.02528774377631736,-0.018275484257579133,-0.049752058391378425,-0.03418437137273883,-0.02722681482540977,-0.05771486118494563,0.0037506145600036556,-0.05455717905840428,0.22467342072219576,-0.03659834125647653,0.022955105724629245,-0.022962009248297423,-0.024077586828665024,-0.0034448947427146766,-0.020550132486868114,-0.02075388384448866,-0.012565737688419402,-0.02412172918867767,0.37797439420164014,-0.02354522085946164,-0.020163470063341037,-0.010408060316388912,-0.051032557617397056,-0.03592506809895889,-0.023873645120399217,-0.031678022741212064,-0.014691404586923893,0.06107020378715283,-0.06307467976549735,-0.010029964090030387,-0.0400600166667405,0.08758733599246316,0.0011677367805574012,-0.0357986808711195,-0.03742418271802647,0.1831407720761048
2,0.13090550164799097,-0.04313213875001491,1.0,-0.11526993589259987,-0.04583631504192272,0.13063097426746662,-0.0480009849019163,-0.09031775466905259,-0.04518630814175882,0.5432991430861677,-0.04732595566480066,-0.044230375221696226,0.12833990944783571,-0.0884523531001424,-0.06642401865257624,0.3622749717044701,-0.043632879678930925,-0.04957600846811544,0.11063581352913666,-0.007189774374843766,0.037600537710956394,-0.040256813441576965,0.04067279758458402,0.1984874085013263,-0.04741576647270945,-0.012217691673509699,0.12363992739238004,-0.0794042105267704,0.10380621947920346,0.07984187542601254,-0.020813534733768554,-0.02509598045218831,0.03846421320207886,-0.014364489212840434,0.1088902403755061,-0.05130358442831805,-0.047498425850743375,-0.04479697997367306,-0.0716700783686404,0.0915517672519588,-0.060959788572003626,0.10841282072962487,-0.04492376826443263,-0.05827466058317425,-0.015915326530255156,-0.049416276668108765,0.13537434600854176,-0.047574889822350724,-0.009211364897753463,-0.09291239903784518,-0.03231563079534825,-0.021463521965938988,-0.06569850356859533,0.025250244137701675,0.15241459427642465,0.2980023393834911,0.03364557673320348,-0.012713338782884269,0.030042564787117226,-0.05172969124862219,-0.017584771128945426,0.02698279205505786,-0.003878583212429943,-0.054332700940224396,-0.013022334968875351,0.3916627924582572,0.2624714875290211,-0.09468227672310003
3,0.04772671044057114,0.0025654083560437313,-0.11526993589259987,1.0,0.09442901504919501,-0.09032403723604981,0.2182730689418639,0.5351038537288816,-0.016032184374106945,-0.031681527833926915,0.36161252120527876,0.006089808437668198,-0.15320432828597028,0.0002794803224114271,0.3475243738173458,-0.14303592166024787,-0.06166587041828187,0.22192456995850307,-0.15604111713476748,-0.015540679424712427,-0.1109322029684558,0.16711827084173014,0.05884662890546224,-0.10578914258255119,0.3794054817919708,-0.05362050278913098,0.3041278560249087,-0.03344350265142265,-0.07527618554019254,-0.07702252624883119,0.09066170442519794,-0.009005273802496126,-0.004984774352734336,0.4531488690698946,-0.13532941045852848,-0.08870893468166707,-0.07833379022366833,-0.08729780825056971,-0.05156362140398191,-0.03529770550751582,-0.03842677131824747,-0.08152655876723122,0.035741611445696445,0.24909300002929236,0.057164543720244404,0.2003530433651692,-0.03962086563700845,0.18585869177400324,-0.03478758694848014,0.33528508861937667,0.00882048193209765,-0.07102546291752027,0.36150813915596924,-0.03835317671187299,-0.09125130902786889,-0.04526427823965169,-0.07475120017100945,0.04277180608252673,-0.06626907658091061,-0.014111055236299117,-0.11044294304650171,-0.02153991882567039,-0.11596013486769544,0.0024722779924143687,-0.010334352031616627,-0.09216277285146221,-0.0830511624850856,0.09734371882212112
4,0.2068497400934834,-0.047607263276792655,-0.04583631504192272,0.09442901504919501,1.0,-0.0017724059385628888,0.4242437590051518,-0.029166010010743045,-0.05042853062196373,-0.046018300461985594,-0.03457048213128856,-0.04993752477237052,-0.13822238103058904,0.2495104845326176,0.039454700771442294,-0.05616431697767808,-0.07342809705714999,0.04463591553853849,-0.0967201183682044,0.014236359909501346,-0.11605822579485281,0.04098567368197979,0.49210774917963307,-0.0907479135396403,-0.05233023447957713,0.2913111139847925,0.14160296484345591,-0.09469979496861713,0.17222932818981926,0.27618422031500434,-0.01861703770384385,-0.02597792154388667,-0.055935807541299246,0.15715921297342905,-0.10931014384507981,-0.022861512970478146,-0.08641316703103225,-0.1221057650786404,-0.09969796723624133,0.23396127318713986,-0.07062203734026293,0.24745098243502106,-0.057804847799281155,0.029437212373987054,0.4796404652439684,0.060917745135535065,-0.03665092491552224,-0.020490359829422204,-0.02321426297996395,0.18415900544281383,-0.04489949983719413,-0.06008007225546751,0.200074353983087,-0.04553693395629051,0.3076328519042981,0.04036810023238621,-0.059189390516793866,-0.09624727070405123,-0.03657914210039083,-0.06223752727680543,0.26080253986076024,0.24119315140354042,-0.0880934787176334,-0.0728503037512006,-0.005930492434875143,0.06984857105838727,-0.07498355055510292,-0.09290277368594894
5,-1.3256754880338478e-05,-0.03646126377340342,0.13063097426746662,-0.09032403723604981,-0.0017724059385628888,1.0,-0.041503381375941076,-0.0817750580430826,-0.04258390524945939,0.0006384820553355756,-0.0650217646982026,-0.03765008287894602,0.00297960011197659,0.043917918327923425,-0.054516085581764594,0.039046079553797505,-0.056666942332256345,-0.04560720277558518,7.558132483898548e-05,-0.005176393385648643,-0.04707263313374782,-0.03357229352706306,-0.013488596032266875,0.01144030716785452,-0.06150503381698118,0.028195604582210886,-0.016312036883005112,-0.0737774257677796,0.19065485348084227,0.06860450208595117,-0.01737161856557811,-0.020723196265256448,-0.03331101571709169,-0.047508981678062556,-0.035911767646109934,0.06595550990394532,-0.054491085333134855,-0.012601388894984987,-0.07525394020561084,0.01823520718164282,-0.053676222651182263,0.04436135085500753,-0.04229711914293946,-0.05209654209823668,-0.023520002873625864,-0.03393657259717329,0.04616284917456792,-0.061263250547357845,0.3000602664141303,-0.06340909235734893,-0.0486921755816465,-0.012648952991320397,-0.041678730339888476,-0.030755177756748072,0.04799884265634722,0.04677246621343336,0.0032477508476977408,-0.02951305399231069,-0.014100987633712385,-0.04752356197770572,0.046496745828688776,0.020758886681159328,0.027668437267011934,-0.05968666268352438,-0.0034923298136444302,0.08435504998832993,0.08963538925151462,-0.08469901631031077
6,0.17301090000858832,-0.03242641128621785,-0.0480009849019163,0.2182730689418639,0.4242437590051518,-0.041503381375941076,1.0,0.07439158672316912,-0.03549602579280601,-0.031548070454310496,0.017795107280381597,-0.03507902247078366,-0.10033493712977237,-0.06969827993767425,0.08289101908470889,-0.042821129614225656,-0.051184007290638274,0.08231839331507035,-0.07205236684896973,-0.003339533445649196,-0.08086674465205555,0.029089431062420734,0.2646631964216402,-0.06375032786810637,-0.03470556873318544,0.10257959688322169,0.08998340761514623,-0.06544286628593544,0.004731534191557685,-0.027446863291569368,-0.014718809713858774,-0.01826726782121883,-0.047457560226868534,0.1970120303376379,-0.08209428818599843,-0.05495833055397711,-0.06443274781074372,-0.08432308633945268,-0.06903598154773427,0.12065082284791485,-0.0490485154518554,0.09191464742650746,-0.04438126609092925,0.011644656986213952,0.22443786659041276,0.10503832593269458,-0.0369438669051189,0.09688274646695653,-0.021374163403171935,0.31884946150245475,-0.020631661021669398,-0.04293877333468468,0.4744489309805665,-0.026377470314771,-0.029649945266068015,0.0882832041758736,-0.04812346230155091,-0.07186584345420621,-0.039821585863682424,-0.043693096870385056,-0.024415204668566122,0.08826310736535038,-0.06593087703795603,-0.05545346456224304,-0.012121731149900544,0.02345343105595435,-0.06604980168981393,-0.058911949782742036
7,-0.03479482797233504,-0.013336049600317654,-0.09031775466905259,0.5351038537288816,-0.029166010010743045,-0.0817750580430826,0.07439158672316912,1.0,0.22595288607159686,-0.015711866232790698,0.19844912372820056,0.021860757116767736,-0.11279881452852884,-0.06425930369766955,0.27684814398320134,-0.1217463633889704,0.13669704161254986,0.14712193079131497,-0.12902740353754313,-0.015015191257230146,0.06334464181334763,0.08397827536662789,0.06717560737341008,0.06245575057225734,0.3395001241005742,-0.07035498773769677,0.08147988395204234,0.028557584796347582,-0.07341974477540056,-0.062371328208072056,0.020680575708625554,-0.0007838468580241842,0.23621598683254935,0.3935864766388256,-0.07828680247739028,-0.09816859445308242,-0.09445889589954914,-0.08875701360670817,-0.09842324569578285,-0.08366152451578111,-0.04731913386219938,-0.08039029666689851,-0.05738917281206048,0.22623599714096504,0.025241568433766886,0.13582278921274568,0.0028749188929377903,0.343270168968159,-0.03244262278690965,0.16602217805009553,-0.05694322755712894,-0.04312837744309016,0.17597458265292126,0.02961400692638469,-0.09769956928073521,-0.046757707677467786,-0.04529881858282007,0.026268171302453146,-0.03652588420699811,0.04630771414978807,-0.1368388110372898,-0.037516521797764185,-0.06824339771559843,-0.04898845400953665,-0.01575179000909989,-0.07735316007932015,-0.018144264537671387,0.06732739790142322
8,-0.05602252510594183,0.012451067632256802,-0.04518630814175882,-0.016032184374106945,-0.05042853062196373,-0.04258390524945939,-0.03549602579280601,0.22595288607159686,1.0,-0.05423011045792956,0.04081060037897082,0.0751902618857605,-0.065477912437784,-0.058530370591161694,0.014854162338854627,-0.06780731536384595,0.28532976311695274,0.017213324764287698,-0.07416161866075348,-0.007013940103841726,0.1382369123873009,-0.009181222115846155,-0.025712780828398313,0.10966491347388482,0.035559513182885416,-0.03903141852691257,-0.06442828491564566,0.19521643643118214,-0.035414329355358376,0.004793537245670502,0.04891247875293184,0.008611324832662439,0.36874164208508087,-0.03571129571983387,-0.050417084870954726,-0.05484177631743993,-0.013622324779720252,-0.06625870422014765,-0.04111523637100495,-0.0672637419069263,0.03085661786913169,-0.039470555346773795,-0.03104190641177837,0.026525504449169547,-0.016042404019032307,0.0042448139536770055,-0.027379289187686742,-0.005823953795705312,-0.01646783349258726,-0.03504226341482538,-0.03142378096793732,-0.016114688503566704,-0.026995663406564473,0.047550038640102446,-0.03767122610825138,-0.03492084365073214,-0.023278706918167802,-0.029513066321690148,-0.0013404677331179272,0.20135375893600793,-0.07713923908629644,-0.019882786484788674,-0.04253646182046785,-0.003027996124288583,-0.01072124404531471,-0.04081106010514253,0.03479748313370447,0.04177879730526875
9,0.1435348138872569,-0.06487626879525232,0.5432991430861677,-0.031681527833926915,-0.046018300461985594,0.0006384820553355756,-0.031548070454310496,-0.015711866232790698,-0.05423011045792956,1.0,0.09551879876890318,-0.05919024659828913,0.2960487707570293,-0.042030325328948716,-0.04900583532694823,0.3086153683791602,-0.074811766503244,-0.08449929438757948,0.2253143087818742,-0.014476119379608764,0.10480020541456687,-0.06129565642727684,0.0254448359654896,0.2353886220147044,0.003583589949097977,0.012196570357089279,0.208124207904061,-0.12956359336959292,-0.038997737841182864,-0.03104858223457612,-0.029337604561646594,-0.040287548622543135,0.011356293595964758,0.08704772167498102,0.3394121369941193,-0.005920297281710295,-0.08110362799113716,0.12725379952098032,-0.11448630736662944,0.23402537828787762,-0.09689697320345819,-0.029948160212736816,-0.07660795466400994,-0.08105057689586737,-0.031460498610679996,-0.05776108183401287,-0.008216139039641527,-0.02494859417640863,-0.01648465100987725,-0.03206626016986544,-0.07200394038255194,0.024070527396843462,-0.0734248278590281,0.10616518142011887,0.04195840926301671,0.30766140063823616,0.03778080751196036,0.130583135420211,0.01371745803988509,-0.08878502855119053,-0.013928125907211578,0.017167196591625637,0.20983804312272553,-0.0707583937441716,-0.018437911923454915,0.30977072331553024,0.10418420362578681,-0.14016864525839956
10,0.020702750057367842,0.036897222956780176,-0.04732595566480066,0.36161252120527876,-0.03457048213128856,-0.0650217646982026,0.017795107280381597,0.19844912372820056,0.04081060037897082,0.09551879876890318,1.0,0.08906084693967636,-0.08435639717882298,0.0072340380188964624,0.03213840217576908,-0.0709282759647996,-0.002701239111912473,0.05224512840428897,-0.07382780208146925,-0.011276451196983124,0.02290072486561006,-0.01674761025278121,0.001771992460577831,-0.05228374733730691,0.3040930030111564,-0.02629820546531821,0.25737610129879596,-0.0757319918037476,-0.06218925922416069,-0.0727371873666273,0.045051435387523715,-0.023975272441830543,0.06576430563279176,0.2943618756398975,-0.04612069398645627,0.06868674741591616,-0.08562697725960508,0.04449431078773037,-0.10895136065751626,0.12524418548593325,-0.056999197487836446,-0.07489517700133186,-0.0635770690849686,0.02056250545999084,-0.024306908246059366,0.05578504104187333,-0.027608968361371035,0.10135767116342768,-0.024929929640924817,0.1681445285501464,-0.048316838682141705,-0.02563134791522951,0.025199031772065686,-0.027020014737463557,-0.06992925259975069,0.006009517629871319,-0.04876747166425926,0.2888625436245531,0.01028088474939351,-0.06611145327086876,-0.08902005285663553,-0.022723613641537917,-0.07414028991807052,0.09261767899073327,0.0055721971109071455,-0.03679720154845757,-0.03450665927950996,-0.018119364060132544
11,-0.05232950451849004,0.5377770376090797,-0.044230375221696226,0.006089808437668198,-0.04993752477237052,-0.03765008287894602,-0.03507902247078366,0.021860757116767736,0.0751902618857605,-0.05919024659828913,0.08906084693967636,1.0,-0.05478290818449101,-0.04419049304503764,-0.03262434195034655,-0.07041664607943758,0.06672893645472207,-0.023267257101994072,-0.06340010881804643,-0.0053575207714747115,0.032433582127991314,-0.019129100496994823,-0.03195941709634115,0.01609130036560407,-0.006703881639822471,-0.033945586873570466,-0.06705111747744102,0.15696432204799168,-0.04873988366450163,-0.025019698647656102,0.012508609117264596,0.07301310320375139,-0.0022879775562094917,-0.020302275158801612,-0.03945506766353667,-0.04402217911903464,-0.017696247111442062,-0.05736471845888133,0.022854978156443714,-0.05731173890838692,0.2861448336206283,-0.03661760375041492,-0.01566150195863729,-0.023172427827362098,-0.02576352109128402,-0.007103842398916167,-0.02420858775486068,-0.020843623120307887,-0.013946639736063356,-0.03419519263619167,0.06835501803544936,-0.022549635363618592,-0.02826430161813298,0.01178141503901552,-0.04768097001061459,-0.03588637534417348,-0.018010155996596236,-0.01607375445784826,-0.013765918617363267,0.11746826338958952,-0.06658413175554297,-0.018198689067187235,-0.033294469997845466,0.18762518510095266,0.008952426687580695,-0.037250517819642684,-0.03343941835740508,0.12747306156306587
12,-0.08575470763929838,-0.058900019523666566,0.12833990944783571,-0.15320432828597028,-0.13822238103058904,0.00297960011197659,-0.10033493712977237,-0.11279881452852884,-0.065477912437784,0.2960487707570293,-0.08435639717882298,-0.05478290818449101,1.0,0.1341697894800736,-0.09821593791956282,0.35122915505540986,-0.09619560019345097,-0.09109694255295979,0.5618933888595417,0.014695602958600573,0.20574663171720942,-0.05776187535375418,-0.09561463921790525,0.036944332216319445,-0.10030215522141805,-0.08817114032092868,-0.07785118307270592,-0.10145367083386655,0.06379331680057529,-0.04081191095761079,-0.02949324040823485,-0.036153500858045556,-0.07328972566354022,-0.17923500621347654,0.49262592817473894,-0.019749305569184323,-0.009791930971858858,0.4981626221545732,-0.061294115750685066,-0.01112236290809875,-0.07900656195034331,-0.09241013158030073,-0.05625186427659411,-0.08866297557156635,-0.0708531605515165,-0.07386366940120528,-0.040603622116567956,-0.11338598279230731,0.013891839633509734,-0.12811481676873543,-0.072939404616118,0.10134666645037807,-0.08157015721342202,0.04786018575378155,0.11057677133237998,-0.08662889686856545,0.08588840572192967,0.23487837453537885,0.038668321917569276,-0.08117071599143175,0.15124625506371017,-0.046194375180643926,0.6592805116324127,-0.04133223774062847,0.0033723581705649977,-0.07307167478402761,0.15419064505433647,-0.1289644341722193
13,0.038039291394649635,-0.04240238428408792,-0.0884523531001424,0.0002794803224114271,0.2495104845326176,0.043917918327923425,-0.06969827993767425,-0.06425930369766955,-0.058530370591161694,-0.042030325328948716,0.0072340380188964624,-0.04419049304503764,0.1341697894800736,1.0,-0.05204922449780544,0.020620959727608905,-0.09077122111800366,-0.07288419970378399,0.1357617486432966,0.06948469275345909,-0.07347194209924782,-0.05076835795748798,-0.0791941465841971,-0.11094170793838384,-0.017885676089171826,0.03854060677131509,0.07309086304210277,-0.10223455823238353,0.13416555203577368,0.30440014919358926,-0.013144067700828611,-0.030027714315614892,-0.10410070573231513,-0.028906136951853,-0.00018742233364660472,0.074639872844895,-0.09319539316053092,0.22339297773734146,-0.10284189429593277,0.024559960607767984,-0.07490289050888645,-0.08170955226376475,-0.04407521735107951,-0.08157000196660655,-0.042948146714308494,-0.02718738111063051,-0.05273556311548334,-0.08921696252759712,0.013689615079388722,-0.008959614827188055,-0.07300639710248853,0.008040545886493142,-0.026265369610752203,-0.051543185573866,0.5457083709587369,-0.08408567475602882,-0.029589036572496674,0.025683626773233124,0.047440942181355694,-0.07111697142670687,0.6571596696914135,-0.028613362240178707,0.0824460103072696,-0.040911929329588495,0.012324049710655552,-0.055795110344314,-0.07122720905721636,-0.10498872371343326
14,0.0025268272675600207,-0.027522948625065956,-0.06642401865257624,0.3475243738173458,0.039454700771442294,-0.054516085581764594,0.08289101908470889,0.27684814398320134,0.014854162338854627,-0.04900583532694823,0.03213840217576908,-0.03262434195034655,-0.09821593791956282,-0.05204922449780544,1.0,-0.09586323796303964,-0.027755412290905834,0.15612158748831573,-0.09198442875441193,-0.00981862391435762,-0.07083721676060702,0.14636500641691014,0.06589858623430396,-0.05730289060088872,0.08854141704663146,-0.04770069837704852,0.07426195279993088,-0.0628406026035086,-0.049276931698818416,-0.0626883854115502,-0.008119202161237658,-0.011467103860075047,0.11803432994392299,0.08372083756318056,-0.07871290665690442,-0.0791395281870799,-0.0681023044393567,-0.09701076581205362,-0.0671588572992553,-0.08831185952410955,-0.0484042941179237,-0.04075054173378287,-0.03760734878006644,0.4862588052991775,0.10979138727808474,0.13174192136777546,0.04355255497424555,0.1539572431226099,-0.02175012673129134,0.04972200377603118,-0.03161062027964805,-0.04231022464048348,0.11680838596060025,-0.02402167441140165,-0.07388982624663583,-0.013988554723372107,-0.04170965311648814,-0.06544430676187668,-0.03959525287766631,-0.042055621364107995,-0.08852070929487113,-0.012852009921981593,-0.07004356980046769,-0.05421472099060052,-0.015722744391885483,-0.05012906347895855,-0.07257918648932671,0.04306717043825839
15,0.24858068575479225,-0.06972924958228939,0.3622749717044701,-0.14303592166024787,-0.05616431697767808,0.039046079553797505,-0.042821129614225656,-0.1217463633889704,-0.06780731536384595,0.3086153683791602,-0.0709282759647996,-0.07041664607943758,0.35122915505540986,0.020620959727608905,-0.09586323796303964,1.0,-0.09878903543126479,-0.09389013467528737,0.5542121473083473,-0.008078017287995991,-0.007508986060883035,-0.06217509532131964,-0.00690055967234408,0.07178753017209429,-0.10190080362468867,0.038687167906999095,0.0580924869033249,-0.1381775857031018,0.043229032631603756,0.06887165211934937,-0.032577120166763965,-0.04063092722932082,-0.05760886486265791,-0.03940921563752171,0.1292132312272431,0.17843467690275616,-0.08869235847399318,0.35119559257297595,-0.12356070281421874,0.1965819557426171,-0.10240869056029156,0.07386709264831853,-0.07304118822897918,-0.09036411484757248,-0.04618495960494318,-0.07123014289488633,0.0800907854202545,-0.09848743909365335,0.0021600103333797452,-0.10926879698882552,-0.08245074846733133,0.09902458893162869,-0.0869994235726532,-0.025292109783572405,0.09220868546982564,0.09344812243788819,0.10733561609603512,0.014861733223770757,0.015596221924301592,-0.0919585180913205,0.11197623313166774,-0.011475529150837467,0.16373480819784095,-0.08907008370985875,0.01194676351720577,0.14884232059291813,0.18328621986974097,-0.15814075057103297
16,-0.08287423034818878,-0.004822781317270304,-0.043632879678930925,-0.06166587041828187,-0.07342809705714999,-0.056666942332256345,-0.051184007290638274,0.13669704161254986,0.28532976311695274,-0.074811766503244,-0.002701239111912473,0.06672893645472207,-0.09619560019345097,-0.09077122111800366,-0.027755412290905834,-0.09878903543126479,1.0,0.07818826731196482,-0.09687860375489388,-0.010364230624919436,0.09359206547371196,-0.029137549848205564,-0.017251787572849644,0.22468078332430508,0.08770472079892466,-0.04330978842193819,-0.06187929284026105,0.29921332592152633,-0.062264122811222525,-0.001233421466776516,0.05155379679044697,-0.0011100644050459811,0.6244942863448172,-0.10264152039855873,-0.06520055031977494,-0.07404519497783224,-0.05595965742018199,-0.09504690727198381,-0.06335253495553399,-0.10371899463785511,-0.03662917441042356,-0.04975022926800489,-0.04174544410613448,0.09961514217057638,-0.040617824568868005,-0.0019694697072123518,0.0171213645673311,0.3261324380086228,-0.006256262303944249,-0.06835041340062306,-0.04399085314137275,-0.03863930826545006,-0.040134042369690814,-0.02755836388483584,-0.014216947649964748,-0.01613461389766431,0.07004134146430563,-0.06555295679142756,-0.03419889225281529,0.18052194945672356,-0.10901532515273071,-0.028090364908654533,-0.027490832910463496,-0.04646239867548561,-0.017519534619315782,-0.05752196447496882,0.16017707045343468,0.15253017780301964
17,-0.031404937065540955,-0.023316051108247977,-0.04957600846811544,0.22192456995850307,0.04463591553853849,-0.04560720277558518,0.08231839331507035,0.14712193079131497,0.017213324764287698,-0.08449929438757948,0.05224512840428897,-0.023267257101994072,-0.09109694255295979,-0.07288419970378399,0.15612158748831573,-0.09389013467528737,0.07818826731196482,1.0,-0.08806253487496228,-0.008885075387774412,-0.0172002316905127,0.4408119025924273,0.07433488213767203,-0.056478049098834616,0.09690398070569028,-0.04115961114089059,0.03817892945763963,-0.05139724060377517,-0.03773962148483945,-0.05628161590494498,0.026630445169719054,-0.008125146155661022,0.13832053561487082,0.07931619244988647,-0.07373002652117447,-0.07181303520910992,-0.0601142412512046,-0.09101985613760219,-0.06132359880313982,-0.07590869717195475,-0.04419448720659665,-0.02613521632342007,-0.02663808110234707,0.3332471926401368,0.04950435236791072,0.26236308209511805,0.038606087702416594,0.21439825626084752,-0.0198548895326185,0.21532507732454498,-0.03258046465634679,-0.038774151453042416,0.3441339121531465,-0.03786350885877607,-0.0661549060785227,-0.002720941553816081,-0.03416760595101019,-0.060624975002136386,-0.03858552623606435,-0.024728065643518572,-0.09122300595707947,-0.009436939711682961,-0.06582920846422696,-0.05018845686115564,-0.011634359210043414,-0.03127269073316155,-0.06307579718475917,0.15780716342006446
18,0.119944931278577,-0.06271256688857413,0.11063581352913666,-0.15604111713476748,-0.0967201183682044,7.558132483898548e-05,-0.07205236684896973,-0.12902740353754313,-0.07416161866075348,0.2253143087818742,-0.07382780208146925,-0.06340010881804643,0.5618933888595417,0.1357617486432966,-0.09198442875441193,0.5542121473083473,-0.09687860375489388,-0.08806253487496228,1.0,-0.003561566059491983,0.02206927399875782,-0.057913392545265535,-0.057246666356513605,-0.037524058686941,-0.10839691042314387,-0.05039129660153599,-0.0334171470647063,-0.12396899756942698,0.10778903684425362,-0.05069086341537013,-0.029918402286960785,-0.03645283731904181,-0.10963947218467393,-0.07343543180766561,0.2521951458541343,0.20740936994148346,-0.06987845335769235,0.7242078830609272,-0.10101709984046911,0.11774812703343872,-0.0905050840372642,-0.04545965788168077,-0.05626629515315995,-0.09067093088252684,-0.06446643533466333,-0.07150091547308039,-0.03817298306879923,-0.10804161518661812,0.012131755020913387,-0.11648616826366397,-0.07601966417918937,0.16441443671161232,-0.07822776528895961,-0.03635882033240036,0.05037902967748892,-0.017904509677185237,0.13594794087648215,0.1495065822198946,0.00781362820868214,-0.08251094922799701,0.20458082096605873,-0.03360615738917512,0.3371293273303967,-0.07312106553114668,0.055289960366367796,0.018561044030213684,0.01079434898856127,-0.14283082158185276
19,0.0017338443303044405,-0.0057963631865963604,-0.007189774374843766,-0.015540679424712427,0.014236359909501346,-0.005176393385648643,-0.003339533445649196,-0.015015191257230146,-0.007013940103841726,-0.014476119379608764,-0.011276451196983124,-0.0053575207714747115,0.014695602958600573,0.06948469275345909,-0.00981862391435762,-0.008078017287995991,-0.010364230624919436,-0.008885075387774412,-0.003561566059491983,1.0,-0.012698166495775938,-0.00568696355272627,0.00781876317783126,-0.013536472123585407,-0.011297898433926479,-0.00594858965260166,-0.007191380646334027,-0.011806584171269877,-0.0002442736913088174,-0.0027474245904769248,-0.0029606308788405035,-0.003490306126339944,-0.012606275101228855,-0.012928441131327736,-0.009000334535458348,-0.012923965040517533,-0.008599219666772535,0.009824418436032212,-0.010516013218053653,-0.011912214637722119,-0.007541832290738347,0.025488620460144554,-0.003943381939905433,-0.009128097850844317,0.04049535645626384,-0.006830803675317288,-0.006149604073417652,-0.011823818766346141,-0.0003572203851593581,-0.012459407351234967,-0.007566989890428843,0.002667269961135599,-0.002928053028342809,-0.007959653228659621,0.00018991570578629803,-0.007644867994878847,-0.00843161529923656,-0.009354859143548,0.004197410507606105,-0.007864114814602122,0.015802105137990796,0.0017724410538586192,0.016450521209897196,-0.0007124790243295175,0.0015592651449510906,-0.007580405434638058,-0.013344171609081874,-0.012332043474746871
20,-0.10801321774211134,-0.029441156904736848,0.037600537710956394,-0.1109322029684558,-0.11605822579485281,-0.04707263313374782,-0.08086674465205555,0.06334464181334763,0.1382369123873009,0.10480020541456687,0.02290072486561006,0.032433582127991314,0.20574663171720942,-0.07347194209924782,-0.07083721676060702,-0.007508986060883035,0.09359206547371196,-0.0172002316905127,0.02206927399875782,-0.012698166495775938,1.0,-0.04567463776752365,-0.07072302224172664,0.2844272294411395,-0.04859769607237502,-0.08437716755778246,-0.12437939541856585,0.2847498332783665,-0.07169430329625248,-0.04953975519706595,-0.020881351133703825,-0.02623641799127282,0.08669105595102403,-0.15047952877000953,0.38018106368572613,-0.06359005506977967,0.11866872123280892,0.028908705938688883,0.05414798482552204,-0.047292268814219926,0.06789053189231932,-0.08712579129625067,-0.046562959389258037,-0.03796057099100589,-0.05917885484909982,-0.05917900136339001,-0.053968328400981355,-0.06295265038731856,-0.025746622806312378,-0.10852268515845351,-0.05293751667701689,0.07147247436494886,-0.07191601674197365,0.3996406899827138,-0.05073934089405012,-0.07179487613929847,0.053812830640120254,0.2743955889876758,0.06676217390015267,0.008773067761379781,-0.11389936447971087,-0.0400697243351842,0.1243945573401984,0.0932214795454559,-0.012609723189352317,-0.07424446597155576,0.12211873685081609,-0.013236199022980445
21,-0.02612360596503425,-0.01585549403007047,-0.040256813441576965,0.16711827084173014,0.04098567368197979,-0.03357229352706306,0.029089431062420734,0.08397827536662789,-0.009181222115846155,-0.06129565642727684,-0.01674761025278121,-0.019129100496994823,-0.05776187535375418,-0.05076835795748798,0.14636500641691014,-0.06217509532131964,-0.029137549848205564,0.4408119025924273,-0.057913392545265535,-0.00568696355272627,-0.04567463776752365,1.0,0.02068137734274902,-0.04023244241631997,0.0018845498112502602,-0.030862391757472137,0.005266843730276288,-0.036311362033485034,-0.015111165579778187,-0.04121955896063546,-0.003272940818358892,-0.0014989884086977307,-0.0025608257825356184,0.034643927013615114,-0.04705465672232523,-0.0453895932983986,-0.041766677743037384,-0.05805397758367943,-0.03919668662486711,-0.05560615553880695,-0.02784278342475386,-0.03163917988229881,-0.012081702973316415,0.1480437863879147,0.04075567771225723,0.6480120133900791,-0.021127167060821614,0.007329290622629444,-0.012642391071585806,0.21327788491159333,-0.022499468251991943,-0.024429004233467208,0.3450361939397801,-0.024829077718053184,-0.04804985515447841,-0.025628244651374515,-0.02763419831821734,-0.04249298462968933,-0.027938802714360306,-0.022564277581252408,-0.05987485018723225,-0.010805967660758862,-0.04349306896298638,-0.033765141441151905,-0.0060154262356860114,-0.03312955303268638,-0.049230231139908834,0.09488874140681855
22,0.24465225194000179,-0.02946161305374509,0.04067279758458402,0.05884662890546224,0.49210774917963307,-0.013488596032266875,0.2646631964216402,0.06717560737341008,-0.025712780828398313,0.0254448359654896,0.001771992460577831,-0.03195941709634115,-0.09561463921790525,-0.0791941465841971,0.06589858623430396,-0.00690055967234408,-0.017251787572849644,0.07433488213767203,-0.057246666356513605,0.00781876317783126,-0.07072302224172664,0.02068137734274902,1.0,-0.040606495146970706,0.006105230432327927,0.259686904381826,0.10008027357519392,-0.06472519065267959,0.3094776514877468,-0.013825788293354376,-0.007902543431853787,-0.017540307546398102,0.02821721764844434,0.24424553235657542,-0.07862721928174424,-0.06127244047723664,-0.06580561307075058,-0.0767099420417038,-0.06684631717570752,0.4529199602065208,-0.047444109919312055,0.24947317275143205,-0.03669644540764743,0.09671237868362818,0.5919394821921985,0.016216868463223535,0.01333171404155805,0.06609098393294299,-0.01983272830915022,0.11707817879543536,-0.012749217097267593,-0.04171966831012144,0.12797412787471674,-0.02934452110139704,-0.017722624290088466,0.18008996525974186,-0.03494214773147321,-0.0701045365637411,-0.03790048081263017,-0.041452532041805705,0.06690928373630621,0.32360218441953875,-0.07039758590430815,-0.05198361894499166,-0.004164960791496496,0.18947399015036312,-0.029319898539037957,-0.03534795410901355
23,-0.0632174809433541,-0.03588775680562533,0.1984874085013263,-0.10578914258255119,-0.0907479135396403,0.01144030716785452,-0.06375032786810637,0.06245575057225734,0.10966491347388482,0.2353886220147044,-0.05228374733730691,0.01609130036560407,0.036944332216319445,-0.11094170793838384,-0.05730289060088872,0.07178753017209429,0.22468078332430508,-0.056478049098834616,-0.037524058686941,-0.013536472123585407,0.2844272294411395,-0.04023244241631997,-0.040606495146970706,1.0,0.01029216747067684,-0.02388961376768788,0.005765752665722213,0.2094215137007246,-0.035847970219800504,0.056415866913002176,-0.01683161981025422,-0.02328168388855519,0.18091932794111906,-0.07440506072822084,0.06445299031162469,-0.03884468134929554,-0.04233610267033188,-0.07732292006832714,-0.0732406183347283,-0.007823842646653246,-0.009052087925304875,-0.0019404847285238343,-0.060673758433446745,-0.03194105779096018,-0.04768644093584864,-0.04508634320546426,0.03718289758356246,0.013161566859172077,-0.020617172316896873,-0.08951423784020343,-0.053331059079894785,-0.010634775679561493,-0.05937297822012087,0.21566861112734886,0.058113345561348215,0.16527365477542472,0.05690265052259573,-0.02598230048859965,0.035422979567008836,-0.027386699121668155,-0.12759258019862485,-0.03270648539265448,0.08959399212756475,-0.04075842313655366,-0.02238374050278586,0.045848288254030894,0.294765953168625,-0.037457907115005684
24,-0.027797097951393433,-0.003932213840809524,-0.04741576647270945,0.3794054817919708,-0.05233023447957713,-0.06150503381698118,-0.03470556873318544,0.3395001241005742,0.035559513182885416,0.003583589949097977,0.3040930030111564,-0.006703881639822471,-0.10030215522141805,-0.017885676089171826,0.08854141704663146,-0.10190080362468867,0.08770472079892466,0.09690398070569028,-0.10839691042314387,-0.011297898433926479,-0.04859769607237502,0.0018845498112502602,0.006105230432327927,0.01029216747067684,1.0,-0.04403076110050201,0.14003583016099186,-0.0012727929428002919,-0.08877134525462019,-0.0683460607696399,0.022092436783450485,-0.001627274334380287,0.11523356908410495,0.36238943953070296,-0.07778864922907976,-0.06760932400447461,-0.039295963642510735,-0.0565122878481842,-0.06724263745888232,-0.030533725990335416,-0.04196257122974096,-0.062482475351150105,-0.03215890167099142,0.040108461766276346,-0.008787712261396099,0.10096594003090861,-0.010825726972065939,0.2610236730420814,-0.021677329271145948,0.22347983965033408,-0.025198665238999975,-0.042326304329760714,0.03960651826009954,0.022780830219650022,-0.0726830583508778,-0.02697284158321949,-0.03444813837970167,0.07063969959717468,-0.03345234186119095,-0.02092965754084209,-0.09630893443550863,-0.02642950697227541,-0.07006950369176093,-0.03887326825588476,-0.006940888197936816,-0.05723510748496723,-0.02044241040880297,0.10258904803779814
25,0.10632308379341943,-0.03045067304125478,-0.012217691673509699,-0.05362050278913098,0.2913111139847925,0.028195604582210886,0.10257959688322169,-0.07035498773769677,-0.03903141852691257,0.012196570357089279,-0.02629820546531821,-0.033945586873570466,-0.08817114032092868,0.03854060677131509,-0.04770069837704852,0.038687167906999095,-0.04330978842193819,-0.04115961114089059,-0.05039129660153599,-0.00594858965260166,-0.08437716755778246,-0.030862391757472137,0.259686904381826,-0.02388961376768788,-0.04403076110050201,1.0,0.0557724134939613,-0.0707162020043188,0.1268069741304722,0.26232722214317966,-0.011407188785272944,-0.020198059459920724,-0.01761028044772385,0.08126848638554665,-0.07310533220552269,0.30002832604517443,-0.06297830137440849,-0.04097374933445801,-0.07353043910359126,0.57725548378849,-0.0518812809648427,0.06819117143838971,-0.04614247680846201,-0.04702236795725572,0.1129025166141519,0.01643446345229048,0.0443715445861016,-0.0356023089829901,-0.016486994950015182,0.059347681395678566,-0.04744952376597978,-0.04313173089121124,-0.016330987800054562,-0.03609339980621621,0.15447500450219834,0.04782143268750323,-0.03593056761846187,-0.05715146019571548,0.017444605542968162,-0.044356651441083236,0.027681013143946602,0.24563176930306094,-0.010660537919027713,-0.049232403077711956,0.017199204912077635,0.1687624495301443,0.013621577042216306,-0.07240988223137623
26,0.24158585175082947,-0.059403167579317545,0.12363992739238004,0.3041278560249087,0.14160296484345591,-0.016312036883005112,0.08998340761514623,0.08147988395204234,-0.06442828491564566,0.208124207904061,0.25737610129879596,-0.06705111747744102,-0.07785118307270592,0.07309086304210277,0.07426195279993088,0.0580924869033249,-0.06187929284026105,0.03817892945763963,-0.0334171470647063,-0.007191380646334027,-0.12437939541856585,0.005266843730276288,0.10008027357519392,0.005765752665722213,0.14003583016099186,0.0557724134939613,1.0,-0.1370015704645398,-0.02118981277524167,0.05349515556949707,-0.024699533790196914,-0.036804437388426675,0.10038464588117904,0.26256083214150405,-0.0523861920668776,0.08636152753635454,-0.12433060345710757,-0.04352136495387138,-0.14048616580056955,0.23378526984004802,-0.10188749871714109,0.053891638522452184,-0.07676916188628105,0.03650960436868231,0.04183955037992316,-0.0028906789561326906,0.07691695515046465,0.054932682764370286,-0.017992272288280806,0.1702024899542909,-0.06829094923886045,-0.06428588113060107,0.01861470909681161,-0.021225630510096904,0.05810943128846434,0.21491587373952092,-0.05712933095031705,0.0020163364350031425,-0.03201807901463162,-0.08890389956237632,0.10539365638228412,0.007593984133300678,-0.06328654541778833,-0.10035159315249789,-0.01514941687531935,0.12854697381644714,0.004570773628064065,-0.1224804912816082
27,-0.10255304716652067,0.09207351693207076,-0.0794042105267704,-0.03344350265142265,-0.09469979496861713,-0.0737774257677796,-0.06544286628593544,0.028557584796347582,0.19521643643118214,-0.12956359336959292,-0.0757319918037476,0.15696432204799168,-0.10145367083386655,-0.10223455823238353,-0.0628406026035086,-0.1381775857031018,0.29921332592152633,-0.05139724060377517,-0.12396899756942698,-0.011806584171269877,0.2847498332783665,-0.036311362033485034,-0.06472519065267959,0.2094215137007246,-0.0012727929428002919,-0.0707162020043188,-0.1370015704645398,1.0,-0.09768323425412193,-0.01848708149564058,-0.005826463770146471,0.01691382824146422,0.06117635786492423,-0.1108528422360543,-0.07911900046501436,-0.09832428344284509,0.07218344935910541,-0.12256463957516517,0.15990828071432767,-0.12708020974075274,0.4236202594159784,-0.0644892835181036,-0.034055534974335604,-0.019436511263552305,-0.049279675400227575,-0.03852593233656337,-0.04530237821243268,-0.026256710397156283,-0.021177011954911926,-0.08214469138670272,0.03215963978299183,-0.03317793350311464,-0.05635141798948505,0.15901221965105417,-0.0763777119927771,-0.0663269164438341,0.03700503881262364,-0.06774458354373422,-0.02175485228523779,0.3661295009070171,-0.12924120714276102,-0.03815397205611225,-0.05882131515607669,0.08045106040341518,-0.0157002954906145,-0.07374163073619389,-0.06752419605096804,0.16289420747980615
