,0,1,2,3,4,5,6,7,8,9,10,11,12,13,14,15,16,17,18,19,20,21,22,23,24,25,26,27,28,29,30,31,32,33,34,35,36,37,38,39,40,41,42,43,44,45,46,47,48,49,50,51,52,53,54,55,56,57,58,59,60,61,62,63,64,65,66,67,68,69
0,1.0,-0.07252253584676199,0.1669340375870705,-0.05703767629408124,0.08682247475220353,0.0028132250983634362,0.054485938868206484,-0.1026959304760881,-0.07555206068910197,0.1932873862564814,-0.050868225604336514,-0.08043168379213808,0.21416647638824016,0.03548084293226137,-0.060946269264028574,0.39912613205698916,-0.11542462322197007,0.13268711769399313,0.40399484087405557,0.011619829335223047,-0.07042667486503804,-0.05319080523666368,0.10116772126535553,-0.08190289892782937,-0.08339518702838963,0.06460072772785819,0.16080831790971226,-0.1467309916398375,0.12094982955467538,0.03190695681088282,-0.03313109552520814,-0.04196884447280973,-0.10460700063175116,0.341215093378839,0.10246701256031639,0.09909637316306294,-0.09700381495920886,0.294091528974462,-0.13913309593449097,0.14254009441610957,-0.10865056498361186,0.04448899722228752,-0.0737680459106716,-0.08109654634889671,0.002314365103241318,-0.06603438913907082,0.13605600858494768,-0.09474132411801528,0.018093224442399018,-0.03337060026990992,-0.08852687551860126,0.06628072421771451,0.0112622325052073,-0.05291664462923411,0.08838129393980491,0.13753819730972752,0.024639051776584122,0.00025267993968573245,-0.021844153452003814,-0.0965052936331804,0.29635756303525285,0.05167798645903132,0.11198090770572158,-0.1634666795785622,0.016864540004137347,0.19057279462234422,-0.021127856549809684,-0.07095369789981938,-0.04884157609002068,0.010196674571422934
1,-0.07252253584676199,1.0,-0.04059885967046835,0.002118183442032735,-0.04634126788778774,-0.015241181239426483,-0.03185287657567323,-0.013115283196465679,0.0118233655553615,-0.06485898264370525,0.039411596584912265,0.5067985249360379,-0.05896771296353121,-0.023959056037130493,-0.02711605395716913,-0.0559094800928617,-0.004313863512687883,-0.03135122798014947,-0.056455518010975064,-0.005511246210880689,-0.02942131724011615,-0.015537952682742162,-0.02846745314218317,-0.03487428279405134,-0.0034169966237685666,-0.030454622069977524,-0.0612298736941655,0.08669971649978542,-0.04205234009995844,-0.04190908653136881,0.02740013330179711,0.23423741297630976,-0.024100795389303098,-0.0335219318017319,-0.053277556342122556,-0.032060547181966596,0.01135303682009872,-0.045407026238276686,-0.004741748937575805,-0.05031103301129171,0.22561639713607984,-0.009372502755568004,0.024769706009860774,-0.022212748743808342,-0.024354903735274942,-0.002792887890109435,-0.032909712189192364,-0.021163059591977822,-0.01241300094027958,-0.024278397013664257,0.36647322599962673,-0.024054020441202476,-0.03572337456432628,-0.012904566690450411,-0.055048179510660024,-0.035482767333263616,-0.023935115418130325,-0.030527988320815953,-0.013675825671286557,0.05989402554554127,-0.05161242322564007,-0.010165266175278015,-0.03976547510254071,0.18490389152217684,0.0014817052055584017,-0.035945218660911944,-0.035244073413947904,-0.022917963469459634,-0.018215048478327417,-0.03931695394345525
2,0.1669340375870705,-0.04059885967046835,1.0,-0.11026304087085936,-0.06264971769080867,0.07820476170000529,-0.05523366414708171,-0.08555826734169597,-0.042102191047916904,0.5253870763288822,-0.04981717623208211,-0.04514438048555465,0.15618301036081875,-0.051931226918126544,-0.06645201493167674,0.3787293163197122,-0.03910475705871462,0.21277814641532755,0.03671742818403883,-0.0065133470121890805,0.05060409845316381,-0.0380132076643345,0.008622789340861886,0.18478741595106085,-0.042917582930147385,-0.014394227950469761,0.12585595419076345,-0.07335024454890579,0.06740963894069653,0.09955134415386724,-0.019563825451151658,-0.023766687301361184,0.0371507557696846,0.030696793486683367,0.0856904465509041,-0.06158299187057284,-0.0475871531290243,-0.05462812646011769,-0.064618990303099,0.04083372689727964,-0.05691955972196105,-0.10339772415629292,-0.04203813213616929,-0.05335223609977381,-0.02146895480372426,-0.04658919360568226,0.04261720936125127,-0.04475178048805595,-0.006958377479738473,-0.0847219364002955,-0.03814796282772305,-0.01568783842516922,0.12892174389009478,0.02850534381243866,0.22892321663077358,0.24322058822833845,0.037618979942098126,-0.0050363624454172525,0.03730469070512528,-0.04799602602529858,-0.04175022115886719,0.01659473433200442,0.005962854102144614,-0.0898048731370788,-0.012586516810942925,0.35641953628892387,0.2555051513150153,-0.05364523112869211,-0.05921348824214886,0.07160174120412788
3,-0.05703767629408124,0.002118183442032735,-0.11026304087085936,1.0,0.17862123436853844,-0.005477618753954708,0.20429392756553819,0.5132337375739369,-0.017051192996407907,-0.036146897614228485,0.3655171227982817,0.006003545537577385,-0.15856321751384672,-0.005228395597929992,0.3462428061001853,-0.14579317247763834,-0.061634080678981545,-0.07705256981259706,-0.1406759354661325,-0.012213957551277445,-0.11015096018602291,0.1639714986519326,0.061896675888422494,-0.10479458161757457,0.3809253662365347,-0.054515178303148885,0.32189093050183504,-0.031311523769005326,-0.06330553755016836,-0.0901544494021045,0.09519720921872998,-0.008938874716961854,-0.017461636698875543,-0.015439576589238176,-0.12292056998161877,-0.08465018913373326,-0.0523239656633097,-0.024716857389744794,-0.05221495755751274,-0.02362738013540048,-0.037327082837078196,0.527822317453958,0.03548419793284659,0.21898188240624789,0.06414207580634758,0.2007767020734557,-0.07449618787781573,0.1753001160930594,-0.033378754898459345,0.31509202486506716,0.007803508911584989,-0.06960138352344579,-0.08835704434973402,-0.0382372207923988,-0.11159331550773222,-0.04285959179519415,-0.07325508132991204,0.04779240811859357,-0.06213763505693669,-0.01374087835625893,-0.09619121028841461,-0.01645262688287899,-0.11425802595245568,0.09204905930682529,-0.010333138058271758,-0.09432628518903366,-0.08251275022080834,0.2403020943274881,0.34109680452090113,0.1433069514989549
4,0.08682247475220353,-0.04634126788778774,-0.06264971769080867,0.17862123436853844,1.0,-0.02941834977473342,0.8509703468113341,0.026713635380129067,-0.05000684060366046,-0.04817626200643899,-0.00804764989882425,-0.0531277557153342,-0.14069804741868225,0.14057114321239889,0.07451540466641304,-0.10422998593169783,-0.07160589440387109,-0.030601616562356534,-0.10994761046492343,0.007599206775763551,-0.11437142030652153,0.05435466629575657,0.49113257233366153,-0.08766976744092297,-0.0486346742268188,0.2319552329460268,0.10731605587527569,-0.09364800814274649,0.11454025249355933,0.09815786531452327,-0.01898213120531351,-0.025627780948907768,-0.062294801100830716,0.18054998169116787,-0.1185177462232007,-0.0626289148857445,-0.08956873808608506,-0.07883362454979906,-0.0993736219190979,0.2111700430559748,-0.0697363300956724,0.21744070992894227,-0.057217218130215616,0.0821986268549878,0.4637162814663955,0.1059641498544244,0.25041434374798643,0.05051852174253636,-0.027172641088606092,0.32618720063845474,-0.042591062352702214,-0.06023245142219086,-0.03094465339844214,-0.04119382462785669,0.08726578936039961,0.08719147012832149,-0.06176901272092922,-0.1011055265918466,-0.0456502918116681,-0.06142284114777463,0.18638242286548326,0.21135274144894015,-0.08786651140364245,-0.08827070116838813,-0.01181307521618873,0.05807417752016451,-0.07054965813495821,0.03330724016316144,0.39930143223807013,0.12343002970487392
5,0.0028132250983634362,-0.015241181239426483,0.07820476170000529,-0.005477618753954708,-0.02941834977473342,1.0,-0.02979616983739685,0.03287436587515012,-0.02150647395804023,-0.019027733004503805,-0.006309394095670774,-0.02092906439050928,-0.03585512497932427,-0.020640931252421477,0.06867496804622744,0.03562816318096771,0.058939955932499316,0.21799656766212355,-0.04915969674259366,-0.004518669062784218,-0.04069782139972415,-0.01068517137784495,0.02520562592611425,0.01599904294612613,0.005772149531671304,0.040128556874320195,-0.011400990520316942,-0.03223223822616368,0.036821580398265386,0.06401426081212028,0.03876711901357697,-0.013227790625955525,0.05631164060203903,-0.02488540679749402,-0.052170900896759666,0.0016223382096958215,-0.03775282589789154,-0.05263176156498984,-0.05532505225057459,-0.007618658290208321,-0.03760896274917913,-0.05068426635353082,-0.030081508989266828,0.055745761278656034,-0.00712634860103717,0.011072946193190885,0.05658511095256624,0.1866701002775939,-0.011241284423416969,-0.03314190917495403,-0.030046025415214228,-0.03002084581459203,0.01719394959802025,-0.02945789319067183,0.05608775955887806,0.06623545983847248,0.009188360470331457,-0.045954607355400134,0.025392371551538666,-0.014693662706727124,-0.04317310560303381,0.04194430969475278,-0.038181628139711044,0.05146143182683788,-0.0074270854245907765,0.043784626269687085,0.03493135235933803,0.1209293946169343,-0.020457265390191534,0.12766578292649422
6,0.054485938868206484,-0.03185287657567323,-0.05523366414708171,0.20429392756553819,0.8509703468113341,-0.02979616983739685,1.0,0.07282764929060381,-0.035487802302478555,-0.03451433838205744,0.017364044116145824,-0.03714622072629559,-0.10109092633629745,-0.03033171742245993,0.08822345630005113,-0.07334813118699615,-0.05053608247013722,-0.03006977936285264,-0.08165015176048857,-0.0034113810646579854,-0.07965953066633963,0.027419918432842284,0.2517646873346905,-0.06203831573367907,-0.03487077804939666,0.09822692000904801,0.07732787048708871,-0.06480771963489355,0.0076097745171544336,-0.02395442772099046,-0.014378525476318505,-0.018077427671016957,-0.051097923306058494,0.13807503923300188,-0.08557949418180667,-0.05508943909232264,-0.06586390200917422,-0.07753906384394571,-0.06905657218115732,0.09937097992347439,-0.048447743917095866,0.19256619756674231,-0.0426935678065376,0.07809010764220325,0.21622612821170858,0.10400319548416956,0.10568266103510346,0.0993755862213496,-0.02096584796157181,0.329110101413878,-0.024134127197322525,-0.042820194146957036,-0.040664530852649525,-0.025629017527749272,-0.02997580884110386,0.090858167840283,-0.04737504621709013,-0.07203256211489353,-0.0386478855368166,-0.042971702556644925,-0.0005222047749928512,0.08387412012394771,-0.06334588398784205,-0.05951499418866785,-0.012209283673326382,0.016525618795020635,-0.06260228955648367,0.013955931127756546,0.45860295037628623,0.08673220090632
7,-0.1026959304760881,-0.013115283196465679,-0.08555826734169597,0.5132337375739369,0.026713635380129067,0.03287436587515012,0.07282764929060381,1.0,0.23203454381942082,-0.01896226022912434,0.19475003251920478,0.019461640611508627,-0.1100959187334992,-0.04885097843271933,0.3057182513026667,-0.10199456994694363,0.1443600519549137,-0.06568768071950642,-0.11848315779522428,-0.015119737600273062,0.06706807298301551,0.08254055707743882,0.07261625476311587,0.06396724240316139,0.31228628748270015,-0.07086262790575804,0.08475559033427477,0.027297200913602347,-0.0657439619159599,-0.06370740201137406,0.02387373635586562,-0.001043300402257757,0.23770979629068528,-0.043863050842701826,-0.08016746094487437,-0.09418409412280913,-0.08328468500860066,-0.07433873789344989,-0.09938464880197606,-0.07729670233348486,-0.046726056009291986,0.4399321787667487,-0.05695259227489954,0.15287962077897088,0.02423063740245073,0.1340288143466366,-0.08057850371555261,0.35852511123044517,-0.03235154375771546,0.13180974041350585,-0.05944723413811197,-0.044247846304495575,-0.08115895762009248,0.030794134864852073,-0.09850261412395911,-0.045875326999110635,-0.04412736760989911,0.02248592851803253,-0.03371177893362163,0.05024900054878983,-0.12004708878049038,-0.035917261402651876,-0.06784301155716427,0.06523481939024682,-0.016271318190423847,-0.07966301203608032,-0.015305499476647473,0.22963016572996303,0.177381354652846,0.06925611103678211
8,-0.07555206068910197,0.0118233655553615,-0.042102191047916904,-0.017051192996407907,-0.05000684060366046,-0.02150647395804023,-0.035487802302478555,0.23203454381942082,1.0,-0.05671252792174774,0.046646606010402776,0.07790685674476508,-0.06401429020286442,-0.03182919171204013,0.014245848076003218,-0.05480586092083299,0.2812508544964597,-0.0371283029958467,-0.06719925071150565,-0.0069929987656426875,0.13404313401222584,-0.009342800479237622,-0.025110384926952868,0.11010770745896584,0.03666643861289809,-0.03978290007723069,-0.06271866242650403,0.1933783070304575,-0.03224113927552248,0.005367169270937117,0.04963658339482865,0.008603284185734549,0.3740987109928795,-0.03939396960404495,-0.05398955419634523,-0.05304582078689432,-0.012236883433725301,-0.06081894237232325,-0.04054874621634888,-0.06366825420213548,0.03046940642527219,-0.026782760080199898,-0.030673884185561075,0.022098396197713262,-0.016503746497086604,0.004165383316835233,-0.03550861570080564,-0.006231125204993295,-0.0163107004842697,-0.035566660668235967,-0.03201128076080403,-0.01690751210085693,-0.042084940253428,0.047371771443736346,-0.03186383687363714,-0.033061280665801475,-0.02269592327987644,-0.029755260136371156,-7.523035132140157e-05,0.20283633007602356,-0.06363431110350193,-0.019961013003414102,-0.04208406839819097,0.04075292209649693,-0.010754756701954023,-0.04100439472892327,0.034011014709080974,0.028147843688184907,-0.02541030683572712,-0.04271329532169847
9,0.1932873862564814,-0.06485898264370525,0.5253870763288822,-0.036146897614228485,-0.04817626200643899,-0.019027733004503805,-0.03451433838205744,-0.01896226022912434,-0.05671252792174774,1.0,0.0944669991683966,-0.06477884423005384,0.3722411596378262,-0.03700112277469958,-0.05072971250463486,0.31976186809173934,-0.08121998640222158,0.06153356823047429,0.2228447755493224,-0.015136166068021815,0.11044346515305156,-0.062464477069921205,0.022169725350372926,0.21788632347304865,-0.0002376931030686532,0.015845806462003093,0.24604762984932382,-0.13063046928773325,-0.03814981860165059,-0.02398021092957276,-0.029691390660953068,-0.040767628921666306,0.0007173674631083711,0.11604425502395803,0.33164174696419524,0.00012631720991553887,-0.08315233141621088,-0.004222869494924211,-0.11370589124531862,0.22670383391754462,-0.09745043209854626,0.043698604389736766,-0.07590436118256434,-0.08769819466738304,-0.030599000551906282,-0.05838989410214075,-0.0423136242652135,-0.026670811724613462,-0.015190318303407934,-0.035025806741176835,-0.08059005163879418,0.02472985071286549,0.0010308209394022747,0.10470115137585789,0.07147189400473636,0.3025174641691152,0.036208973432261884,0.14093914764633528,0.011762827722047727,-0.0899409894890436,-0.04004268880994014,0.020150538534904658,0.22901737283894552,-0.14175538628570886,-0.016067438208788337,0.3042613252747256,0.08549352672737383,-0.0827419439081,-0.07039498531664323,0.051386947428846586
10,-0.050868225604336514,0.039411596584912265,-0.04981717623208211,0.3655171227982817,-0.00804764989882425,-0.006309394095670774,0.017364044116145824,0.19475003251920478,0.046646606010402776,0.0944669991683966,1.0,0.10228245504365874,-0.07717583198611366,-0.011813118566294306,0.0328647658309238,-0.054259796725720115,-0.0015337366162292557,-0.06047042282219528,-0.07168365970640055,-0.011209214178446685,0.025243461909378363,-0.016407112012456915,-0.0020668448537032626,-0.0478337688068069,0.29587547046623935,-0.02791077080356769,0.260216931802229,-0.07621734012065469,-0.056269123161693343,-0.07530159335973943,0.04475867282908006,-0.024005020128642682,0.06558080898507826,0.01523861832918565,-0.028634521522768717,0.08026772933907574,-0.02615235993950664,-0.010647749082892129,-0.10883675558100706,0.13128489994222314,-0.0579105629154856,0.32911090437378626,-0.06062258062088348,0.04892375819290506,-0.024179689923936605,0.05508567063251184,-0.07358940218831239,0.10052302478397034,-0.025151426488809144,0.15248648744810867,-0.05094182772771558,-0.026486040518585753,-0.06434385620870436,-0.02853769500234396,-0.07938055939435243,0.007156537978583266,-0.04843793746970615,0.29357483135858686,0.011542506132231532,-0.06478737720973848,-0.0834400346947397,-0.024004585788450265,-0.07596298065967821,-0.010191771311433156,0.0054750126911063315,-0.0363303701385316,-0.035204087297211833,0.022870610506003322,0.021752204298453436,0.13351452066175043
11,-0.08043168379213808,0.5067985249360379,-0.04514438048555465,0.006003545537577385,-0.0531277557153342,-0.02092906439050928,-0.03714622072629559,0.019461640611508627,0.07790685674476508,-0.06477884423005384,0.10228245504365874,1.0,-0.05806821308766899,-0.02571240518035487,-0.035421591450711755,-0.06077359622151329,0.06556236752745416,-0.03514828343051564,-0.062011384610707286,-0.003498180069150779,0.0380885136561376,-0.021273493076229735,-0.03393960744377014,0.01740022002174324,-0.011770153589836643,-0.03658273065240804,-0.07658066478471205,0.16676968469299652,-0.04904090700836032,-0.03080498611225623,0.01214703717418966,0.06299981507840932,-0.0001322153459633671,-0.037979972265566736,-0.05226310934901582,-0.04541729599215763,0.12002758831296731,-0.04771348033592431,0.03040301558816107,-0.05777811125613851,0.28633273551120325,-0.02068338748281815,-0.0010578874438268897,-0.025144666317952726,-0.028094696979609673,-0.011755224524031774,-0.03264916668336651,-0.02702430933523789,-0.015007888797012857,-0.03916021352764961,0.06509440454091102,-0.023553515235741007,-0.04013375569114651,0.006298067336093902,-0.05526826313939421,-0.037917616323205644,-0.02055830677275223,-0.014153654100771787,-0.0005385366207123756,0.13315396730175658,-0.05759098019207068,-0.01870335428718789,-0.037254453788832756,0.13344545459842416,0.010769233340303563,-0.040279802005981635,-0.034298490770885356,-0.02481816805002975,-0.02918223369300591,-0.04617127493000878
12,0.21416647638824016,-0.05896771296353121,0.15618301036081875,-0.15856321751384672,-0.14069804741868225,-0.03585512497932427,-0.10109092633629745,-0.1100959187334992,-0.06401429020286442,0.3722411596378262,-0.07717583198611366,-0.05806821308766899,1.0,-0.04153840746118817,-0.1018230192683196,0.2604204573756718,-0.09570485282410622,-0.06988580812952279,0.5151959737767456,-0.00035889810418750483,0.2924800290588695,-0.05858957755960163,-0.09134498560193952,0.06027219519733236,-0.10132584820182251,-0.08835533834436948,-0.05727873887057672,-0.0971780808581999,0.03044790404217787,-0.01454502634234527,-0.029908863111965042,-0.03672153142374445,-0.062084567145401254,-0.07450043324997435,0.5974274667300428,-0.007963781843998076,0.0028850298887607238,0.22974739956437717,-0.04202257138000807,0.0049719143163178365,-0.07506814033081334,-0.18708320693735803,-0.053867405914533345,-0.0899609622028277,-0.07136596689724883,-0.07571222002430993,-0.0869469591847441,-0.11355655289085298,-0.005014044267537824,-0.12771766002694157,-0.07487834006260632,0.1495908732524529,-0.004381570182158671,0.07479360783992581,0.13441700311054747,-0.07796427712704365,0.12035638468366365,0.2903175639245784,0.04515956406786248,-0.08133741861744989,-0.05475501406061164,-0.048444909848993856,0.6380848142393298,-0.1287206718523866,0.00048757520453081207,-0.06271796200542022,0.2028202616942381,-0.08915095550891533,-0.08208183883751018,-0.10188953121888075
13,0.03548084293226137,-0.023959056037130493,-0.051931226918126544,-0.005228395597929992,0.14057114321239889,-0.020640931252421477,-0.03033171742245993,-0.04885097843271933,-0.03182919171204013,-0.03700112277469958,-0.011813118566294306,-0.02571240518035487,-0.04153840746118817,1.0,-0.03660692865229867,-0.0493947791128878,-0.04807742402066488,-0.03428502682258794,0.008104768194777415,0.01891007032473298,-0.043055287907503584,-0.027698974680520915,-0.03904971093409948,-0.05771041512511863,-0.029040190431083572,0.10387468769372707,0.10521936009240411,-0.05407149825009497,0.02042425830327041,0.3170070854612077,-0.008138474948333157,-0.016602460556416006,-0.05448342312323127,-0.006778915728638771,-0.02458144313824944,0.06986280722461569,-0.04794147282647363,0.1582130266813347,-0.0579050923717939,0.07894157251268771,-0.03991737367278731,-0.013421985945258823,-0.02281753135705821,-0.039063190531427705,-0.01682711383529968,-0.012283511408686498,-0.030601164231552312,-0.05132129122183221,-0.0012375424984972907,-0.008976832577800013,-0.042635331892767636,-0.020118644404907106,0.02504048598046068,-0.026538836267846574,0.3951831179790496,-0.04568435549122166,-0.032030199567496656,0.008904442741157823,0.00174270076915344,-0.037368752841940175,0.4233585700157798,-0.008409365761650025,-0.014287392114270046,-0.059804878111926904,0.01105269245306452,-0.028226965130819646,-0.05248379883159822,-0.044304937157320444,-0.029527156907257476,-0.03740831802709292
14,-0.060946269264028574,-0.02711605395716913,-0.06645201493167674,0.3462428061001853,0.07451540466641304,0.06867496804622744,0.08822345630005113,0.3057182513026667,0.014245848076003218,-0.05072971250463486,0.0328647658309238,-0.035421591450711755,-0.1018230192683196,-0.03660692865229867,1.0,-0.0912742899126716,-0.026374155340022343,-0.041052397030180335,-0.08840703766600258,-0.010162736060598547,-0.07078705011554541,0.14973308334870267,0.05858614886070806,-0.056961571551639355,0.09248764756664182,-0.04793999808990691,0.03173432263692706,-0.0635415385681617,-0.04103076969603027,-0.06855941068156474,-0.007801437524562706,-0.011047667383148493,0.07746072145312592,-0.011253074768319058,-0.08743864495144371,-0.07834464276599311,-0.07040457357987301,-0.05715051174923548,-0.06919517801466185,-0.09073203245384145,-0.04893747917133669,0.11622051546326326,-0.03643127394182011,0.16256721253865794,0.11599577396813461,0.12855754167329442,-0.05205555703769485,0.15704854269968538,-0.02190832706838594,0.05541199828573693,-0.0341895522846167,-0.04282775047157174,-0.05691173226558732,-0.02322149190375692,-0.08141083121999809,-0.029493486496244344,-0.04214462330974528,-0.06830888826590328,-0.04152675955921788,-0.04208433928834563,-0.07944339915395615,-0.01028644167679579,-0.07093659677315367,0.043171749276646514,-0.016179413851996373,-0.05596629819014695,-0.07333004126237619,0.4890797466757566,0.13323661279950283,0.17871789726610207
15,0.39912613205698916,-0.0559094800928617,0.3787293163197122,-0.14579317247763834,-0.10422998593169783,0.03562816318096771,-0.07334813118699615,-0.10199456994694363,-0.05480586092083299,0.31976186809173934,-0.054259796725720115,-0.06077359622151329,0.2604204573756718,-0.0493947791128878,-0.0912742899126716,1.0,-0.06627877612815744,0.10439819848257831,0.43352630674196924,-0.014661400159167871,0.02428443538857943,-0.052990540138576556,-0.046744820444414914,0.14807282633259328,-0.08594037052017005,0.021774550032836952,0.12399567226316006,-0.11100129307449262,-0.013115107679673207,0.09557910773330305,-0.026055911270129017,-0.03311861868522504,-0.014144344392181629,0.03945898607309842,0.1806916879398084,0.17208904167304725,-0.07464799719469652,-0.014367125504281817,-0.09786194774520177,0.13831514948315132,-0.08259837038177091,-0.10066869348673874,-0.05892611422904194,-0.07998718231288524,-0.057530686654419155,-0.05891550748664032,-0.016334400787510514,-0.07400795144605146,-0.013021035675045799,-0.10671799966927345,-0.07186804495613593,0.06926539090857703,0.04605753286477872,-0.005627400586341614,0.14620903513983552,0.04974261472503218,0.11248478921815486,0.026552722647193654,0.03431240000706259,-0.07447502939706713,-0.0524891592590295,-0.034453321442360164,0.14414977998070305,-0.1286516124139672,-0.010022399757535959,0.08965082227761123,0.24148432756432142,-0.07962053630260085,-0.07706653214680642,-0.059747190365024974
16,-0.11542462322197007,-0.004313863512687883,-0.03910475705871462,-0.061634080678981545,-0.07160589440387109,0.058939955932499316,-0.05053608247013722,0.1443600519549137,0.2812508544964597,-0.08121998640222158,-0.0015337366162292557,0.06556236752745416,-0.09570485282410622,-0.04807742402066488,-0.026374155340022343,-0.06627877612815744,1.0,-0.05066423892168399,-0.08870899473883584,-0.010446943550507043,0.09250692490910604,-0.02909566954319026,-0.016655120021650996,0.2304555464677504,0.08567430234769749,-0.04351179075813753,-0.06301782110529416,0.2987777084721383,-0.05796780803615961,0.005480323960342199,0.05123101728005848,-0.0004276065810047353,0.6437800987632255,-0.05482875365731308,-0.06888808270441624,-0.07314825401709193,-0.0600811555730662,-0.09000046789970081,-0.06321615210762961,-0.09876940394670439,-0.036329128091661764,-0.10039185015953887,-0.041242530545910566,0.08325732607859512,-0.041363803306580335,-0.0024831623343730957,-0.043008907376946216,0.32051000744280944,-0.005570860291895591,-0.06510398778347931,-0.04535377342733958,-0.03905183023263599,-0.05577632583130028,-0.028003713403332707,-0.0070305348192675815,-0.010452658324230917,0.07203822505773949,-0.06666735279175989,-0.03524958498387542,0.18642554415773513,-0.08997469937200592,-0.02872771093802156,-0.027031983440941074,0.13907713727660262,-0.017560026985478747,-0.05767655242494578,0.1476549565015069,0.09967105884665575,-0.03830990905319544,-0.0347095074004397
17,0.13268711769399313,-0.03135122798014947,0.21277814641532755,-0.07705256981259706,-0.030601616562356534,0.21799656766212355,-0.03006977936285264,-0.06568768071950642,-0.0371283029958467,0.06153356823047429,-0.06047042282219528,-0.03514828343051564,-0.06988580812952279,-0.03428502682258794,-0.041052397030180335,0.10439819848257831,-0.05066423892168399,1.0,-0.047445816519535576,-0.007480674852510954,-0.07327914014917168,-0.02649716738779278,0.007497120850327885,0.061951496427635616,-0.050840107122432254,0.0402013378664533,0.08333848306832531,-0.06272064011478322,0.11000876444182592,0.13744285774420933,-0.01452724886798177,-0.017878212127288694,-0.023711559587771554,0.06221777548858465,-0.07543019798925135,-0.03596032211558506,-0.053864079018118155,-0.07589796243372132,-0.06497722905569647,0.0808340466884022,-0.045718601163828504,0.07251596627853776,-0.04203005085733964,-0.02986845530034643,-0.019016584762985896,-0.032549589502075246,0.21745503877107888,-0.03296977135905276,-0.017099323892029214,-0.05835712551375486,-0.041118267198329575,-0.037894468983895466,0.08466107741680598,-0.03410014914020131,0.05590837751204126,0.3660703545548073,-0.01799964900468747,-0.06881128982546322,-0.0333960767929041,-0.03921286683254192,-0.027077537408892818,0.030151229081780796,-0.06229828969176359,-0.07272170838776357,-0.012391895259288823,0.3493484013015805,-0.04484921858671557,-0.03355501196054621,-0.041427847706434144,0.21970831207760746
18,0.40399484087405557,-0.056455518010975064,0.03671742818403883,-0.1406759354661325,-0.10994761046492343,-0.04915969674259366,-0.08165015176048857,-0.11848315779522428,-0.06719925071150565,0.2228447755493224,-0.07168365970640055,-0.062011384610707286,0.5151959737767456,0.008104768194777415,-0.08840703766600258,0.43352630674196924,-0.08870899473883584,-0.047445816519535576,1.0,-0.0028414912862296158,0.017499803319326355,-0.05255959025653718,-0.07802547645866269,-0.05477320092736857,-0.09742100816697398,-0.06051103821755874,-0.04034385491051077,-0.11173733549490025,0.07624594429368343,-0.042968707765431366,-0.027053131106754957,-0.03303602404744732,-0.10207387462174058,-0.01246620335963664,0.35903208809917864,0.2128648918618567,-0.06259367923231965,0.29193101994101645,-0.09162834400888319,0.0832603004007035,-0.08239011681403222,-0.14211843311607472,-0.05031050835551422,-0.07987301302711683,-0.06267697665598904,-0.06495283831446015,-0.07485968918711187,-0.1017340286278246,0.0211760268266546,-0.10696288341555293,-0.08106236172441507,0.16953122442309848,-0.002976970948875902,-0.03738314920117356,0.05772537257394263,-0.07001968685909545,0.12401697648957932,0.17784349588244103,0.003309324842551609,-0.07439657331254822,0.037806645895004494,-0.04043486677780954,0.3636973332385078,-0.12954149430962192,0.047518055717077054,-0.022262122818758442,-0.007718392191482019,-0.08219846261705613,-0.07099009597010685,-0.08827261608896335
19,0.011619829335223047,-0.005511246210880689,-0.0065133470121890805,-0.012213957551277445,0.007599206775763551,-0.004518669062784218,-0.0034113810646579854,-0.015119737600273062,-0.0069929987656426875,-0.015136166068021815,-0.011209214178446685,-0.003498180069150779,-0.00035889810418750483,0.01891007032473298,-0.010162736060598547,-0.014661400159167871,-0.010446943550507043,-0.007480674852510954,-0.0028414912862296158,1.0,-0.012614623639184343,-0.005755269312949429,0.008629135143977638,-0.012617390261385572,-0.011366893174159017,-0.005262545395818036,-0.013845612254905111,-0.011593040305233539,-0.0032759466552521157,-0.0029014399648125567,-0.0029795438090418863,-0.0035156798373124683,-0.012032564793987063,-0.0049661216862058,-0.008389677355644545,-0.012098258747888476,-0.0023921362219780553,0.13229841698871775,-0.010493397393263807,-0.00914765843411504,-0.006943212902141332,-0.011511574352406642,-0.004474039161622471,-0.008482946661522214,0.04081869946782435,-0.006852726543948565,0.031568958789398846,-0.011944863361927892,-0.0007104475295745075,-0.012073466618158234,-0.007416062073834947,0.002111436383587055,-0.006484217383166012,-0.007981253840371275,-0.0012734208892023723,-0.007839283320504573,-0.008529040767949001,-0.009820195863837096,-0.004937809493373205,-0.00780413909569457,0.016815794833699625,0.0016190557187232254,0.01207019780783759,-0.01131450783792974,-0.0019623038453417214,-0.007533174134520034,-0.013484216016485806,-0.008207287024948329,-0.007628799924867158,-0.006723138121391613
20,-0.07042667486503804,-0.02942131724011615,0.05060409845316381,-0.11015096018602291,-0.11437142030652153,-0.04069782139972415,-0.07965953066633963,0.06706807298301551,0.13404313401222584,0.11044346515305156,0.025243461909378363,0.0380885136561376,0.2924800290588695,-0.043055287907503584,-0.07078705011554541,0.02428443538857943,0.09250692490910604,-0.07327914014917168,0.017499803319326355,-0.012614623639184343,1.0,-0.04567899651245984,-0.06798726683651224,0.28351217348059876,-0.04728286405980144,-0.08429682615909972,-0.1105196127755047,0.2846965983572596,-0.0725122518031697,-0.04616616543804209,-0.020927143219043112,-0.026196816474926617,0.09119790974634825,-0.06828092191094912,0.3243905702188718,-0.05660498244958702,0.11630899047627324,-0.0681168281918786,0.06415015268446334,-0.03859212152578506,0.0684446945024101,-0.1457210697028284,-0.045791400571576775,-0.01341089833480254,-0.06017296802016348,-0.05915452689619914,-0.08025909548756965,-0.06273660672113328,-0.026134914628332943,-0.10368534823060793,-0.04984334847876257,0.07159162562161638,-0.04370451887901776,0.3940555550164381,-0.04061880229648631,-0.06820479267261825,0.05314581147201215,0.2736369346826093,0.06865265214220687,0.008237102246820716,-0.10909670639703714,-0.04048200534141995,0.127850215202726,-0.008393337871048056,-0.012281733107275029,-0.07278733585487938,0.14034483587277818,-0.03884557272877952,-0.06929026330564206,-0.09883766488217047
21,-0.05319080523666368,-0.015537952682742162,-0.0380132076643345,0.1639714986519326,0.05435466629575657,-0.01068517137784495,0.027419918432842284,0.08254055707743882,-0.009342800479237622,-0.062464477069921205,-0.016407112012456915,-0.021273493076229735,-0.05858957755960163,-0.027698974680520915,0.14973308334870267,-0.052990540138576556,-0.02909566954319026,-0.02649716738779278,-0.05255959025653718,-0.005755269312949429,-0.04567899651245984,1.0,0.02432255937082233,-0.039571058519133784,-4.333169381645456e-05,-0.030734895681546553,-0.003616034141434573,-0.036621091102845484,-0.008050340444234676,-0.043171855473261675,-0.0032926166707386247,-0.0015202521626381388,-0.007253135254177985,-0.02514588709944347,-0.051655016078637206,-0.04484440394638103,-0.04199172653257181,-0.05070517457342044,-0.039697602174268015,-0.05322276192829954,-0.02788021255280479,0.06000122364908653,-0.010105645060169768,0.4427130907866217,0.04364866093117,0.6475887868088118,-0.03158602693930939,0.006552279747988116,-0.012544993376900553,0.20446713329104765,-0.024169897208933123,-0.02475420207552611,-0.032957840426180496,-0.024771303062979103,-0.050999086452469075,-0.02607229474568737,-0.02750263081672362,-0.04296841996803011,-0.027546375784111735,-0.022489237834601356,-0.04923599219168712,-0.010761020188319169,-0.0424239046355,0.09170553484348523,-0.006225529134859367,-0.03352563069706555,-0.049480390360288035,0.14919948671814723,0.3492686139643714,0.01655070138943006
22,0.10116772126535553,-0.02846745314218317,0.008622789340861886,0.061896675888422494,0.49113257233366153,0.02520562592611425,0.2517646873346905,0.07261625476311587,-0.025110384926952868,0.022169725350372926,-0.0020668448537032626,-0.03393960744377014,-0.09134498560193952,-0.03904971093409948,0.05858614886070806,-0.046744820444414914,-0.016655120021650996,0.007497120850327885,-0.07802547645866269,0.008629135143977638,-0.06798726683651224,0.02432255937082233,1.0,-0.040661094986792504,0.005470349403951642,0.2608079437319065,0.04443835379556162,-0.06309297367784937,0.31841735981146896,-0.007009461939272302,-0.007422275613770299,-0.017047068528103365,0.010453517591459467,0.24442656329531925,-0.0799928615460749,-0.06036197093485848,-0.06272029632491692,-0.07705240614136409,-0.06592988164946428,0.4269759574150169,-0.04617460233603503,0.22051597518780713,-0.034193119733530994,0.06757065903279383,0.5940108212973699,0.017463481868714964,0.26902139039399553,0.06521637220543422,-0.01884252826893013,0.12791659569299973,-0.020217180066476242,-0.039858786246278435,-0.013642767975898196,-0.02795993208237407,-0.00083761762161898,0.16866688863617219,-0.033045923538383155,-0.06787778101900194,-0.03497562546144117,-0.04010674799342719,0.09049206314236295,0.3199918101217317,-0.06583556986206954,-0.03401142154045673,-0.00404565904212884,0.1768779225812506,-0.017831878448633123,0.09418191660150525,0.12232119353551893,0.14015368720659568
23,-0.08190289892782937,-0.03487428279405134,0.18478741595106085,-0.10479458161757457,-0.08766976744092297,0.01599904294612613,-0.06203831573367907,0.06396724240316139,0.11010770745896584,0.21788632347304865,-0.0478337688068069,0.01740022002174324,0.06027219519733236,-0.05771041512511863,-0.056961571551639355,0.14807282633259328,0.2304555464677504,0.061951496427635616,-0.05477320092736857,-0.012617390261385572,0.28351217348059876,-0.039571058519133784,-0.040661094986792504,1.0,0.01337503842186858,-0.02437748612930925,0.02773550146426374,0.21157466454287197,-0.034499433365354756,0.0702125438504472,-0.015977610426357376,-0.02253945206896147,0.19606866235684453,-0.03478065504598975,0.040289103648756514,-0.04655242184938399,-0.046273407775516716,-0.10437783014571733,-0.07077444585864383,-0.019132610911245664,-0.007510363289868276,-0.09221101861288933,-0.057779591388378376,-0.054769673040807154,-0.04753087391023478,-0.04324036000803229,-0.016029061198572513,0.017340168988493124,-0.019502166521872484,-0.08430924892987585,-0.05440033067038309,-0.011356936116019602,0.009757182487472451,0.21359483898394696,0.09896303217021424,0.16482022231503954,0.05897072018725409,-0.028785869412851578,0.032978356982083235,-0.0253708482914869,-0.10855881386848452,-0.0337956432962416,0.09513191962502775,-0.03759028700405165,-0.021950285556892463,0.037391848272563484,0.2837142457135281,-0.02988335867203332,-0.05491145950164672,-0.021342937055918235
24,-0.08339518702838963,-0.0034169966237685666,-0.042917582930147385,0.3809253662365347,-0.0486346742268188,0.005772149531671304,-0.03487077804939666,0.31228628748270015,0.03666643861289809,-0.0002376931030686532,0.29587547046623935,-0.011770153589836643,-0.10132584820182251,-0.029040190431083572,0.09248764756664182,-0.08594037052017005,0.08567430234769749,-0.050840107122432254,-0.09742100816697398,-0.011366893174159017,-0.04728286405980144,-4.333169381645456e-05,0.005470349403951642,0.01337503842186858,1.0,-0.04470029225667513,0.13518757920329288,-0.0005829445462965778,-0.08440493142811374,-0.06967455507430403,0.021828221472620236,-0.0017741616778531076,0.1125312263203612,-0.03219835797683639,-0.07123584001567795,-0.06364114227219071,-0.04575508516332681,-0.03346496980790159,-0.06596630707219206,-0.022172589920916065,-0.04095508901445258,0.4127285306889092,-0.0328805330074845,0.09570185749230484,-0.009849915487280342,0.09918956415548892,-0.062399940015603145,0.25876919480484517,-0.021474161883209112,0.1992207834045983,-0.027461575259590976,-0.042256146503172234,-0.060286024469567885,0.023115112825127418,-0.07682143539341801,-0.02692592528511616,-0.0334477699816732,0.06908038181981319,-0.03281525842937084,-0.02000166088427245,-0.08529553974314985,-0.024433723917671544,-0.06932476619161052,0.09697024058204173,-0.00718840467919889,-0.05719350571311478,-0.026693390823392643,0.04047797340570863,0.03897566305542509,0.09690699974966824
25,0.06460072772785819,-0.030454622069977524,-0.014394227950469761,-0.054515178303148885,0.2319552329460268,0.040128556874320195,0.09822692000904801,-0.07086262790575804,-0.03978290007723069,0.015845806462003093,-0.02791077080356769,-0.03658273065240804,-0.08835533834436948,0.10387468769372707,-0.04793999808990691,0.021774550032836952,-0.04351179075813753,0.0402013378664533,-0.06051103821755874,-0.005262545395818036,-0.08429682615909972,-0.030734895681546553,0.2608079437319065,-0.02437748612930925,-0.04470029225667513,1.0,0.06353563481818486,-0.07071874635570012,0.1228274861131882,0.259132839964787,-0.011528418579882436,-0.020208738869783742,-0.020017915827098075,0.0674544517910732,-0.07179066154674318,0.2894123404497818,-0.06197046271013983,-0.06551155914094582,-0.07428842433586129,0.58330832009903,-0.05187053177816134,0.08726435704999172,-0.04386442874597839,-0.040774102405821196,0.11450158276847572,0.0163553822674296,0.07870955073355003,-0.03516945917813054,-0.017945271913394553,0.06382725401601276,-0.050201099113212494,-0.04394528117969985,0.028874507619274098,-0.036331022323596765,0.15122127245549224,0.05021963430036247,-0.0354206625379229,-0.056941573227851316,0.016192211294208798,-0.044444014211566366,0.0877757904720298,0.24856075846161305,-0.01085148973844802,-0.0732302875664731,0.01662503630916471,0.1715830620990234,0.015370466366088974,-0.04666447232778653,-0.018290989720803213,0.016298911405138894
26,0.16080831790971226,-0.0612298736941655,0.12585595419076345,0.32189093050183504,0.10731605587527569,-0.011400990520316942,0.07732787048708871,0.08475559033427477,-0.06271866242650403,0.24604762984932382,0.260216931802229,-0.07658066478471205,-0.05727873887057672,0.10521936009240411,0.03173432263692706,0.12399567226316006,-0.06301782110529416,0.08333848306832531,-0.04034385491051077,-0.013845612254905111,-0.1105196127755047,-0.003616034141434573,0.04443835379556162,0.02773550146426374,0.13518757920329288,0.06353563481818486,1.0,-0.14444818613023172,-0.03720303523930489,0.03490835090179428,-0.027136067468947048,-0.039424373887251854,0.04062000429745873,0.16153741253243797,-0.01643095030737579,0.12796812964831916,-0.12609863180312247,-0.003900579321989204,-0.14966640382438123,0.2666672148744905,-0.10836718838488082,0.2858390573112976,-0.07708970979465588,-0.017905569488816574,0.03280290173804549,-0.015080491358698421,-0.010773944254642794,0.024076831087314107,-0.015059098844167347,0.20782133033782085,-0.0766408303711861,-0.06134930918854617,-0.025880978673479712,-0.01252288969003719,0.0497973850395389,0.1460358570971076,-0.055012674287249735,0.03039263488724847,-0.022814981532810343,-0.09324447228037955,0.16652153322516527,0.00767985567909737,-0.05645020149312852,-0.13052451589235164,-0.00896405498347286,0.10025512973033697,0.046592190841404944,-0.004361783918810612,0.011217739336052135,0.27994765349121253
