,0,1,2,3,4,5,6,7,8,9,10,11,12,13,14,15,16,17,18,19,20,21,22,23,24,25,26,27,28,29,30,31,32,33,34,35,36,37,38,39,40,41,42,43,44,45,46,47,48,49,50,51,52,53,54,55,56,57,58,59,60,61,62,63,64,65,66,67,68,69,70
0,1.0,-0.0738284617392919,0.1838140328477884,-0.06857955149489664,0.0709924877836553,0.05058768900921041,0.03951464973225863,-0.10805526146647555,-0.07535134436350444,0.21039198389156585,-0.05233806376818616,-0.08168077326652462,0.23949879385106917,0.18903122746491158,-0.06573496670663609,0.4086684580992336,-0.1143868690030416,0.14390284512519763,0.4337250631716827,0.0049399239031787355,-0.06272038094871638,-0.05571227928080022,0.0910041217463525,-0.07697973478522019,-0.08649297849070145,0.055185625207571073,0.15774202508722232,-0.14784462139624807,0.14440894893929868,0.019340073841912657,-0.03267982073513941,-0.042551606189545864,-0.08671219962939179,0.03232004615209178,0.13768405265483263,0.09873740197689755,-0.09836491510471168,0.3545865457414984,-0.13651395372090092,0.14743574799213371,-0.11036130929592854,0.1268594311118119,-0.1643720874360323,-0.08406453625987706,-0.003613555787154463,-0.06687342234374144,0.0065065205498350655,-0.09436682394789433,0.018142422600113655,-0.04233061288921636,-0.08493188155673684,0.082638981697369,0.011980328677408225,-0.052218002013992265,0.07713151227895021,0.1351199693013157,-0.09742519794065377,0.0022952651451397257,0.03658153974936241,-0.09731871167313,0.32574476846410694,0.04199857412949906,0.12742242504271373,-0.08864124750278701,0.012706206591836374,0.1885033440345165,-0.013009133689728544,-0.07334975629291973,-0.05111837894272423,-0.003094136663180723,-0.07209037475268582
1,-0.0738284617392919,1.0,-0.04154075840875414,0.0005048930577235882,-0.04721254696456592,-0.03968409033271786,-0.03222838731485993,-0.014121013954179832,0.013066740742472268,-0.06469246180271836,0.03808873306682148,0.5637513272042126,-0.060227401016571355,-0.0415079836102628,-0.02754232083551642,-0.05542572908428174,0.0007723595291641159,-0.03180743735078612,-0.05792819076364161,-0.00575933286913701,-0.029586187319721083,-0.01577340813396288,-0.028561182022822273,-0.038249028222137174,-0.004445112779166376,-0.030615518391021203,-0.06354520874971312,0.0901102658298927,-0.05128975472561484,-0.039184561612331234,0.02799892048341278,0.22308971084974247,-0.029389152348302226,-0.011399784132250094,-0.05517672640578565,-0.03132788259522521,-0.02784649687502127,-0.06159167945351191,0.0019774287327677578,-0.051312001270048715,0.2449176319133029,-0.03294648948451685,0.18446758320148207,-0.022590306935692653,-0.024307715276854457,-0.0034284041374270146,-0.015282706345433432,-0.021463836054528375,-0.0126517244033843,-0.025667321938523554,0.37479641919879547,-0.02407710307498505,-0.034635837231568434,-0.010530806995256827,-0.052045289830943184,-0.0356269787494943,-0.02196390174744624,-0.03181608034525312,-0.023324669313968874,0.0590361490003627,-0.03482033126729518,-0.009795923010304013,-0.039988722698815427,0.08890601038583498,0.0014046128449244882,-0.03594647197315693,-0.015153030765043337,-0.02297667774859795,-0.019805948969551727,-0.03876542896777861,0.021761984289986526
2,0.1838140328477884,-0.04154075840875414,1.0,-0.11024903175297031,-0.06370702401718098,0.0540890189398637,-0.057372819414194566,-0.08434970440947928,-0.04098124427598811,0.5071622738546613,-0.05449713719380875,-0.04572212193390919,0.17000365557983213,-0.0763926950243794,-0.06793118603717516,0.3805908518441027,-0.04567817796712049,0.20172543915249314,0.027464660616854195,-0.009169257341785416,0.05714868485858303,-0.038524148995797154,-0.008371372576854436,0.2581678912228371,-0.04396227102259272,-0.01573886959587884,0.1142931319906042,-0.07355894816369585,0.1810738005362304,0.08911916608786988,-0.019596527430038334,-0.024115960967850333,0.1357227514303353,-0.10810230618291775,0.08646837790548566,-0.06490957684065388,-0.045372254154389155,-0.039974451774181616,-0.06746120800432925,0.02584292118716744,-0.05798271074049938,0.03376234479829302,-0.09068491843299151,-0.054382919257003275,-0.029143957050688746,-0.04623085998577676,0.07614233223910105,-0.04706852164326173,-0.006423495772629276,-0.08752025236307573,-0.03525200626699035,-0.018976379911239013,0.1304682609315556,0.02368420975977887,0.20730595876509728,0.22170048394178002,0.0406119702277256,0.007239690300003966,0.036460088621271154,-0.04850563563613766,0.024778760648760185,0.01185611420614756,0.028789879697101083,-0.054869771591083624,-0.012295215326058397,0.326720643842537,0.05983238240925723,-0.05166074568764431,-0.06310657260191038,0.05732562554029358,-0.0451397847477466
3,-0.06857955149489664,0.0005048930577235882,-0.11024903175297031,1.0,0.10368691691852933,-0.09002203245870194,0.2178010798136618,0.5220911213621247,-0.01638314791147311,-0.031860955295056295,0.3661317695339973,0.0032465116034927723,-0.16072526610015622,0.00901393265906099,0.34539411702941847,-0.14291780131429088,-0.05936404216314428,-0.07979563928180355,-0.14212181233755378,-0.015683394088672455,-0.11211273685096232,0.16598112959073608,0.06055460687909858,-0.11746312566897887,0.3787156586742798,-0.05334864200219838,0.31392541193266965,-0.036245142615913974,-0.06356441988538784,-0.07215280142929775,0.09285447914723301,-0.009060868528853407,-0.047644999967137475,0.5229614128212323,-0.1224495853682574,-0.08159548539913532,-0.07928921174663606,-0.10306390248314481,-0.05324500944040083,-0.022959696388600376,-0.039901567180926745,-0.07789537503051291,0.09108867083715305,0.22244056165613338,0.0601902215275822,0.20068676714946473,-0.006487078074323912,0.18394767646257365,-0.03526528224495576,0.3241192060087661,0.00889602235957497,-0.07126860432076872,-0.08652984201623495,-0.03697022405994139,-0.09189634308114986,-0.04117508107053903,-0.010795356852772194,0.043420124041974255,-0.07369428356603644,-0.016044049691442602,-0.009300121218740198,-0.019365010414733222,-0.11446234189911883,3.6964754280788444e-05,-0.010073265546566106,-0.09184832434285786,-0.06691225948828217,0.24253370892508086,0.3677394485400095,0.14861576838219534,0.03473305744051468
4,0.0709924877836553,-0.04721254696456592,-0.06370702401718098,0.10368691691852933,1.0,0.0964567569749488,0.44639107909063447,-0.02735199453971474,-0.04970201099064009,-0.04266021691359061,-0.03135852893449978,-0.053264660384176384,-0.14269621260898202,0.2207653506792187,0.04309510486653008,-0.10543163204313377,-0.07074959857320298,-0.023602913494680095,-0.10832140017173161,0.014133891889090078,-0.11606373325842273,0.04310547573256947,0.5306835601342528,-0.10113474947711461,-0.05247491470886384,0.2966875274815714,0.11971946584240598,-0.0940840603947719,0.16344762615122668,0.27010453739749773,-0.018299721909456758,-0.025735670828328158,-0.08316205629771907,0.16055427709853548,-0.1186871038833433,-0.03601260043127315,-0.08632572621709268,0.25178731243053365,-0.09836017368341474,0.24718700270767252,-0.07049376901264937,0.28991819587330636,-0.09319418125421884,0.043451031209838425,0.5052495934303369,0.062376522053640415,-0.023078538348460666,-0.014125749127482056,-0.02485437582481774,0.1982966834733082,-0.04417218979273139,-0.061578841460579306,-0.020661939891974877,-0.04345673450342912,0.2834650351839798,0.05478235863399299,-0.05830401701430978,-0.09771848638492736,-0.05987839582605306,-0.061307825415399676,0.17638959438551272,0.24990342402504295,-0.09014871341364367,-0.07392957266405334,-0.0058124747551127846,0.07805855453431765,-0.03999877783154939,0.03312273937254331,0.20592595163103022,0.11126498225698372,-0.0581411216093701
5,0.05058768900921041,-0.03968409033271786,0.0540890189398637,-0.09002203245870194,0.0964567569749488,1.0,-0.03431592244614248,-0.08040057244378856,-0.03692147018603327,-0.04766327235845649,-0.06874125522516562,-0.04650259612518462,-0.04070383876168056,0.07201180305095484,-0.05657234113555866,-0.018029222565319407,-0.05034928371326894,0.07964326463230054,0.05487374529512762,-0.0025934692433824905,-0.07807571106119153,-0.030105477269638994,0.1967608039115503,-0.052930448093351457,-0.06634106234490389,0.03620350782093702,-0.05562120910393607,-0.08201851721441031,0.39617601581416756,-0.002215672366111422,-0.015042912316522916,-0.024649678832784384,-0.055145896684656845,-0.021611304458081567,-0.04580951643298332,0.13848114256119864,-0.07205866246682363,0.16185900581500523,-0.08657785049606738,0.008476194428526356,-0.0629769370660944,0.11131089657024557,-0.0852180446035685,-0.04265996204096745,0.05480311981777144,-0.03317820284915589,0.020563819478506835,-0.04993675951769434,0.04327757952944418,-0.05678997230369937,-0.0519605334378052,0.01899525746339455,0.1815609451761348,-0.04038784714670858,-0.01959275064374639,0.03810150908651313,-0.04648980181072149,-0.03976993315832142,0.033781838740675814,-0.05250046838052508,0.1340683214769469,0.11629655009505517,0.007838767807983548,-0.06619332373012035,0.0041257659727093,0.09088719615983751,-0.02916835043198618,-0.048497659211875516,-0.015449360230366254,-0.014513548357728315,-0.04495750821781441
6,0.03951464973225863,-0.03222838731485993,-0.057372819414194566,0.2178010798136618,0.44639107909063447,-0.03431592244614248,1.0,0.071987165560816,-0.03571660399935321,-0.032571419948243543,0.018289479282450692,-0.037431065079233855,-0.10312138564226181,-0.07207430182350313,0.08798064771633776,-0.0765854147443793,-0.04742221689820801,-0.030035544396584873,-0.08619597060517963,-0.0034871396569545327,-0.08088208900882488,0.02883252505717707,0.26201490725466914,-0.0717283292037525,-0.03530408113380897,0.1000613115105834,0.08059500150685427,-0.06508642105488974,0.018828720821884373,-0.02790010885661525,-0.014364926330802424,-0.01817470252036439,-0.07023045208641182,0.19404590884375186,-0.08757512583377772,-0.05205474836583855,-0.06432548412354896,-0.029351038446842042,-0.06829748840069011,0.10515793532998807,-0.04898537282243168,0.10124543658584376,-0.05917564352783933,0.07649592561086771,0.22248411337891386,0.10522014198862448,-0.030608253248874853,0.10219358752607224,-0.021348083884980884,0.3360668644810252,-0.02138533987238615,-0.04310329657988708,-0.0383500590844925,-0.02412973398820743,-0.03229078941969811,0.08998187926827601,-0.05278987505559744,-0.07191570868399427,-0.04714847677917243,-0.043104137015075816,0.1389257708234452,0.08720486626662341,-0.06448061286827171,-0.0557203118911421,-0.012209041446679756,0.01805620177734217,-0.041237692330199284,0.015371218188581788,0.46938776030948837,0.09121988983377025,-0.04355187304508001
7,-0.10805526146647555,-0.014121013954179832,-0.08434970440947928,0.5220911213621247,-0.02735199453971474,-0.08040057244378856,0.071987165560816,1.0,0.23290597118387243,-0.011047968504383306,0.19794254135230832,0.029720339574647314,-0.10855481595389793,-0.06392759829888958,0.3052050985385014,-0.09730225009769491,0.13590987375803343,-0.0653746299589387,-0.12058355804785453,-0.01528287247131522,0.07567835518425045,0.08250470377736502,0.07153437456522599,0.0748683617148175,0.3327183900464109,-0.07220168819487849,0.0805204998858456,0.020621207630572295,-0.0767087518359295,-0.062132079628129,0.023448561418770372,-0.0015223061588499013,0.07988581324981704,0.44439399796703755,-0.07876484785210539,-0.09480284180418354,-0.09529531916670653,-0.13573457541396466,-0.09936843505340592,-0.07603295752463832,-0.04658276499968558,-0.0817809292481495,0.06557737321820979,0.14943409797201684,0.025506752134238985,0.1351975394197349,0.02778647845236404,0.35155816499348647,-0.03326114111118503,0.13855802089389013,-0.05688712637945134,-0.043894661650318356,-0.07961241675725604,0.0386328687155086,-0.09810465425973354,-0.042541164973995585,0.24367372082365657,0.025552531613313327,-0.0438504209983462,0.049967589589589606,-0.04646386400395415,-0.036214903720316466,-0.06273863751895706,-0.04890517964386874,-0.01637226267253858,-0.07906881654884337,-0.032949001132900266,0.22604180737389537,0.1853418204206666,0.07701124809051524,-0.059694389498417
8,-0.07535134436350444,0.013066740742472268,-0.04098124427598811,-0.01638314791147311,-0.04970201099064009,-0.03692147018603327,-0.03571660399935321,0.23290597118387243,1.0,-0.05594684114966082,0.04451183821954216,0.0873675221772934,-0.06579087397342195,-0.05722638778749359,0.014500885975576725,-0.05225949180679107,0.2705648499646078,-0.03545969563863546,-0.06827198847651092,-0.006933130525036468,0.13136045908056032,-0.009252717707244501,-0.026201164287357054,0.10328314130675915,0.03843440916315287,-0.039140747657462865,-0.06453043993733548,0.172486157444765,-0.05140340683148537,0.0017063402861801392,0.04959654128943417,0.008573642777485976,0.15568367941393382,-0.026823985277375218,-0.056155951037937225,-0.05159989487345708,-0.01359113362751657,-0.07494658596652884,-0.04169001413728704,-0.06335075109359206,0.029779257608995323,-0.03415910753067959,0.04389158367077819,0.021634843504099513,-0.015767686905811824,0.0037349600621426142,-0.022302024539588905,-0.005690945913312626,-0.016450667129173275,-0.035880310007076394,-0.02977215692599833,-0.017046046729152296,-0.040301800357513455,0.0453085989548731,-0.03412300675418671,-0.032114371511357556,0.43620571185360063,-0.02847302669224116,-0.022892549647621576,0.20257567557758074,-0.040351764294651746,-0.01893257904378573,-0.036858487513915274,-0.0015558938232205274,-0.010551222225577287,-0.04042495387803227,-0.0020021347805634776,0.022117880250048738,-0.02668151484454967,-0.04125025965052848,-0.030918357262165047
9,0.21039198389156585,-0.06469246180271836,0.5071622738546613,-0.031860955295056295,-0.04266021691359061,-0.04766327235845649,-0.032571419948243543,-0.011047968504383306,-0.05594684114966082,1.0,0.09728982034435878,-0.06365274282271924,0.35847790801144497,-0.036124194156888084,-0.04881110436516565,0.31277815402164233,-0.08741674978241284,0.07151970506978554,0.19045675183909377,-0.013932322698032932,0.11027795234668603,-0.06174614404407844,0.02708575554119405,0.21590884414128653,0.003061667884153931,0.01831539409197671,0.24293859530129686,-0.1284591037250838,0.026154262730187693,-0.03561464622005572,-0.029274890614206857,-0.0403234813211121,0.0014351866315706406,0.05116616698243375,0.3027109480522792,-0.011286121407524975,-0.07978887837369474,-0.028913939369457114,-0.11353574911242106,0.23051259813681546,-0.09682300052322099,-0.039893899657480254,-0.14079028454313577,-0.08643981050294677,-0.029569490622082646,-0.056650703587335025,-0.018054376478083188,-0.024782834736643472,-0.017607435678503626,-0.03506333612634217,-0.07395842092715756,0.02201008276020565,0.004487744380306228,0.10548656410003354,0.043869770435561964,0.3111398565594912,0.001513538581042334,0.13693320669657133,0.03552797075117649,-0.08881656789132644,0.12871811315590528,0.021788066086374562,0.20954499613019575,-0.06906263066330806,-0.017321151889203586,0.3128332500945299,0.011417739139458342,-0.07978636510752872,-0.07258255925976467,0.051102443388175864,-0.07642676051836363
10,-0.05233806376818616,0.03808873306682148,-0.05449713719380875,0.3661317695339973,-0.03135852893449978,-0.06874125522516562,0.018289479282450692,0.19794254135230832,0.04451183821954216,0.09728982034435878,1.0,0.09079090921700209,-0.07653715425482577,0.01709520625986913,0.0336579394276551,-0.052643179232135906,-0.01769820497723341,-0.06158035438592732,-0.07185872190929402,-0.011161406754541463,0.022023069491851285,-0.016642881848879687,-0.002116685897564679,-0.05875621384582328,0.30496845582277055,-0.028249492133402956,0.2567380057170082,-0.07906710690822041,-0.04789645202974771,-0.07091196946173925,0.044482955455165146,-0.02407451320032241,0.027819983913546453,0.3320018307632583,-0.022476454672049666,0.07414868243066644,-0.08621030264306606,-0.08576637345905794,-0.10876629399447646,0.13423739028766155,-0.05338459461815677,-0.07486088031892818,-0.020087611080093624,0.0476955151553934,-0.023257578875523266,0.055575937879658185,-0.007028155678285198,0.09890425271945176,-0.025273676927281608,0.15163617218539877,-0.048101047510995545,-0.02632429662964794,-0.0598757010636803,-0.025919045220834838,-0.07275937436122462,0.007441696270498857,0.05817832080482271,0.2870162475792966,-0.04872594288867606,-0.06557767454217799,0.012219098220394443,-0.021307595751380456,-0.07953561456385641,0.09307772170568018,0.0054816109486616246,-0.035712043088948986,0.008450467478323585,0.019832383570320845,0.0246194182139523,0.13830315421404954,-0.06296458600930402
11,-0.08168077326652462,0.5637513272042126,-0.04572212193390919,0.0032465116034927723,-0.053264660384176384,-0.04650259612518462,-0.037431065079233855,0.029720339574647314,0.0873675221772934,-0.06365274282271924,0.09079090921700209,1.0,-0.05727793754763075,-0.046443891588894656,-0.03508019205084795,-0.05906831236035774,0.10261274302939566,-0.03540823022735522,-0.0630437238680412,-0.00574711026966564,0.0418006711386432,-0.020516809100121346,-0.0334001982888537,0.015280651157171522,-0.004800785936807827,-0.036670271395549944,-0.07746572669647106,0.17184556513982413,-0.05983534276875867,-0.025854930040647893,0.013103642030070448,0.07454250033860639,-0.009670885918754469,-0.012124845811222676,-0.05110702436052257,-0.044397944778224854,-0.016828529148698992,-0.06973708396850312,0.028611488746990314,-0.057811539695229994,0.3192417811842312,-0.03480626932459419,0.1318380342418123,-0.02406558073931723,-0.0279003075196384,-0.006502903691087239,-0.02145969680493423,-0.0247272494630182,-0.015053866884118632,-0.036878896637453355,0.07260931045322344,-0.024822856050904236,-0.037750254881536695,0.011277027800139075,-0.05179773644013352,-0.03828336668749841,0.004943173011694284,-0.017640281135925757,-0.016909933070212373,0.1351237493866314,-0.039065749420451365,-0.01921287299151196,-0.036232112896510654,0.19108589425335856,0.008487397718180323,-0.040147956839561086,-0.014323628997993623,-0.02482175647646749,-0.02999226964626496,-0.04389568626460672,-0.016899386990906158
12,0.23949879385106917,-0.060227401016571355,0.17000365557983213,-0.16072526610015622,-0.14269621260898202,-0.04070383876168056,-0.10312138564226181,-0.10855481595389793,-0.06579087397342195,0.35847790801144497,-0.07653715425482577,-0.05727793754763075,1.0,0.09393966364081185,-0.10348151757922441,0.2623666377733781,-0.0950028835631313,-0.07385643628707675,0.5207051902513171,-0.0005907155175977532,0.31201800960057197,-0.059338931896050356,-0.09538603672379567,0.10861551515065912,-0.10326126190517157,-0.0905211774940109,-0.061147434850834445,-0.09578554132280742,0.18121117872164583,-0.04381652646404133,-0.030133967377786695,-0.0371764731038932,0.008656671141432187,-0.18968281638807805,0.6228875913873866,-0.01972384233848703,0.019190859578770945,0.06653184441298376,-0.043263263079291486,0.00882593183896201,-0.07675978179494072,-0.08863087017801297,-0.13132431373286987,-0.09071463235391922,-0.072935121894705,-0.07592736976426126,-0.039798565649373716,-0.11496241128083859,-0.008600984617957807,-0.13068514330386152,-0.07229010787714643,0.139600747752254,0.012637393779591258,0.07353108643975215,0.10187019342049863,-0.08130119096912722,-0.06137988011903322,0.30896463805459123,0.1174456760408148,-0.08225961666541617,-0.07801736871945719,-0.047645593463266245,0.6286101986281291,-0.02681202194809272,-0.001210223701131983,-0.06560402906958976,0.05403542327624518,-0.0882203453185056,-0.08578933538943567,-0.10663066239344324,-0.05490075940830451
13,0.18903122746491158,-0.0415079836102628,-0.0763926950243794,0.00901393265906099,0.2207653506792187,0.07201180305095484,-0.07207430182350313,-0.06392759829888958,-0.05722638778749359,-0.036124194156888084,0.01709520625986913,-0.046443891588894656,0.09393966364081185,1.0,-0.052105431658484434,-0.06002486639835841,-0.08775877028656756,-0.07270095467636489,0.20428357171261335,0.06979594126367203,-0.06938991155900484,-0.050654295910620324,-0.08007108511761785,-0.11640214829998481,-0.01578834820216184,0.03455880755442566,0.11667938622968249,-0.10095202955999047,0.08691855893925349,0.31991634519065915,-0.012414987217141758,-0.02989565063632848,-0.095504897916711,-0.023576853856437163,0.10300022389844504,0.07351465994612673,-0.09177532410474559,0.6316650424752939,-0.10174896536582738,0.04166567663749911,-0.0745756608256104,-0.07642051741847547,-0.10430229982058231,-0.07084261428917102,-0.04390568491701044,-0.02598942708256894,-0.04547037042357066,-0.08723775260123935,0.01627686875745331,-0.009216063941739714,-0.071127568453837,0.020990755719385554,0.039516969202357186,-0.0501417003715416,0.5246773842096123,-0.08616682687713467,-0.09743460785018582,0.03536151378404809,-0.025692659431204287,-0.07053343368124404,-0.012224600191434518,-0.03363212932909551,0.09159652970484318,-0.03707041621119423,0.011033193371689676,-0.05941050188386694,0.04639677452788458,-0.08007316944343766,-0.02052813938716935,-0.07501324501704348,-0.04389678302037617
14,-0.06573496670663609,-0.02754232083551642,-0.06793118603717516,0.34539411702941847,0.04309510486653008,-0.05657234113555866,0.08798064771633776,0.3052050985385014,0.014500885975576725,-0.04881110436516565,0.0336579394276551,-0.03508019205084795,-0.10348151757922441,-0.052105431658484434,1.0,-0.09154585134988621,-0.025623714393391995,-0.04162848034535875,-0.09085846952888077,-0.01001595314628671,-0.0722452370830432,0.14895523137125477,0.05665840439294355,-0.07100661427268609,0.09514316208613158,-0.04852749646630344,0.02705676681110056,-0.06432898423096307,-0.06079914741234162,-0.06556824054727521,-0.0077463003625506295,-0.011135414919711827,-0.021283736154360206,0.11510570403222922,-0.0890634892263018,-0.07639861948772297,-0.07016303685829552,-0.08710932260808649,-0.06831526406460878,-0.09132617920805361,-0.049503764026065086,-0.05285390466889786,0.04523199911789727,0.16364832197967177,0.1170843803826366,0.1296210507829118,0.06801210301856586,0.1554865217062666,-0.02207467231236324,0.05635538501336375,-0.03109573205831719,-0.04346883301414477,-0.05597383467054898,-0.02268495205784151,-0.07847354567407892,-0.02913326177794727,0.07208167001179053,-0.06824643244484603,-0.04222508170677005,-0.04210442168673337,-0.011205971401217596,-0.01161803231171943,-0.07164135555816392,-0.0549265837123603,-0.016254779600015624,-0.055906879317704446,-0.04418749680593913,0.48866976483017244,0.1348742046701214,0.18880735712097424,-0.037497172793773376
15,0.4086684580992336,-0.05542572908428174,0.3805908518441027,-0.14291780131429088,-0.10543163204313377,-0.018029222565319407,-0.0765854147443793,-0.09730225009769491,-0.05225949180679107,0.31277815402164233,-0.052643179232135906,-0.05906831236035774,0.2623666377733781,-0.06002486639835841,-0.09154585134988621,1.0,-0.0728952675153916,0.07844493464564363,0.42249517889433263,-0.014555558453605297,0.033049321977613746,-0.05246051559705428,-0.050889656190126906,0.19437253461524617,-0.08687710634908626,0.018552693703319932,0.10658925582432852,-0.10912977594033976,0.09861302594028154,0.06600247669803581,-0.02578198260416927,-0.03273068864367902,0.0943178920462947,-0.10606060610110413,0.17708765941712692,0.17191948343199953,-0.06957212705372354,-0.042319325412769865,-0.09569411128713767,0.14357691590083377,-0.08204734415419573,-0.03189230072665762,-0.12645551127971838,-0.07908282594947674,-0.05853795593166926,-0.05889652224362424,0.026604413282897844,-0.07795715332680311,-0.014968161577600874,-0.1071492523972818,-0.06658764626716354,0.07756138848090838,0.05713419688525946,-0.004454499575070692,0.10211367938834477,0.03638781599508964,-0.019908580237837672,0.02908646627724402,0.12386608973502404,-0.07295160997063546,0.03874019977406997,-0.036565225431940254,0.14224652983450653,-0.07314755736106451,-0.005251923945180574,0.07850309179675681,0.04400137311987959,-0.07769866226332761,-0.08220660387086601,-0.06990433345675098,-0.059205584630451155
16,-0.1143868690030416,0.0007723595291641159,-0.04567817796712049,-0.05936404216314428,-0.07074959857320298,-0.05034928371326894,-0.04742221689820801,0.13590987375803343,0.2705648499646078,-0.08741674978241284,-0.01769820497723341,0.10261274302939566,-0.0950028835631313,-0.08775877028656756,-0.025623714393391995,-0.0728952675153916,1.0,-0.04825022492401729,-0.09045674679585777,-0.009913924217463245,0.11432264064890485,-0.024959147596961023,-0.02188064230043108,0.19770995741219388,0.07859159510617826,-0.046514858760470915,-0.0803187197699536,0.30183048900907616,-0.07429940466772489,-0.0019681375720890237,0.03355508055901962,0.00339197478125145,0.49927519864413317,-0.09637210164642313,-0.0780504320163323,-0.0740326808273364,-0.051169813006463026,-0.1030052891305119,-0.058080741483009214,-0.09888017947469945,-0.028829516329862998,-0.0385184850919625,0.1362876710481765,0.08297737080036051,-0.03930033162446926,-0.012566361687611185,0.046753636181724914,0.2511523228560615,-0.006244659419316785,-0.06205677622053383,-0.03978570195793838,-0.039357078316690275,-0.05463927578761951,-0.020300711700404903,-0.02505493634030218,-0.015673395789541647,0.5436075071828894,-0.0638645073254443,0.06741471270938801,0.21335815949576623,-0.05604829623419126,-0.026688296469631473,-0.03350532002956241,-0.042559468783306055,-0.01687973830003279,-0.057356981934184176,-0.033231118901944474,0.08760691801380874,-0.03895807153548068,-0.04119631535105622,-0.039496138338847964
17,0.14390284512519763,-0.03180743735078612,0.20172543915249314,-0.07979563928180355,-0.023602913494680095,0.07964326463230054,-0.030035544396584873,-0.0653746299589387,-0.03545969563863546,0.07151970506978554,-0.06158035438592732,-0.03540823022735522,-0.07385643628707675,-0.07270095467636489,-0.04162848034535875,0.07844493464564363,-0.04825022492401729,1.0,-0.05310432596832895,-0.006301612687708857,-0.07389968354000953,-0.02700691370116204,0.011489031435732577,0.034803414331276296,-0.05252827429442788,0.04297950273508551,0.08263894268910733,-0.06280576445916822,0.06547247247764088,0.13436174759115535,-0.0141472079501907,-0.018092674179117026,-0.05514280000173791,0.07565061181097826,-0.07723683947285831,-0.03659596743031906,-0.04876140911845894,-0.05258992225730531,-0.0642814455162525,0.0744215747752587,-0.04611849556437177,0.22304550371840925,-0.07233828069552357,-0.03078762416705622,-0.016009928925650986,-0.03281424174641212,0.22242284751052618,-0.032778924208619886,-0.017195189222459287,-0.05974652632790972,-0.03802650592015931,-0.037692385976415416,0.07937733348820147,-0.03254257238398561,0.03778609016774284,0.3702367940239378,-0.02086856062200481,-0.06854683426879624,-0.01645692470579507,-0.039394733608665244,0.0657088427717456,0.02800790749308467,-0.06480524976755953,-0.056040480995872416,-0.01331240119237911,0.3529506948979487,-0.03285755879187635,-0.033460464514297905,-0.04455059625621682,0.21722159280375652,-0.04299236818620029
18,0.4337250631716827,-0.05792819076364161,0.027464660616854195,-0.14212181233755378,-0.10832140017173161,0.05487374529512762,-0.08619597060517963,-0.12058355804785453,-0.06827198847651092,0.19045675183909377,-0.07185872190929402,-0.0630437238680412,0.5207051902513171,0.20428357171261335,-0.09085846952888077,0.42249517889433263,-0.09045674679585777,-0.05310432596832895,1.0,0.01352068675477559,0.015579635349969815,-0.05370429621286833,-0.08194134489337306,-0.06658908673721368,-0.09919726126840184,-0.06498782958172777,-0.04032773762076124,-0.11370034377465249,0.09331869689254957,-0.05877994284474677,-0.027352557693491375,-0.03372338421699092,-0.07829523575390557,-0.14773197664735183,0.3601763505683134,0.18475828298674377,-0.06293329133982689,0.2022481375141295,-0.09318085058057132,0.08372341603956474,-0.08471688611991945,-0.07798162474570454,-0.13141298224277537,-0.08142927357645399,-0.062273194970232565,-0.06582495911662581,-0.05140434595851119,-0.10447855171289815,0.02415240160968502,-0.10832487833591897,-0.07903821525659162,0.17080620279263586,-0.0011933065687005238,-0.03900127872025258,0.05723836096779429,-0.07795297023817867,-0.1025373223601356,0.15985387531573558,0.1217690401254013,-0.07585391993883862,-0.027123046304145342,-0.043621460686639926,0.35497175292548977,-0.06291632095534294,0.045890127981987223,-0.03200560437372615,0.008870155211304043,-0.08331226207629305,-0.06724198436239864,-0.09274313192332062,-0.04886277818816383
19,0.0049399239031787355,-0.00575933286913701,-0.009169257341785416,-0.015683394088672455,0.014133891889090078,-0.0025934692433824905,-0.0034871396569545327,-0.01528287247131522,-0.006933130525036468,-0.013932322698032932,-0.011161406754541463,-0.00574711026966564,-0.0005907155175977532,0.06979594126367203,-0.01001595314628671,-0.014555558453605297,-0.009913924217463245,-0.006301612687708857,0.01352068675477559,1.0,-0.0127949406885987,-0.005661741044222967,0.007404499181673929,-0.013736868606841703,-0.011253960310246947,-0.006017246320906086,-0.00975023887377434,-0.01171103150265619,-0.007894558913667611,-0.0031985338490934856,-0.0029054059924471746,-0.0034869001020581807,-0.012675500379895316,-0.014246647011435005,0.002238327396791937,-0.011640928337522715,-0.008414799120064188,0.02735561569207593,-0.010371648970094708,-0.010922878193327776,-0.007503988315978961,0.030888506885439926,-0.012213578839558474,-0.008416772444199215,0.03963037290112227,-0.00672801835809121,-0.004538410763375005,-0.011599352970178597,-0.0003316107126705109,-0.012022540423335525,-0.007430415824057819,0.0018652847705655658,-0.0069858747735977,-0.007823186043057777,-0.00044314221247046624,-0.007991308445126613,-0.011302661639348097,-0.009946014200140548,-0.00803378072834209,-0.0077914152513740495,-0.001590577716753608,0.0011155364867706753,0.015117838037108793,-0.0005580860469213063,-0.0006408475074481475,-0.00776420422158535,0.003908210370741712,-0.008890949742098121,-0.00193894139954997,-0.006819663939577522,-0.004207634261686745
20,-0.06272038094871638,-0.029586187319721083,0.05714868485858303,-0.11211273685096232,-0.11606373325842273,-0.07807571106119153,-0.08088208900882488,0.07567835518425045,0.13136045908056032,0.11027795234668603,0.022023069491851285,0.0418006711386432,0.31201800960057197,-0.06938991155900484,-0.0722452370830432,0.033049321977613746,0.11432264064890485,-0.07389968354000953,0.015579635349969815,-0.0127949406885987,1.0,-0.04607331661337684,-0.06911189935305652,0.3147624109155396,-0.048601137495801174,-0.08478137730551094,-0.11633069720226438,0.2826860013582373,0.006676429869387539,-0.04870487266510763,-0.020619208081980294,-0.026404023153578517,0.06132766519413066,-0.1485929887790814,0.3160922501161253,-0.0605921723340741,0.11930216763405806,-0.11708135827936686,0.05343250529018024,-0.03577999543186714,0.06487512647427836,-0.08034023266105504,-0.01282400370550507,-0.014032053490507856,-0.06011168160701724,-0.05914388182680971,-0.04171512763201847,-0.06400721770234985,-0.02658176931407155,-0.10610353041828782,-0.052598781300131146,0.07048915575679376,-0.03203643983322587,0.3944331168699746,-0.043965008156195626,-0.06915297412715676,0.10413282368355534,0.2840185394817769,0.054797977510717466,0.010021039242764193,-0.06778338234005808,-0.03810514941563166,0.1385420906037228,0.09406784726230918,-0.01244969524265023,-0.07294188763389531,0.07151348127017387,-0.03960750499215397,-0.07318656016034131,-0.09927135713374605,-0.04736083837435929
21,-0.05571227928080022,-0.01577340813396288,-0.038524148995797154,0.16598112959073608,0.04310547573256947,-0.030105477269638994,0.02883252505717707,0.08250470377736502,-0.009252717707244501,-0.06174614404407844,-0.016642881848879687,-0.020516809100121346,-0.059338931896050356,-0.050654295910620324,0.14895523137125477,-0.05246051559705428,-0.024959147596961023,-0.02700691370116204,-0.05370429621286833,-0.005661741044222967,-0.04607331661337684,1.0,0.024747299863965212,-0.04419831876004377,2.3556598505080663e-05,-0.0308421241553747,-0.007508382537910597,-0.03676966909341939,-0.023058558574889032,-0.04089165587769844,-0.0033064850598014056,-0.0015037407051391922,-0.04426226693802211,0.0598489013442236,-0.05294821511293862,-0.04345169894740254,-0.041768221381764004,-0.058705717703416746,-0.03900951760788217,-0.05380074225022287,-0.027953042462228583,-0.03152226594490678,0.0933723776731056,0.44479991761557847,0.04496094617259888,0.6475979282382113,-0.011603632036652746,0.008770423692037246,-0.012686824770511734,0.2195408622310277,-0.02186582668634755,-0.024745254515756973,-0.0321889951755464,-0.024399396315990585,-0.04884094010916505,-0.026055901693813638,-0.001202429467875193,-0.04253968863374793,-0.02709429509517339,-0.022162671731286658,-0.025497849548332188,-0.011141841568701934,-0.04303488595300821,-0.03388981898909765,-0.006072616627192044,-0.033335965310714116,-0.02933281211622115,0.1494329334803919,0.3466892126236466,0.018865034180322364,-0.012011330556636415
22,0.0910041217463525,-0.028561182022822273,-0.008371372576854436,0.06055460687909858,0.5306835601342528,0.1967608039115503,0.26201490725466914,0.07153437456522599,-0.026201164287357054,0.02708575554119405,-0.002116685897564679,-0.0334001982888537,-0.09538603672379567,-0.08007108511761785,0.05665840439294355,-0.050889656190126906,-0.02188064230043108,0.011489031435732577,-0.08194134489337306,0.007404499181673929,-0.06911189935305652,0.024747299863965212,1.0,-0.05372086783052843,0.005264860426829363,0.25527724586670447,0.042641325369295914,-0.06274606012881569,0.3205602337475024,-0.017885843775665548,-0.007206684993198838,-0.0170108352271147,-0.012522342804470087,0.2250477682872244,-0.08361506134588756,-0.059387682616132774,-0.06431750163233813,0.04677648190639069,-0.06488458086397897,0.42991732013545614,-0.04645425914658414,0.26718981506905215,-0.03421598460040167,0.06774018424717625,0.5907550453635124,0.016096638681217034,0.023900672700367328,0.06314427085784645,-0.019353125776476285,0.12731808442907672,-0.01623580804495767,-0.04037701013439207,-0.02759778709160934,-0.027250240785122042,-0.019620941742667476,0.17475154508207946,0.004413882124572363,-0.0677851470742481,-0.03441027097874718,-0.0400190602137285,0.24871819462227507,0.3193567712385813,-0.06953554613986575,-0.051835173772760104,-0.0040794947879883685,0.18255759824863024,-0.038139249912327006,0.09040792798450183,0.12491763704317228,0.13752382621819959,-0.03477908965410649
23,-0.07697973478522019,-0.038249028222137174,0.2581678912228371,-0.11746312566897887,-0.10113474947711461,-0.052930448093351457,-0.0717283292037525,0.0748683617148175,0.10328314130675915,0.21590884414128653,-0.05875621384582328,0.015280651157171522,0.10861551515065912,-0.11640214829998481,-0.07100661427268609,0.19437253461524617,0.19770995741219388,0.034803414331276296,-0.06658908673721368,-0.013736868606841703,0.3147624109155396,-0.04419831876004377,-0.05372086783052843,1.0,0.0021240543298572377,-0.031062043485562803,0.018263018220713943,0.18232538479343935,0.16652285825666668,0.09517993127099873,-0.02034128233177486,-0.025469595162065192,0.36955932713949957,-0.11602464636390113,0.0828705564272148,-0.05552816938524465,-0.04282592981729019,-0.13390708583497846,-0.07928842220345234,-0.028557448061278412,-0.012335035881075627,-0.027477112536503305,-0.049918518252397306,-0.06453102904902513,-0.052595257098480216,-0.04751381571925303,0.013529698616899859,-0.014478341744382242,-0.020927349152133908,-0.09792169516757818,-0.05325789034275097,-0.0027072410435548117,0.04951216352652654,0.22060011637534982,0.1389661361231489,0.1388778904150974,0.1742121397767296,0.020149912197663586,0.06719955847469303,-0.029504977235551642,-0.05339667251306847,-0.03354571189202842,0.14891514601296335,-0.04364867567525507,-0.023608851308250134,0.02221586106458216,0.09716778953346934,-0.04204590271346429,-0.06880191920579543,-0.03711930899214946,-0.06487087013901505
24,-0.08649297849070145,-0.004445112779166376,-0.04396227102259272,0.3787156586742798,-0.05247491470886384,-0.06634106234490389,-0.03530408113380897,0.3327183900464109,0.03843440916315287,0.003061667884153931,0.30496845582277055,-0.004800785936807827,-0.10326126190517157,-0.01578834820216184,0.09514316208613158,-0.08687710634908626,0.07859159510617826,-0.05252827429442788,-0.09919726126840184,-0.011253960310246947,-0.048601137495801174,2.3556598505080663e-05,0.005264860426829363,0.0021240543298572377,1.0,-0.04454116789983486,0.13259366122953997,-0.004702948116370245,-0.0918809355535547,-0.06741195600431962,0.020980574519453562,-0.0019825278430357605,0.0644804632289798,0.4118178948445391,-0.07142129467043408,-0.06281600052667795,-0.03907993281005957,-0.09240960079772256,-0.06679447632092636,-0.022500000660523007,-0.04186102853518423,-0.06193855301918,0.09939556919736597,0.09287402159174914,-0.008920639640019233,0.09978102764195798,0.005168472644123219,0.25947537670540194,-0.021958928673798526,0.19912372717797533,-0.02392734153656665,-0.04277049892877082,-0.06029027658947654,0.025313763746142855,-0.07506911900924898,-0.025413367217211935,0.11048461490028677,0.0666668636800429,-0.03348196661943347,-0.021142304004171115,-0.03335837276975641,-0.024243739957388197,-0.07097279999902392,-0.037511045609339315,-0.0071924245683219045,-0.05666591900911602,-0.03518710752821438,0.03849870119122874,0.03745650114305818,0.10141986310324083,-0.0326957746679165
25,0.055185625207571073,-0.030615518391021203,-0.01573886959587884,-0.05334864200219838,0.2966875274815714,0.03620350782093702,0.1000613115105834,-0.07220168819487849,-0.039140747657462865,0.01831539409197671,-0.028249492133402956,-0.036670271395549944,-0.0905211774940109,0.03455880755442566,-0.04852749646630344,0.018552693703319932,-0.046514858760470915,0.04297950273508551,-0.06498782958172777,-0.006017246320906086,-0.08478137730551094,-0.0308421241553747,0.25527724586670447,-0.031062043485562803,-0.04454116789983486,1.0,0.06234271356018179,-0.07024543425138507,0.16889896533679355,0.262607661112471,-0.011390745742142288,-0.020186846728314303,-0.01339971476664515,0.09064733414242344,-0.07114042398817728,0.29736458702916413,-0.0631441663211882,0.038304744033931665,-0.07299763232484666,0.5797436555496926,-0.05195022594861595,0.06843168012531708,-0.07282988226096626,-0.04086149490198587,0.10773541217172138,0.015991000076237688,0.04045152984622151,-0.035784573489168255,-0.01808198306964129,0.06368638026586462,-0.04671714393597705,-0.04445178491439096,0.0301240914056626,-0.035149848402339215,0.15307019775973058,0.05042247773268357,-0.023789474398096925,-0.0586373750816307,-0.03591638045519707,-0.04417641415474159,0.06851073979930028,0.24812568430058862,-0.01310306230651604,-0.05038448953360297,0.016480516127409285,0.1721696753244446,0.011179667468590983,-0.04676677432304255,-0.020507838226434958,0.014576449866696917,-0.04654587016910962
26,0.15774202508722232,-0.06354520874971312,0.1142931319906042,0.31392541193266965,0.11971946584240598,-0.05562120910393607,0.08059500150685427,0.0805204998858456,-0.06453043993733548,0.24293859530129686,0.2567380057170082,-0.07746572669647106,-0.061147434850834445,0.11667938622968249,0.02705676681110056,0.10658925582432852,-0.0803187197699536,0.08263894268910733,-0.04032773762076124,-0.00975023887377434,-0.11633069720226438,-0.007508382537910597,0.042641325369295914,0.018263018220713943,0.13259366122953997,0.06234271356018179,1.0,-0.14751031251423763,0.012726133459780027,0.049572146243001616,-0.028318632544755442,-0.04039255848250977,0.02576614829613629,0.2814596815275856,-0.011794509190571777,0.1374422534905626,-0.1334090749626149,0.17799533633326403,-0.15061629065324156,0.2669636350367365,-0.11116026419095892,-0.01329564711762643,-0.13484099273730607,-0.02411025246293661,0.03115889531430912,-0.01769676211296889,-0.015406120415034086,0.017768224062613122,-0.01325258018946315,0.20817177431597017,-0.070802992243421,-0.05938084065697683,-0.018803497107956108,-0.014843294972822376,0.06629112303693788,0.14522170057534656,0.02412196035869274,0.02558210858468577,-0.05673252573411067,-0.09492003727797096,0.1824675083632556,0.009166335619068364,-0.058733953729721775,-0.098832365036442,-0.008398018986297433,0.10204682116874485,-0.026299941629961788,-0.01090061401265424,0.016387629906336562,0.270816014333713,-0.07982888727082622
