,0,1,2,3,4,5,6,7,8,9,10,11,12,13,14,15,16,17,18,19,20,21,22,23,24,25,26,27,28,29,30,31,32,33,34,35,36,37,38,39,40,41,42,43,44,45,46,47,48,49,50,51,52,53,54,55,56,57,58,59,60,61,62,63,64,65,66,67,68,69,70,71,72,73,74
0,1.0,-0.05776329164339734,-0.11208049776940585,0.1746248322902195,0.3285867564482379,-0.008986119266889058,0.11018313444604767,0.32572245097730157,0.0016167968727523636,0.02394163532672769,0.3798828841945163,5.342446205316813e-06,-0.14904242526940412,-0.0998149453147108,0.12824927054559337,-0.11367244748273853,-0.07231293275299855,-0.04671866207426941,-0.12886459347923768,-0.014082143513594048,-0.11485603334877682,0.0427769086034019,0.12190519468087746,-0.08243962144149397,0.4911367240335164,-0.00615169934331646,0.326464313297449,0.002969886076733491,-0.07499847087227265,-0.07058741073104624,0.08805625493408706,-0.007565374199750345,-0.06525863908512741,0.024254732030118693,-0.10013168460337937,-0.04424462037522621,-0.10575702369519499,0.00047218960087250326,-0.11062837607060999,0.048651684555968897,-0.07583921582440642,-0.02788111048454458,0.014070248996410958,-0.02783133943550038,0.05093462474042311,0.20885337127285858,-0.07143750832184848,0.03712097674625427,-0.030206460435080348,0.4896660242950809,-0.05390343283097164,-0.05148968882647201,0.20463870736438922,-0.035174109214876924,-0.08966048235516064,-0.029917410338580287,-0.06282783341180279,0.12494568158497121,-0.060921944651366196,-0.08169939159915474,-0.09956061598345595,0.0073733294219333724,-0.10699203994113816,-0.06045099527756536,-0.004880141459231317,0.06819694918693495,-0.07074070226885051,0.0719108088207676,0.24607765594910624,0.04257014704330225,-0.05809177665737912,0.10929666086476052,0.6458775211078778,0.013832413752242517,-0.07223806747617839
1,-0.05776329164339734,1.0,-0.039469688793131036,-0.016126140351187607,-0.04728658948930625,-0.04082293795379312,-0.0324247760499006,-0.056308959034187395,-0.025421392204431334,-0.07860401866427347,-0.05188452796864759,-0.00463228245630955,-0.06954222728875589,-0.06228109840222669,-0.04146702597797569,-0.07749153284043304,-0.02302708154920164,-0.016992294481810083,-0.07305995728447026,-0.003681608954784775,-0.041784342490150714,-0.02512074700162905,0.008246173653326607,-0.0512602729519166,-0.014810253374859608,-0.04242117316231509,-0.06914511381586785,-0.02926196500273632,-0.04930778184257952,-0.050263373967516074,0.0033549441819603213,0.06613420242692636,-0.030671469071398866,-0.037029371590553126,-0.0595952642312597,-0.06430238457637366,0.11454637234931117,-0.06753342118727482,0.1602746503516654,-0.06527107696526993,0.0283761661705729,-0.0045550452706188144,0.36574997536216103,-0.03258928892052283,-0.03243639825243477,-0.028401946837869334,-0.04604649304926291,-0.02001251085913546,-0.015769243727761735,-0.06330691492821634,0.39247007399538986,-0.036644068956299077,-0.037827718720434306,-0.008797787365106637,-0.04465379434674796,-0.04105552185524865,-0.03259720223687558,-0.04243129766950049,-0.039481428956138036,0.1367934687512046,-0.057969596266900396,0.006835581598310471,-0.05629616971768535,0.09183191177395902,-0.012149620205505984,-0.027547006630096155,-0.0624054295317775,-0.035548330901378156,-0.03670596132784136,-0.0421700062350964,0.1924764154934091,-0.005882133041939924,0.03577469698290059,0.11654220549815014,-0.028904980801473065
2,-0.11208049776940585,-0.039469688793131036,1.0,-0.02382054506284995,-0.08156198708056447,0.2324334880701225,-0.04113177175540328,-0.09552483382221853,-0.04700867260990252,0.43667067650810676,-0.018969587871712372,-0.07938038152951477,0.30818954493992656,0.10927266612203172,-0.08004409757428617,0.35393904596928094,-0.06339228338224556,0.07343697573659477,0.1562461430611194,-0.008301882588815371,0.07095275224156472,-0.04802176898373672,0.07958687421116138,0.17176441374217705,-0.06453837525567993,-0.02395605961477977,0.07717621329673124,0.2561588634338231,0.12465675560620121,0.05660264012799831,-0.024396596159764986,-0.030348502581782975,0.010404984996349833,0.19844927275645097,0.12846033666148704,0.08952692022087913,-0.040041742590115594,-0.06675482004191816,-0.0793959101131256,0.0560877156664713,-0.07424723187536358,0.0826682468375168,-0.11387702289035165,-0.06947258591461702,-0.034092815992871145,-0.05697312912210494,0.09166501486512045,-0.04988643118292686,-0.01665648328890429,-0.09071085642285595,-0.03915548040560872,-0.05423696145512295,-0.06828062571530444,-0.0010936379188212593,0.49999726114154364,0.3450363949371469,-0.006699716252912942,0.031403982212717264,0.006704045053419277,-0.07904715637001809,0.02511536989723963,0.036188179147138726,0.07409772160085652,-0.043923374825295694,-0.006626343880419553,0.1209937631073035,0.1956379037779502,-0.0729602644439691,-0.06588436592892842,0.05165762335893832,-0.04442169757535863,0.00016956935616030747,-0.13708969886038874,-0.04518782138768863,0.04418018946627485
3,0.1746248322902195,-0.016126140351187607,-0.02382054506284995,1.0,0.09013456999085281,0.053498074708837134,0.08955885841752925,0.23875921961079755,-0.007931810305997693,-0.049955407607633076,0.14288168931701495,-0.04219118442631625,-0.10132327644895775,-0.040414892754698034,0.11773107898563882,-0.07142668102293814,0.004709951123354569,0.021870804432312353,-0.08621108798961652,-0.008682968358111953,-0.07424392989908618,0.3118516615371878,0.09460740414215325,-0.049833631786812035,0.06663489018863095,-0.02161392107595309,0.13256628980796764,0.09278957684738115,0.0003738556884862066,-0.021169030371960842,0.0414872091662982,-0.0073242921945387155,0.0923846208559673,0.0325652497444833,-0.08410724866513916,-0.03577239295265741,-0.0685462646389769,-0.06021023319039271,-0.0678235583990102,-0.06621643602899348,-0.05011079022405203,0.035035119720652486,0.003975574582430433,0.19228417306938675,0.08010807739581743,0.08082854520126538,-0.028121801768181395,0.10867099331147245,-0.020524408303737467,0.07546389415149535,-0.029591752705701017,-0.05328072328890313,0.12476565119832517,-0.03321784226936392,-0.027825664975536755,0.05737527518584028,-0.043003192213736746,-0.03568835032496022,-0.04545738778681574,-0.04848089506643766,-0.07504696416456877,0.004304842175656155,-0.0714306410478992,-0.05407832361475549,-0.011766519396000392,0.06468811160603823,-0.04334088396687437,0.4004295285547014,0.25831689192239476,0.12083121513740702,-0.02696167003337829,0.1020132774947211,0.3603205602727796,-0.023549541187549303,-0.035955421537863394
4,0.3285867564482379,-0.04728658948930625,-0.08156198708056447,0.09013456999085281,1.0,-0.05013697582700337,0.3751055627362329,0.12880721229175723,-0.0360514097430895,-0.03293824438989842,0.1310722567374461,-0.05679258545896193,-0.12528242880586835,-0.0353808566673835,0.04805784131768449,-0.06333932113091557,-0.06474127898644305,-0.021902321250019556,-0.08505272772065879,-0.010126571624334047,-0.10040810122807736,0.07912616562548384,0.11411384283802603,-0.08366580813805966,0.15853256543685085,0.09498978650604609,0.31455822667463346,-0.04503931760606278,-0.0635533927182807,8.511622960282947e-05,0.004846388425325065,-0.02037142416971832,-0.05366876937953295,0.08967970493953664,-0.08134584033583105,0.0419672079284754,-0.0864472474986408,0.03196649135998537,-0.08773248603934516,0.07086461472560675,-0.06383907549053419,-0.032820251054173244,-0.05902347264592413,-0.040635955004596526,0.22071881935052468,0.16347208044814104,-0.04198216117865037,0.0017964930765172202,-0.022882146101487838,0.06905813613264351,-0.03740310313345218,0.06917542627575146,0.36347395235761026,-0.017304453181019266,-0.07168964785533885,-0.017863120815094016,-0.054435050064883965,-0.0017713268020215951,-0.04418827288834682,-0.06739129032999808,0.011928372293360325,0.1384569775591799,-0.07979107007461855,-0.06435114369126334,-0.0009141745889900154,0.11448969503754326,-0.08649060716018057,0.03554568674843164,0.27995783723407286,-0.008504480866242514,-0.0490669167250424,0.14355121801064996,0.3436373967967965,-0.02323617880003949,-0.06098615826906505
5,-0.008986119266889058,-0.04082293795379312,0.2324334880701225,0.053498074708837134,-0.05013697582700337,1.0,-0.032912221058031516,-0.05166255839339063,-0.03503309598143292,0.052100000252549725,-0.05917219709971573,-0.050842364362160886,-0.07026164888227587,0.03415767314919888,-0.03907411881687306,0.15432018029696815,-0.04720233582073578,0.21897777731380477,-0.04743929477693885,-0.004977026216234329,-0.07080829125284406,-0.026089229482483767,0.015327937498246461,0.0605888942956624,-0.05168420058562165,0.04000673192140513,0.02839665275342021,0.37155953003284203,0.09776739888612632,0.13583156044097064,-0.014220959297335476,-0.017723100706417864,-0.026735455259490414,0.09913974735811346,-0.07449114429111471,0.021974594500149713,-0.04540965218973683,-0.07000623115412614,-0.06367673838640531,-0.01961278055556949,-0.046370083062264776,0.22348251982326156,-0.07232855575639745,-0.03407241081280581,-0.030665245463139208,-0.030264750657350105,0.08436222671429587,-0.028124909534892356,-0.01637237563442789,-0.057933969203690684,-0.03691251003265884,-0.026611140737897297,-0.04124249955459056,-0.0322659668975102,0.12303280775334968,0.3561299703544576,-0.03743694362984464,-0.06761963902687568,-0.034543707039519735,-0.04850585831013221,-0.05427942552308347,0.03695991326318754,-0.05925578939250836,-0.05436050193323167,-0.013098496454601634,0.10132988348343933,-0.04099672957451995,-0.04067920858347092,-0.03991747182877187,0.18318653127924606,-0.038511154868081654,-0.019075354213165314,-0.08521208454843343,-0.028389802566017502,-0.014716240825116234
6,0.11018313444604767,-0.0324247760499006,-0.04113177175540328,0.08955885841752925,0.3751055627362329,-0.032912221058031516,1.0,0.24033053733219803,-0.03527828986779802,-0.031225191657749195,0.018154794915116283,-0.05549848771173348,-0.10398352465995618,-0.025170983728053722,0.08305084874529153,-0.029228743630852726,-0.04992475048087939,-0.028546606972784338,-0.08247019824976508,-0.002796976407251277,-0.08008035728636077,0.024991325784298968,0.27379289583882394,-0.06273757889663556,-0.032122771790044025,0.1031380179453836,0.1109047741451527,0.08388608894017624,0.006200591393115781,-0.020938824271264943,-0.014617705259858277,-0.018393005421106133,-0.052030021758632444,0.14978170049766404,-0.08988232283728165,-0.05683181514904533,-0.06276542961758455,-0.06933288707760873,-0.06951979943364092,-0.00896191927909654,-0.05066508316541046,0.10947238066278095,-0.06521649898218257,0.01529148098839669,0.43044820514393634,0.1001056732080585,-0.04067945877228316,0.08736031005474146,-0.02135132251154564,0.048992618730456246,-0.01691077858148425,-0.03197821774563794,0.19570605607127212,-0.025386340968562626,-0.050158732785584144,0.016003435793643436,-0.043594617937668806,-0.07333680174525631,-0.03884529378457566,-0.054306569922691506,-0.027351377586108054,0.08660700920615477,-0.06690844557732166,-0.055313938487488515,-0.012236935793562468,0.245286363074318,-0.07411324936555956,0.06219217790863153,0.44311549189935173,0.03816537500134452,-0.04063608340481543,0.23446407131122782,0.17987182799908957,-0.029787308026352044,-0.04769297213051198
7,0.32572245097730157,-0.056308959034187395,-0.09552483382221853,0.23875921961079755,0.12880721229175723,-0.05166255839339063,0.24033053733219803,1.0,-0.008546034168840054,-0.036373813515209054,0.17911612636627405,-0.0534937325970042,-0.12105272465495759,-0.07332190376398312,0.33916623514320055,-0.09950942041890833,0.013188266590470163,0.02893208967732206,-0.11506653553293272,-0.010736868094611381,-0.0839310651415093,0.1914137778311364,0.1033668904625423,-0.06954676629231703,0.14649563944385927,-0.04788986067529473,0.25836116994724134,-0.014845487186618617,-0.028916596699301012,-0.07326756139012924,0.052969453140238945,-0.008437192291115891,0.04587437370947079,-0.002201611281422886,-0.09855625540835258,-0.08540143619584611,-0.09218496174199522,-0.06361767857625228,-0.09468830437976399,-0.07737660223795298,-0.06791496790973693,-0.05825097068227365,0.08093647196211676,0.3719236266957149,0.11229372576988814,0.19941848220388025,-0.07089862535359223,0.2987806811222142,-0.028072378546669413,0.5177725549611459,-0.032960938890478325,-0.06367275541428478,0.06477481926933518,-0.04234225529190035,-0.05238744324118268,-0.07365497716339073,-0.05367597598345025,-0.04607492827570051,-0.04383038942361456,-0.06659909006166756,-0.11578838831473572,-0.008306441155035283,-0.08589188762976875,-0.06821619323246834,-0.016551241399801218,-0.012020967298114252,0.002783909815636006,0.17740650955846243,0.30332511640644133,0.11266172076356179,-0.0461109381427076,0.055295502338113034,0.5695758935205556,-0.019226257476627283,-0.040715713374589395
8,0.0016167968727523636,-0.025421392204431334,-0.04700867260990252,-0.007931810305997693,-0.0360514097430895,-0.03503309598143292,-0.03527828986779802,-0.008546034168840054,1.0,-0.05324646075570594,0.04504157490820285,0.16549405402152795,-0.06707303457380903,-0.04060646418831315,0.016879868662194392,-0.07161968815392608,0.22480571552655054,-0.021635247493637474,-0.07054717701661381,-0.006872780060933354,0.11918284271690989,-0.008827431943710499,-0.022114533551069425,0.1370357601856232,0.03437859539729485,-0.03673308927045437,-0.05278429425337808,-0.031107027243529227,-0.04250980806938401,0.011848250873544486,0.050988993714035674,0.009735591553580409,0.46135889409598363,-0.04499389134708555,-0.05360698603033552,-0.051573884450985576,-0.008082554216929131,-0.05718429035373375,-0.033409573602631984,-0.06825654738787817,0.03313908120880241,-0.031858183597018114,0.08908787903352075,0.02459681063565314,-0.04926161904148804,0.0032552824167795366,-0.04133775933275349,-0.005846559521894117,-0.016190991826985655,0.2597613971583548,-0.031642710122057834,-0.04040400829764515,-0.026636812788141284,0.04716331854461426,-0.04092929061769482,-0.039934420550639435,-0.016999840458187608,-0.028871884929371722,-0.001266574700688334,0.1976718332790907,-0.0758550460172949,-0.018179478527538637,-0.04264662488698127,-0.0037359636404137573,-0.010459703323837232,-0.04646980496748052,0.07086924875108247,0.03617870316361546,-0.025491880748476727,-0.031164464899554177,-0.02723899009497671,-0.015665273508802143,-0.012696466649605095,0.00461750321707746,-0.02334338880109539
9,0.02394163532672769,-0.07860401866427347,0.43667067650810676,-0.049955407607633076,-0.03293824438989842,0.052100000252549725,-0.031225191657749195,-0.036373813515209054,-0.05324646075570594,1.0,0.09127679555755004,-0.09897652788079872,0.3662289716929964,0.021528123603698043,-0.04586291164551516,0.2840418025570583,-0.08185505949265273,-0.018078127318169934,0.20843015056416486,-0.014369091513412625,0.10909827995038533,-0.06008594089538004,0.023796287543188438,0.1921553399110487,-0.006519403751642576,0.015069283787497625,0.21540271143430134,0.31363731246462917,-0.0355468772672149,-0.039003595301393176,-0.02793957939695006,-0.03953305926859736,-0.009816059812438499,0.12445019053410496,0.2972520280749903,0.060576928795561646,-0.07677736917531372,-0.039197917772475555,-0.11671572103022693,0.18694703959349293,-0.09669488846790629,-0.03998841465296898,-0.14226852819320362,-0.08167846409323765,-0.053261344212344686,-0.05723827691153407,-0.009901378047014187,-0.025019698402096696,-0.015324463656003493,-0.010418892956066645,-0.0677389319434939,-0.05390865783387775,-0.049531984241284396,0.08127253443981143,0.408331670976184,0.29612379318591125,0.022112955615119084,0.13330563944397433,0.009612960410902713,-0.10883427770367875,-0.016074042463905,0.018498171950334798,0.23390716330208416,-0.06938295900095863,-0.01771502968790834,0.17258450329964753,0.047213195246854675,-0.08414481620527892,-0.0711267279667258,0.06923264785708984,-0.07072701312096896,-0.029782306631378104,-0.05146082819690759,-0.057732438449657836,0.038526517645367284
10,0.3798828841945163,-0.05188452796864759,-0.018969587871712372,0.14288168931701495,0.1310722567374461,-0.05917219709971573,0.018154794915116283,0.17911612636627405,0.04504157490820285,0.09127679555755004,1.0,0.06290878185590959,-0.08269968120254101,-0.06786420680307893,0.03380445044989361,-0.07577133070382072,-0.012130562994377713,-0.005899153589078444,-0.06800024750768141,-0.011300526420451543,0.029004021528583133,-0.016096055168307647,0.004786217379724235,-0.05274726065878627,0.29210059624696505,-0.028128792727941165,0.3265160717742812,0.009194774887674438,-0.062256545440456564,-0.07263856478848772,0.04216549591269615,-0.02451505130054196,0.054940345725051506,0.001287851533361986,-0.02358556058195172,0.005038712345468831,-0.086718890722037,0.011736680525601513,-0.11157549839041764,0.22818456570315462,-0.0448005520595394,-0.07319211731095285,-0.014598675859827574,0.015412153324549975,-0.03304005738397914,0.050544013225717256,-0.06267093304417995,0.08216804730101532,-0.024307315157802212,0.16485843564654779,-0.04713586173028378,0.04392142126231981,0.052818901861587296,-0.02693915746315491,-0.05372210320168177,-0.034832842177685855,-0.02392653791767431,0.2825066413258236,0.010082559014247466,-0.08435063727361938,-0.08693659491945019,-0.028095636729589264,-0.07837275075395261,0.08677195566981867,0.004958478724147911,0.026982466275678962,-0.01120971781724355,0.03965204721312218,0.003421769912715643,0.10007513757259784,-0.06151997227687754,-0.027084437950405892,0.366779809293839,0.048811153500831796,-0.04684819997078796
11,5.342446205316813e-06,-0.00463228245630955,-0.07938038152951477,-0.04219118442631625,-0.05679258545896193,-0.050842364362160886,-0.05549848771173348,-0.0534937325970042,0.16549405402152795,-0.09897652788079872,0.06290878185590959,1.0,-0.08987322473601261,-0.06995698269765951,-0.04921433553692189,-0.11342023224053076,0.2508199929925238,-0.02763031687852039,-0.0990748280963589,-0.008767623713670125,0.17105386103999015,-0.03048643970706037,-0.05197779095109206,0.19567262929737853,0.0033771501903716358,-0.054793560247521675,-0.10543554319049649,-0.053688147545473165,-0.08044658534284423,-0.02937402259027152,0.009635703318951671,0.05464365567769629,0.04256529232927424,-0.06385872096464465,-0.08289553016165511,-0.07804128628663104,0.032322700266633586,-0.07396386784506874,0.07508167287150067,-0.09857690154948957,0.42415682731191523,-0.05054805968740638,0.20022304396716234,-0.003525523933344861,-0.07970310975789738,-0.015086040775871126,-0.06021164779134153,-0.031501788804300726,-0.019943645722894598,0.07232862844520674,0.045550045457822055,-0.052501186643972006,-0.04546566610388844,0.08485332006512347,-0.055970805133250826,-0.06090013668044204,-0.03170229987904974,-0.03698504728595198,-0.01576942679590587,0.35034148369588614,-0.10623863780928598,-0.028601279152485247,-0.05526142151483063,0.20428810403966424,0.0024583290649546293,-0.06962972054186531,-0.04191027138791653,-0.035699535421196776,-0.0347350086508417,-0.05746525274868214,-0.02971044096108967,-0.04043446457310349,0.027766022687576858,0.458886734360273,0.010481391460283061
12,-0.14904242526940412,-0.06954222728875589,0.30818954493992656,-0.10132327644895775,-0.12528242880586835,-0.07026164888227587,-0.10398352465995618,-0.12105272465495759,-0.06707303457380903,0.3662289716929964,-0.08269968120254101,-0.08987322473601261,1.0,0.10504072154066205,-0.1002752159701252,0.3306710915640473,-0.09690988748097953,-0.03929985486800913,0.5280791377998699,0.008447405039274353,0.2807190562888429,-0.05933155351262486,-0.10392836764158787,0.05153797188333555,-0.10230610667248471,-0.08941324022058204,-0.04743975512053891,-0.08219193172016756,0.08129867175036565,-0.03924599844777469,-0.029975610165414827,-0.03756238417387584,-0.06797048368565933,-0.10574081042261846,0.6084352706465068,-0.0003462416615642211,0.011789232756825873,0.11734947153609238,-0.0583703347944218,0.0821814409122224,-0.08117783862959906,-0.0912406438152513,-0.1382156343922419,-0.09090092815449985,-0.14277984994226434,-0.07578321718407713,-0.0019262240340138961,-0.10724946779327924,-0.002590851845448232,-0.10286367153376341,-0.06880005555907215,-0.05235322632648681,-0.08661687750569574,0.06596256933747598,0.10734060280020458,-0.06748902335826229,0.13217603311807397,0.3255343670414328,0.05155845745141707,-0.10148677191507126,0.12807941179521226,-0.0477456940165837,0.6724652544625345,-0.03249654852314242,0.0009825871455438956,-0.09781773988856421,0.1426236405052272,-0.09386573424241645,-0.0698242259116436,-0.07677208180805699,-0.05234637041766721,-0.07324750152252557,-0.17033220177347203,-0.05634196844726265,0.09433515195163006
13,-0.0998149453147108,-0.06228109840222669,0.10927266612203172,-0.040414892754698034,-0.0353808566673835,0.03415767314919888,-0.025170983728053722,-0.07332190376398312,-0.04060646418831315,0.021528123603698043,-0.06786420680307893,-0.06995698269765951,0.10504072154066205,1.0,-0.0725224540171068,0.07606141245823875,-0.023998023633987536,0.0427791677385959,0.057125715004809556,0.0003924307981518138,-0.053696425540332826,-0.047740913260160625,-0.016509857983966307,0.034059314123847224,-0.07063360004306535,0.16195854622509342,0.013366345210132621,-0.005179420233919893,0.11026474030791884,0.7644079056054481,-0.013905756726303996,-0.029745279282666993,0.04497710145388033,-0.03576291805971818,0.06631192090273488,0.11612665959328118,-0.06994172047496339,0.5604797138210169,-0.10698286940627118,-0.0007439401397715747,-0.07196695232460727,0.06662740008737414,-0.10625521671340796,-0.0643796667495224,0.3234948039245221,-0.023488969053460516,0.044030001747533354,-0.01785543191354061,-0.01700003002681351,-0.09532385264750218,-0.0637914229946861,-0.044015695879603696,-0.05401301598372255,-0.04339101758557999,0.20658375206167123,-0.012172210857210068,-0.007915728267709896,0.0025715336318759864,0.11275007052638428,-0.05819692494617719,0.232105657337147,-0.00850425030560232,0.11023958288525962,-0.07377137039878912,-0.004752768303668034,0.021405540245838732,0.24623935191287233,-0.07055499847101564,-0.03947306063394374,0.007213328903169829,-0.05403787797885634,0.013543945146017441,-0.07411093906271962,-0.04763487802305844,-0.014154208478204955
14,0.12824927054559337,-0.04146702597797569,-0.08004409757428617,0.11773107898563882,0.04805784131768449,-0.03907411881687306,0.08305084874529153,0.33916623514320055,0.016879868662194392,-0.04586291164551516,0.03380445044989361,-0.04921433553692189,-0.1002752159701252,-0.0725224540171068,1.0,-0.08833858647405093,-0.03336590636691447,0.05285171172002847,-0.08865604982192234,-0.009608697729897147,-0.07201064584607977,0.1500165454444417,0.07464239907352163,-0.06029749449271735,0.0881494319459759,-0.045704475155340596,0.060896096559066075,-0.02332528091588936,-0.05772928483546928,-0.06349430931454719,-0.007374510435897631,-0.01132695693306196,0.05575944259463263,-0.0025282577448121216,-0.08555620069060364,-0.0741713474582828,-0.06622487512491013,-0.04823679005312634,-0.06641208792655214,-0.10740524944757622,-0.048489272455080216,-0.049721530566423415,0.034578009780946065,0.4736168724452172,0.04836799336550212,0.13419807586798904,-0.05542324251118079,0.12487527992000082,-0.02115705731249567,0.2585382147135753,-0.026676706296775165,-0.057627037553832236,0.04314269913341711,-0.02363302918178046,-0.05662042901170419,-0.053948203736784654,-0.04228338251011628,-0.06543117252120813,-0.04175274332576853,-0.05207877049972433,-0.08337631831417153,-0.012391476033018742,-0.07068692135031518,-0.05352690509473556,-0.01523415739810384,-0.04482826431559797,-0.06267854632505619,0.1924157885836542,0.06913963424071214,0.14661550779876367,-0.03337098639816491,0.11513184754306355,0.35959465403181085,-0.024706792637744102,-0.04068509280583111
15,-0.11367244748273853,-0.07749153284043304,0.35393904596928094,-0.07142668102293814,-0.06333932113091557,0.15432018029696815,-0.029228743630852726,-0.09950942041890833,-0.07161968815392608,0.2840418025570583,-0.07577133070382072,-0.11342023224053076,0.3306710915640473,0.07606141245823875,-0.08833858647405093,1.0,-0.10629015707511796,0.03071253420548266,0.5940311313937479,-0.006540188092411341,-0.012800390665602276,-0.05915645973291963,0.002113204432737416,0.008067042590205277,-0.10355969298067834,0.04082423680036828,0.07596427046595186,0.07344431521253118,0.06458569237331441,0.04307793354185173,-0.032438652789068184,-0.04059857850640321,-0.07790892786255998,0.15523732905838208,0.1842922992824472,0.22342210022244122,-0.0857553180823087,0.0403517942858226,-0.1262628871976162,0.2651801283055153,-0.10556659045147908,0.05849643313834603,-0.16217282454602192,-0.08685849501972755,-0.04899790542106737,-0.06829163024292649,0.024528685035316466,-0.08873750044602197,0.005409235223410943,-0.12137719516193367,-0.08271378339514218,0.11289064254931155,-0.07744404369542587,-0.04072349729909616,0.22809546427652183,0.1369727050773019,0.11080686582676219,0.04245197938432868,0.014632956806876107,-0.11436926427618781,0.13339281104391473,-0.006916460173453525,0.17887326422998173,-0.08695543258895495,0.01926146108969542,0.10162545037202901,0.12018327531440934,-0.09533333048859699,-0.0703994372178493,-0.024418468449207635,-0.0667554802856228,-0.03388249617536239,-0.14837888029446678,-0.06390185375194483,0.09604831894161575
16,-0.07231293275299855,-0.02302708154920164,-0.06339228338224556,0.004709951123354569,-0.06474127898644305,-0.04720233582073578,-0.04992475048087939,0.013188266590470163,0.22480571552655054,-0.08185505949265273,-0.012130562994377713,0.2508199929925238,-0.09690988748097953,-0.023998023633987536,-0.03336590636691447,-0.10629015707511796,1.0,0.044855657928103934,-0.09325330571711685,-0.00995657279571126,0.10788993160466132,-0.025647327600151225,-0.01760661714666703,0.25324078151264146,0.0840739441832328,-0.04468810254998443,-0.056227747924878446,-0.008784156230572356,-0.0729266559330181,-0.0042893783653566615,0.04010301923200567,0.0005104591707991955,0.5870005139238299,-0.06314473874044502,-0.07352833074669929,-0.07375856705520918,-0.04655414183634159,-0.08748083657666086,-0.05400526301784506,-0.11127464255933399,-0.011857664482104624,-0.04242808602695948,0.16852920408473782,0.08854373472998982,-0.07162420916825624,-0.010256358723432018,-0.05545248702820797,0.27548061543282176,-0.0050935996996481145,0.15356569378924312,-0.04407807724892974,-0.05771510537094795,-0.03271352810399453,-0.01971514836221426,-0.041835159941886094,-0.05759904063473768,-0.0388235556106443,-0.06398286792395912,-0.03714677292649292,0.2672207942830772,-0.10530121493246558,-0.02878648094346928,-0.031141703464851296,-0.04310814838087275,-0.016943259944123087,-0.07111581543552128,0.25762287669729356,0.1060901948128564,-0.032567444722732264,-0.04449592816161255,-0.03706259420876054,-0.038541967538609896,-0.05444940604367916,-0.014257904695879509,0.06905967080830153
17,-0.04671866207426941,-0.016992294481810083,0.07343697573659477,0.021870804432312353,-0.021902321250019556,0.21897777731380477,-0.028546606972784338,0.02893208967732206,-0.021635247493637474,-0.018078127318169934,-0.005899153589078444,-0.02763031687852039,-0.03929985486800913,0.0427791677385959,0.05285171172002847,0.03071253420548266,0.044855657928103934,1.0,-0.0511562516520057,-0.0044555128784172175,-0.043096146978047575,-0.010227277199472454,0.031484792409599144,0.0098513771025843,0.005641637527826542,0.04186614501992306,-0.021561398011878067,0.07114322334862153,0.024257962695487197,0.06041214882392481,0.0372897818202319,-0.013125531050073327,0.04838190280350042,-0.028748714077049067,-0.05137715331869483,-0.0015457327843847284,-0.03956802330511759,-0.046748162247494035,-0.05480177568375743,-0.019475883263608492,-0.03793151141815734,0.060982338751789725,0.04425475475151776,0.1075585646327033,-0.022153998021811977,0.012948267834066347,0.01743099214073808,0.1826755033985603,-0.010956535744849137,0.030334810326328215,-0.030350927620831476,0.00825205114218797,-0.025069277703709585,-0.029140374126491383,0.054692649491993324,0.048939972379964315,-0.030189134382209402,-0.045742858347079876,0.021596944183710512,-0.02129878279368723,-0.05641651742894482,0.04357535856877611,-0.03994364757325926,-0.0298742470079785,-0.007785883884573583,0.00956258789915813,0.05288787530180508,0.1015543778648248,-0.02562866813874318,0.13588905832024128,-0.03102133715670256,-0.006061812969803106,-0.007153907601050858,-0.014088782972270456,0.008600337699195671
18,-0.12886459347923768,-0.07305995728447026,0.1562461430611194,-0.08621108798961652,-0.08505272772065879,-0.04743929477693885,-0.08247019824976508,-0.11506653553293272,-0.07054717701661381,0.20843015056416486,-0.06800024750768141,-0.0990748280963589,0.5280791377998699,0.057125715004809556,-0.08865604982192234,0.5940311313937479,-0.09325330571711685,-0.0511562516520057,1.0,0.010677196671859294,0.004381476956571539,-0.05552948908103244,-0.07909846077934093,-0.066752567508107,-0.10150263349416833,-0.06084797764910223,-0.010631957470021517,-0.0634373206724185,0.11220980564254615,-0.055333193906791936,-0.028671936714180845,-0.035374334314591,-0.10367524852442547,-0.0002574573036397028,0.3563027927713791,0.11230688373165079,-0.06755690886597086,0.19375968361020374,-0.10419744732721903,0.33673823784884915,-0.09111952693058405,-0.07360746212461683,-0.14115618730449558,-0.08837983986020993,-0.10301031939514717,-0.06681054313244622,0.0005136473880025681,-0.09552633851479002,0.02316791285898459,-0.12567344192495494,-0.07852429923988676,0.14057963110206698,-0.07757673325734257,-0.043106430551555414,0.009146615563678347,-0.015174414972375868,0.16630104999494916,0.17425836966030656,0.015597318785923736,-0.09897166058817344,0.2389578493069108,-0.041230180327952115,0.3652078671834724,-0.06675801816521598,0.0457369632235688,-0.05196190357183813,-0.013342536036514774,-0.08770955642580462,-0.05718573693991959,-0.06594988806290603,-0.04810806619476218,-0.06397313572089364,-0.15247248311186967,-0.055253816603285016,0.11785989279650479
19,-0.014082143513594048,-0.003681608954784775,-0.008301882588815371,-0.008682968358111953,-0.010126571624334047,-0.004977026216234329,-0.002796976407251277,-0.010736868094611381,-0.006872780060933354,-0.014369091513412625,-0.011300526420451543,-0.008767623713670125,0.008447405039274353,0.0003924307981518138,-0.009608697729897147,-0.006540188092411341,-0.00995657279571126,-0.0044555128784172175,0.010677196671859294,1.0,-0.012643959531346602,-0.0056399071935175375,0.006939424773102114,-0.013130094920880641,-0.011180496573921908,-0.005413858095073583,-0.004168386595909091,-0.008025146408155364,-0.0004683079670362827,-0.0025207621314855037,-0.002928620893883866,-0.003489034158027866,-0.011485389761014589,-0.00037208773324015707,0.00035254822914051326,-0.013516676951192165,-0.00870236594039749,0.08526127547430029,-0.010852020347018229,-0.013938109975795575,-0.007793709527942307,0.030711251172740244,-0.012566836034836519,-0.009077232175067687,0.013267549339655273,-0.006559658082502341,-0.004701345492798076,-0.01080724549376487,-0.0003826309511218075,-0.015742523727103733,-0.00815636336913231,-0.008739725095662974,-0.008303726582724831,-0.0076735221271695955,-0.008235128336431601,-0.007843274424139039,0.0022568625690366005,-0.009536515113373743,0.0036866232528900153,-0.009786192230127697,0.022383969515429186,0.0009714682845809908,0.01590641125895588,-0.00039327571715367635,0.0002023286690108704,-0.0032355916843983816,-0.014958164146931213,-0.009011829401181198,-0.0012694827138421262,-0.006699366198011542,-0.00279038917528117,0.04030655490200435,-0.005469484911674475,-0.0051747923154065205,-0.008188115892753246
20,-0.11485603334877682,-0.041784342490150714,0.07095275224156472,-0.07424392989908618,-0.10040810122807736,-0.07080829125284406,-0.08008035728636077,-0.0839310651415093,0.11918284271690989,0.10909827995038533,0.029004021528583133,0.17105386103999015,0.2807190562888429,-0.053696425540332826,-0.07201064584607977,-0.012800390665602276,0.10788993160466132,-0.043096146978047575,0.004381476956571539,-0.012643959531346602,1.0,-0.04507893845095475,-0.07246528148835057,0.3366333908446928,-0.045838422956030814,-0.08209319307824992,-0.10611057072115679,-0.06655958133589228,-0.058559249119541495,-0.04952820138461489,-0.020433344060424477,-0.02625676346808822,0.09563043885079914,-0.08219241886681829,0.3124430090435842,-0.05140597271399702,0.12819316484278961,-0.06984265157432948,0.05775527330288803,-0.0077946886744275305,0.07667047503410149,-0.07892229979460758,-0.00834743797807274,-0.037779037408520635,-0.11524223099831271,-0.05873146520381396,-0.048291867949805875,-0.054470218970349975,-0.0264421294988857,0.11350759662146796,-0.04404158628280071,-0.06639893865300378,-0.0659512055952461,0.3814556648276226,0.06047557325482113,-0.07278222370239232,0.06843799624945003,0.28131826881585703,0.06778286312594048,0.08769606342561748,-0.11227435209224604,-0.0366805361086238,0.12290136694510445,0.09240265331749666,-0.012146130551540704,-0.08524461398950889,0.10984613717909228,0.0018800793164329942,-0.0592260052165967,-0.07896658371692097,-0.04260060247551492,-0.05792043862635704,-0.10146578240944319,-0.029478628992142538,0.056170671300558785
21,0.0427769086034019,-0.02512074700162905,-0.04802176898373672,0.3118516615371878,0.07912616562548384,-0.026089229482483767,0.024991325784298968,0.1914137778311364,-0.008827431943710499,-0.06008594089538004,-0.016096055168307647,-0.03048643970706037,-0.05933155351262486,-0.047740913260160625,0.1500165454444417,-0.05915645973291963,-0.025647327600151225,-0.010227277199472454,-0.05552948908103244,-0.0056399071935175375,-0.04507893845095475,1.0,0.026714749425230618,-0.03881246011331865,-0.0012753276389010507,-0.0305414680456388,-0.007866676760960626,-0.0258489800689296,-0.01740770108886306,-0.040678105349382924,-0.005086983080815833,-0.0015744110818572143,-0.00900682725041102,-0.025456269800811913,-0.05206333229005494,-0.04290136229491981,-0.03960910628907067,-0.05059094307039834,-0.0391861701224098,-0.06424408552686532,-0.02853723262300499,-0.030932622021565246,0.0937826168033848,0.16093904049619173,0.04482174306467636,0.6483841729199896,-0.03326994623575653,0.005514409379678731,-0.012525222946520153,0.07202663856444426,-0.021745349740158907,-0.03365552598839399,0.3103198002373813,-0.024080574257508335,-0.03336881372204484,-0.03355994781289102,-0.024624183238785048,-0.04253276462938267,-0.027012357892329218,-0.02885102495550656,-0.059173981061496975,-0.010901135043836871,-0.042911599861141625,-0.033282773509511636,-0.006045490143936726,-0.03422524881348408,-0.05119427436934265,0.37241336681570447,0.3621144282571429,-0.025850435193557793,-0.007971335924746928,0.03961751227668641,0.15153999761228126,-0.013897162543650275,-0.027166398708715903
22,0.12190519468087746,0.008246173653326607,0.07958687421116138,0.09460740414215325,0.11411384283802603,0.015327937498246461,0.27379289583882394,0.1033668904625423,-0.022114533551069425,0.023796287543188438,0.004786217379724235,-0.05197779095109206,-0.10392836764158787,-0.016509857983966307,0.07464239907352163,0.002113204432737416,-0.01760661714666703,0.031484792409599144,-0.07909846077934093,0.006939424773102114,-0.07246528148835057,0.026714749425230618,1.0,-0.040390087715992215,0.02151853038150523,0.24731537735353037,0.061601363896556086,0.14791606629036624,0.322390338231694,-0.0068850905817409835,-0.0054883433514928155,-0.01858297872554927,0.019548404959150792,0.2570280418193147,-0.0884926670319541,-0.04565008060323117,-0.0700146409083853,-0.08297354071989094,-0.07035051987776805,0.14591945468047024,-0.051380523509241216,0.26094059356532007,-0.037013522389136216,0.10303227036550286,0.4429315972290187,0.02794628090859445,-0.01315587752935736,0.08814838895808644,-0.02007346944006471,0.08866496290576359,-0.025794153749789904,-0.04572872752889673,0.10066102680338321,-0.029164748633839305,-0.04879150505515628,0.16892719776856524,-0.041398578638173575,-0.06547395525101149,-0.034854859754140946,-0.05497584999013838,0.04556593596595661,0.31532339016795713,-0.0705879407224564,-0.05571363757320568,-0.0046879266754468445,0.6277142783170001,-0.028339711510803604,0.08927374573937272,0.13938492942172792,0.09986090125914987,-0.040094812363301174,0.5921243634635454,0.06318869296244094,-0.027431171450911708,-0.03350409770398419
23,-0.08243962144149397,-0.0512602729519166,0.17176441374217705,-0.049833631786812035,-0.08366580813805966,0.0605888942956624,-0.06273757889663556,-0.06954676629231703,0.1370357601856232,0.1921553399110487,-0.05274726065878627,0.19567262929737853,0.05153797188333555,0.034059314123847224,-0.06029749449271735,0.008067042590205277,0.25324078151264146,0.0098513771025843,-0.066752567508107,-0.013130094920880641,0.3366333908446928,-0.03881246011331865,-0.040390087715992215,1.0,0.014858852192001951,-0.027418094477278106,-0.024186024365578054,0.16058087717004355,-0.03162105399979258,0.040642773268613944,-0.018292318971202072,-0.021487808552750134,0.16411936358144982,-0.034969232377850976,0.01895605535693778,0.03331991463665172,-0.0175124253903033,-0.10831017698378326,-0.047774840221065054,-0.059464601424579044,0.045581822988874025,-0.022719897054781543,-0.021072421710606956,-0.018168138751639827,-0.0886494521311947,-0.04638618679676123,-0.001333659471848379,-0.0029329821983605136,-0.021173286328298825,0.1595521066281816,-0.04751791697512622,-0.07601013584371805,-0.057993049244278554,0.25870783378419837,0.13718217678830638,0.03441188188355958,-0.013412008039696718,-0.025093005351316946,0.03366082459194901,0.08059241147404342,-0.12516433957895434,-0.0280475669116977,0.08216140015087858,-0.03402680867848629,-0.02167438937436785,-0.028322188299780334,0.3150637020206458,-0.058315425598000584,-0.047429334747395996,-0.018226548952683566,-0.05485032815670865,-0.04452176091117424,-0.0995045291757387,-0.030728069644912342,0.05538718580120398
24,0.4911367240335164,-0.014810253374859608,-0.06453837525567993,0.06663489018863095,0.15853256543685085,-0.05168420058562165,-0.032122771790044025,0.14649563944385927,0.03437859539729485,-0.006519403751642576,0.29210059624696505,0.0033771501903716358,-0.10230610667248471,-0.07063360004306535,0.0881494319459759,-0.10355969298067834,0.0840739441832328,0.005641637527826542,-0.10150263349416833,-0.011180496573921908,-0.045838422956030814,-0.0012753276389010507,0.02151853038150523,0.014858852192001951,1.0,-0.042485924747770965,0.182628351855363,-0.021624607272988275,-0.08875359661973176,-0.06689354818004024,0.021639806988580437,-0.0029767870163382674,0.11236303786958593,-0.040239254387250706,-0.07374546262845219,-0.04800622508854582,-0.036388083718837845,-0.018890380266116703,-0.06282327561816689,-0.0461935751806596,-0.04184454714102352,-0.06162131941318966,0.09859498509484022,0.04051560744721398,-0.052440308763436534,0.09807533341669515,-0.06060815735586669,0.23981190547519218,-0.021354180565533225,0.3227207126451942,-0.028832508579947527,-0.054324448562425603,0.08304237295782785,0.023362913644128687,-0.039655600039313496,-0.056685325171898206,-0.042673158464710106,0.06114005126528726,-0.03395972585000849,-0.019208293512758157,-0.09556476009273382,-0.0257510798143991,-0.06944898702981862,-0.037475955114229215,-0.0076048055351446275,-0.013347998140532138,0.0017851102434047004,0.11039943365260318,0.040760194563640294,0.06489010637031517,-0.032040406395954985,-0.010046624607551525,0.4139401509546706,-0.006812386929262747,-0.032593915489100636
