,0,1,2,3,4,5,6,7,8,9,10,11,12,13,14,15,16,17,18,19,20,21,22,23,24,25,26,27,28,29,30,31,32,33,34,35,36,37,38,39,40,41,42,43,44,45,46,47,48,49,50,51,52,53,54,55,56,57,58,59,60,61,62,63,64,65,66,67,68,69,70,71,72,73,74,75,76,77
0,1.0,-0.1483348616589813,0.2502232688864414,-0.07044134808584256,0.08579703621060997,0.0689791136035004,0.04940303924845534,-0.049277776169786826,-0.07751320670005893,0.20676321673848574,-0.059955072828489386,-0.082108107817344,0.2336295009075986,0.03759689019401231,-0.05747352396019608,0.41867945267839735,-0.11551785340230306,0.13940777551026856,0.4179045145709015,0.010877572127544682,-0.06487930642059167,-0.05371886830639987,0.09117092712320288,-0.08102258877351246,-0.08658540068051448,0.06129872813582463,0.03190753429194151,0.13138822037096845,0.033550341593805766,0.030873459581970276,-0.03340717666472548,-0.042661954969781674,-0.10237455402160875,0.3236877929737261,0.12120700410212765,0.10421558290662988,-0.09960988626889905,0.2799149789401091,-0.13834533146969946,0.1518182487949814,-0.11103492566658178,0.049284493553081586,-0.16662625438310347,-0.07865051118763103,0.11248061504299572,-0.06765629839401217,0.009799028123585896,-0.09504852230050015,0.017268258843464966,-0.11704855762916216,-0.08528510294191577,0.0832317723412136,-0.02903411058612341,-0.053493438807167795,0.09041915331213748,0.18758474967536937,0.009806575004395301,0.007949159732775782,-0.02466007090399941,-0.09827713110123838,0.32849919204423905,0.13715349869756613,0.11671671431243516,-0.09281256805527749,0.014160281476748535,0.04168192230431682,0.1393969722304651,-0.05770740075408905,-0.047960382276678065,0.17493468955624403,-0.07498405884791545,0.0018621814741683553,-0.06577887417079138,-0.07444804787833999,0.03426285644233905,0.006277487236731128,-0.09875811405850443,0.025364400465657324
1,-0.1483348616589813,1.0,-0.09085672189532062,-0.05149333271122255,-0.09394705362227797,-0.052379547631667925,-0.06471124361251883,-0.082539440411603,0.17079425457266642,-0.1232192735208113,-0.07770031749202203,0.17058175911071444,-0.09610906180092764,-0.05301592043440918,-0.061237142035928144,-0.1094661312452298,0.30032258101031506,-0.06155216993967508,-0.1104892497343086,-0.01155873143442234,0.2773932250750174,-0.03606361948756954,-0.062145387445336,0.215434943405099,-0.008018045617751386,-0.06932567582693429,-0.07931167817682265,-0.06422444393172244,-0.08086932222355657,-0.02477252384783203,-0.008601071224331642,0.016054190821726887,0.04484468246690468,-0.06797231089719201,-0.0891973328583027,-0.08662570109474396,0.08479379941449126,-0.10162773085654286,0.17792449624940632,-0.12383717195916523,0.452182432611322,-0.11721128565963945,0.1785190308150959,-0.0428066242029143,-0.051737577778946886,-0.040262503316818125,-0.06929296230150991,-0.030845297861006878,-0.020911774401851716,0.05093010285613504,0.04206435279817264,-0.03377565051685202,-0.07483899905930884,0.16938886129800174,-0.08040545799431062,-0.07388962816564387,-0.0831470846541241,-0.06997085241972847,-0.013333342023670194,0.34675678848243713,-0.11361788040545984,-0.05029204567313847,-0.05396838629574592,0.07978881356384698,-0.015734792373958886,-0.03602396406762287,-0.11830610219101964,-0.0025938487268513674,-0.04755673800108029,-0.14376278030240502,-0.02986442106846573,-0.04935617289748694,-0.02182497360646472,0.08979626934395424,0.03742079541193934,-0.031032443527397337,0.03315006950792524,-0.0496539543513454
2,0.2502232688864414,-0.09085672189532062,1.0,-0.05837435416487402,-0.07081272009594856,0.443433441356053,-0.057904776752400834,-0.09690289805836974,-0.043337190239046273,0.5023939724851101,-0.03585520180328184,-0.05179003816490069,0.3254391798860069,-0.058726360301726566,-0.07703286402697482,0.44412477275072176,-0.06162877430867765,0.27887738697784803,0.14942816416348542,-0.0056500952731143046,0.07344427204454447,-0.046432475348175545,0.004016845436743011,0.19543002929060604,-0.07063826085197822,-0.02725111359464874,0.02715717338717409,0.2580334865635606,0.06029270026063144,0.09131439634083727,-0.02335234144851972,-0.02961861279486113,0.019009760068702267,0.11037837995298541,0.13752653032168213,-0.05145553955226612,-0.03691976344131058,0.00020980519909952417,-0.07436232517815819,0.07355068162641752,-0.0710373839653677,-0.08143519123745394,-0.10813010445778995,-0.050359748288218084,0.04708650101306069,-0.05860207264041944,0.10325725808153693,-0.06524761152725406,-0.01019987746508073,-0.09273179777761521,-0.04635153912242487,-0.00038732544711211946,-0.09244267280820515,0.012369214373712549,0.1899910350978078,0.374357863900912,0.08125940258986303,0.022421650193882245,0.010583731703454922,-0.06067130742087958,-0.025192571883139017,0.07629347504395673,0.08837286447342996,-0.04320537025794692,-0.008325485470889711,0.0048488056962962545,0.12546952457380453,-0.055479101758311736,-0.06554762980284,0.12953250681537193,-0.04681202286223681,-0.03379545345691041,-0.13580461708801644,-0.048574186169879324,0.049479539209975644,0.09669680629711688,0.08140650099219138,-0.01972093745384474
3,-0.07044134808584256,-0.05149333271122255,-0.05837435416487402,1.0,0.07960652374329122,-0.04485995474600389,0.08118529205779934,0.2714554651711868,0.0039033861853307065,-0.07311258056139078,0.05295360861360415,-0.02369690550095227,-0.08649560018182204,-0.036588350683774265,0.11728770164644922,-0.07685914618416652,0.042348117980618015,-0.016565762012127748,-0.07720788441207044,-0.008469542609755343,-0.03227726183688762,0.4435777269739356,0.04743372238676971,-0.059577674203374516,0.08533510847535318,-0.03716071989428041,-0.04898870860851305,0.0009740930072038396,-0.036187084352216015,-0.05526047771534781,0.020537511680361338,-0.006051153172611321,0.09950035010059187,-0.017362381439661893,-0.07444443099603881,-0.06069712107415616,-0.057028025258892896,-0.06620528358059956,-0.057765736997269515,-0.07171214727498587,-0.04217604961159982,0.14914713446791528,0.13539315958046233,0.23139955457977968,-0.02168610856598208,0.2611144193979306,-0.042114718130468874,0.12074849004375249,-0.01874428158738207,0.09542676871516667,-0.02623785066146026,-0.036515640102593436,0.15004586594573918,-0.03287126778450899,-0.06547700732681763,-0.026671362488128517,0.07064791309585013,-0.05624673596842099,-0.03724413126863525,-0.02700852155434289,-0.07605474460097689,-0.029431949842022555,-0.060518985301918904,-0.04587731243814045,-0.010690979067065669,-0.007490183868665184,-0.04079003017560739,0.29304095648107653,0.31330707761736654,0.005291520476178965,-0.02225979234626263,0.06512788020386456,0.18132426994568224,-0.021725202077750083,-0.03318504210394148,0.01273225051779919,-0.02649765589346141,-0.04272559155489204
4,0.08579703621060997,-0.09394705362227797,-0.07081272009594856,0.07960652374329122,1.0,-0.06806889986352169,0.8109163612531652,0.23663275919425422,-0.049503064531642355,-0.03312260940713729,-0.009179297890950724,-0.05334462166020987,-0.1394957692593795,0.16132002023457798,0.08040094299967629,-0.10307918888057005,-0.06922705304393147,-0.02846536780688393,-0.11269785362313184,0.008921961728185782,-0.1162427679260507,0.04382367444624516,0.5343041817696382,-0.0949611460967783,-0.04835309343606141,0.25075600172742407,-0.01606518833347005,0.08684132010151979,0.005741191860953652,0.10965414181041153,-0.01787178279043087,-0.02536999129765661,-0.058218994396480726,0.17767840698375081,-0.11758544741680069,-0.051705962279080434,-0.09006786189724025,-0.07442285838052692,-0.09796242706143322,0.21046914923198468,-0.070485040070805,0.20897304109321674,-0.0885837177176852,-0.020676922711986224,0.2047515432490089,0.10012213294852612,-0.03542804057632618,0.059731484765799064,-0.0275065143473765,-0.0012487882801672139,-0.03739668318515865,-0.06010202193345014,0.2474041409655367,-0.03909319229129582,0.10043484104195671,0.0626166613515083,0.11130356769810473,-0.10179912525984201,-0.043340020751818545,-0.061575034629180736,0.15006715763441048,0.3411715000170812,-0.08925608789993561,-0.07315932833411928,-0.011591635721874324,0.2061513024146088,0.15539853464504802,0.04553020749588111,0.3548307965841369,0.1028042702397005,-0.057788785658531044,0.4929151862387635,0.15855362608686197,-0.046882464662041844,-0.06198492254255398,-0.026470620939039124,-0.09232090232945586,-0.048271178279133214
5,0.0689791136035004,-0.052379547631667925,0.443433441356053,-0.04485995474600389,-0.06806889986352169,1.0,-0.04958046889501001,-0.06334800224322136,-0.036746589238356206,0.375768286932461,-0.05478859695163538,-0.0375179083963006,0.10120589386687662,-0.042330556182435405,-0.05328468676774541,0.3106598200092442,-0.034522448580144,0.09021428522966682,-0.009142953785696602,-0.009201840874432285,0.0919961518759892,-0.03278268445318586,-0.04300881645451331,0.19738131161063766,-0.03407285242728344,-0.0148721173665377,0.01373684647184227,0.11832071027779512,-0.0046624228763818415,0.1333611626615664,-0.016800862719669418,-0.020839728050101924,0.03442456189465597,-0.027910041019855798,0.10861627575889933,-0.054469260696925925,-0.03626120421026774,-0.05935775275504874,-0.05026256077451095,-0.02131446026205329,-0.04334690927546407,-0.10079218618115345,-0.07863637578329748,-0.038405373162298306,0.011592136663301328,-0.038005684356988,0.11961184910674937,-0.04161161189357468,-0.007675479001476268,-0.0665380428630023,-0.034644720116304054,-0.0095187875447835,-0.06291013874264592,0.03283165899779346,0.3072553622136375,0.15228721420860558,0.041635077818523894,0.06400951702354672,0.1570423987463421,-0.04444741878289174,-0.053688675312940706,-0.02668544071420706,0.054240086987776145,-0.04939565945826037,-0.01626594691304611,-0.0037490370652258544,0.21610438567528314,-0.03457099752703161,-0.046900532061224236,0.10572527764780631,-0.04129154448906393,-0.03917054042447306,-0.09562646977352515,-0.03525900235035031,0.02601411516592076,0.04913355203266909,0.20295567277917936,-0.009650800203703775
6,0.04940303924845534,-0.06471124361251883,-0.057904776752400834,0.08118529205779934,0.8109163612531652,-0.04958046889501001,1.0,0.2751118035511103,-0.03525281157102564,-0.027394361976836062,0.018325097263588042,-0.03702510176152364,-0.09987282770001538,-0.028232218340891013,0.09153717882663293,-0.07322927497039387,-0.0470793055627044,-0.031922801385270594,-0.08249037182282387,-0.0034672100302368773,-0.080435368064387,0.02322050546885051,0.2889147013444487,-0.06762576480871367,-0.03441828260398011,0.10123157708589965,0.006328503094994988,0.08983089359697222,-0.03937482845995524,-0.023870892593142585,-0.014000345313637894,-0.018069316941930473,-0.04951492944630786,0.15144759085642615,-0.08431066785739566,-0.04558871776061202,-0.06411804025637576,-0.07657232418909024,-0.0678718283336309,0.09086467767672574,-0.048652057712358976,0.19250031500381892,-0.06058967994723395,-0.014061435897290697,0.09317233566859859,0.10190363061832092,-0.03787282853051746,0.11615618615456158,-0.020929229546956994,0.04121694432866144,-0.016117071346747808,-0.042017942912926314,0.26082861572090876,-0.023429992013670783,-0.0276889375819874,0.016044728067140215,0.07516167635435397,-0.07310650266637636,-0.03614449598642969,-0.042844319275643014,-0.016663025904565837,0.07942170463749057,-0.06351307029129888,-0.05355146636298751,-0.012164911225823912,0.08260328493915986,0.028249895243396314,0.02279354342568895,0.44496300246051457,0.05439764573586307,-0.043336657966427286,0.21815584024615742,0.1848103820761232,-0.03201502073040402,-0.047022307608770034,-0.02761056238049983,-0.07470393160431518,-0.03950193243979934
7,-0.049277776169786826,-0.082539440411603,-0.09690289805836974,0.2714554651711868,0.23663275919425422,-0.06334800224322136,0.2751118035511103,1.0,-0.017173058798693002,-0.041280827966298755,0.18775177933764037,-0.034314824690224156,-0.11973967416346282,-0.046902668681932706,0.3233218318317327,-0.10340794265043285,-0.009897635216710273,-0.05581474772429269,-0.11005326474059055,-0.013696140883490346,-0.08903269518093812,0.22312645467027212,0.1378844899201518,-0.0779730726918641,0.14233323848572194,-0.043859544985380125,0.13295492349076088,-0.012674788113611498,-0.054582302162398025,-0.07753326487565293,0.038101417693463806,-0.009772395350582604,0.044172479959514274,-0.004816186060843285,-0.09964645221753851,-0.07041123518090331,-0.09433625931857828,-0.06021350144815703,-0.0954277445357012,-0.05014531740698918,-0.06795765015791971,0.3442706689423153,0.0638651170374721,0.14792851443529764,-0.05118263576406287,0.18742769315411947,-0.067739047097266,0.28682024760223834,-0.028828020707951787,0.4957465670091991,-0.03332960845315844,-0.05410877617164438,0.13688008526198833,-0.04167163557622455,-0.0842967866553452,-0.07258360543293546,0.15162645608682737,-0.05153667429200226,-0.042942258751583626,-0.05595028893786402,-0.10729762729685,-0.05546135470590377,-0.08493602443730092,-0.06646533432000934,-0.015663904111636373,-0.004220774433729462,0.00588598406664822,0.3249199773054062,0.3553820575032502,0.1729275637889376,-0.05246981913657835,0.08198219337040147,0.40473820344561795,-0.02017577387252631,-0.046349062975416966,0.007699903756870409,0.011849594919483893,-0.0435287790438783
8,-0.07751320670005893,0.17079425457266642,-0.043337190239046273,0.0039033861853307065,-0.049503064531642355,-0.036746589238356206,-0.03525281157102564,-0.017173058798693002,1.0,-0.05507422240229291,0.04515458021413116,0.08689052557187184,-0.06561541682309642,-0.0315385338004708,0.01933020243045746,-0.052515893168547406,0.2673626880118739,-0.036752385203292465,-0.06674108096944022,-0.0069334957790138565,0.12875468800790507,-0.00871471457880525,-0.027537228046439485,0.12261969021118269,0.03585301064639877,-0.03831698896130376,-0.0049510359937310205,-0.03284848161095479,-0.0356374334688273,0.0016035666077418359,0.04914934586432413,0.00854356315564883,0.4738017437285468,-0.03945324644246246,-0.05394454407517535,-0.04884789982424045,-0.013239658598826556,-0.058862131191085264,-0.04137196444851862,-0.06453201666661458,0.029793674139894706,-0.02810426783883838,0.03992660784675134,0.06459698833444727,-0.029503152558368488,0.002943771617100705,-0.04034570331544999,-0.006668167747847802,-0.0163157732334625,0.2624959887376888,-0.029786898523315584,-0.017577990150496416,-0.03253381070588628,0.046115665075621995,-0.03471657624912712,-0.04022684446208941,-0.04057977241658582,-0.02900687148200428,0.003744670177359622,0.2067606402566584,-0.06859975152875275,-0.029348031148954817,-0.035349312792531035,-0.0006955702266817319,-0.010572950936264116,-0.017343143265459514,-0.046760774950275696,0.0014577919415134522,-0.02685284540364074,-0.06225359876754523,-0.031122561526040475,-0.01613152002387422,-0.015094737845247366,0.013418026462399792,-0.023350598791517033,-0.02195692241139868,0.15571807393728943,-0.025154494599813858
9,0.20676321673848574,-0.1232192735208113,0.5023939724851101,-0.07311258056139078,-0.03312260940713729,0.375768286932461,-0.027394361976836062,-0.041280827966298755,-0.05507422240229291,1.0,0.05078891131730512,-0.06300869133050799,0.33753155243220767,-0.025774191336973742,-0.0507040086153706,0.32277850481366277,-0.0897729765560429,0.0697660718778605,0.21124794156673593,-0.014745414537064568,0.10642745277440024,-0.05551829038283676,0.043116115002453034,0.20574761847212814,-0.028583567745877406,0.021742172565041743,0.11773543394954492,0.3285796547943564,-0.03511534125635211,-0.014805081328385677,-0.027856626336204653,-0.0382046625217994,-0.016540391091909197,0.133954480616454,0.3015905729452165,-0.026402157897158062,-0.07691694784910787,-0.027081866118212283,-0.10767147479270804,0.21583720411817112,-0.09193035553986109,0.028752899520095253,-0.13821132289856392,-0.045885512584480224,-0.020766215838802192,-0.05852603935034651,0.011266437263137802,-0.03029901579222792,-0.012439494498355158,-0.02423422172630326,-0.07417672255077665,0.026986771567010445,-0.04851520829078303,0.08920124374518279,0.07530716673349867,0.3341645628492305,0.08882083087007134,0.11168419816692997,0.005380414778848814,-0.08502270279546914,-0.009492565599474194,-0.011466855193049925,0.21495264633217046,-0.07304838704699299,-0.01612441980276567,0.022691410534215833,0.02292167971703283,-0.06706356332403147,-0.0685773967008694,0.21770080690252902,-0.0744771385085016,-0.03227816787992885,-0.06247707675623619,-0.06406016395191376,0.042984714752048306,-0.009047047742301584,-0.017324537461363358,0.011563274871267258
10,-0.059955072828489386,-0.07770031749202203,-0.03585520180328184,0.05295360861360415,-0.009179297890950724,-0.05478859695163538,0.018325097263588042,0.18775177933764037,0.04515458021413116,0.05078891131730512,1.0,0.09196459459943068,-0.07921698931923718,-0.01714367542529836,0.02879886344052563,-0.057011260434873826,-0.010987017559118833,-0.06351578822608747,-0.06701598993297843,-0.011771392615008846,0.02761027096611827,-0.014718775765883933,0.011820915428722625,-0.05183695725852391,0.2862351751947988,-0.030864090501663766,0.3748727982276644,0.006467098839728409,-0.06536997509644205,-0.07388856508670202,0.045208471837949495,-0.02397870243698874,0.05887102181753547,0.009244048052588218,-0.03129911553264413,0.06251157950464853,-0.08518386100827771,-0.01324644891783811,-0.10773728468842347,0.13982696007674894,-0.05260433689807074,0.3143068207153812,-0.020323060966286915,0.049676967816053685,-0.06915547644305592,0.058746425050052675,-0.05519613534041158,0.11866746505691694,-0.02475042052679298,0.19058734239370984,-0.047875790371893545,-0.026649596158313943,0.11936123448513705,-0.027661340320445652,-0.07866727575286335,-0.0366062480376758,0.13608850093750147,0.28289797211750145,-0.00012701602289368042,-0.06448083507419129,-0.08312313731771116,-0.053924109040667106,-0.07206394957953702,0.09287982132931247,0.0056792054036741094,-0.02372824557251197,-0.04683215177279866,0.005441887934202723,0.018938354577233446,0.2053038806339896,-0.06573158053414434,-0.02384684366761648,0.37101546213342995,0.03934817446703322,-0.047355393627516854,-0.009617964367153151,0.019115678236285596,0.03365928599065142
11,-0.082108107817344,0.17058175911071444,-0.05179003816490069,-0.02369690550095227,-0.05334462166020987,-0.0375179083963006,-0.03702510176152364,-0.034314824690224156,0.08689052557187184,-0.06300869133050799,0.09196459459943068,1.0,-0.05662348996209538,-0.025632144594325033,-0.0325298561663677,-0.05971684248229436,0.09706423125473901,-0.03460451493973091,-0.060842228082703856,-0.005326303144866228,0.04034645910333415,-0.019958406990974044,-0.032640801280842305,0.02107601737365447,-0.004277142588375059,-0.03626323668563869,-0.02742653349400461,-0.03837445392955886,-0.04567278675870992,-0.02844707700010473,0.01359212305628468,0.07465807266968336,0.00788352173592499,-0.03807876800182921,-0.04769125353158131,-0.04122290387377012,-0.0167045034842297,-0.05209407342064527,0.028199775432294016,-0.05897390339898134,0.3173183049023387,-0.01535487118047402,0.13539407757530159,-0.022827623773776035,-0.03354687212006751,-0.005940263624341169,-0.03758505533134278,-0.02122522618980939,-0.014771688822193516,0.04202685009337895,0.07240724046113713,-0.024476530975803264,-0.03463070301546456,0.013199913863190242,-0.054838995455012085,-0.04019910090624568,-0.043037905808873775,-0.01790903781658665,-0.011087872659637992,0.1339102415169395,-0.06261153388107306,-0.027599343795548802,-0.03492107499762391,0.19240397761457784,0.008443909304436217,-0.018597251905457017,-0.05699721754611088,-0.01766354902443417,-0.024792092003125616,-0.07540939287973888,-0.016546244382804855,-0.02776188228476941,0.022353229780793637,0.5644316176172878,-0.017431330329377603,-0.020074279660358622,0.00022471195217665246,-0.019541700133410875
12,0.2336295009075986,-0.09610906180092764,0.3254391798860069,-0.08649560018182204,-0.1394957692593795,0.10120589386687662,-0.09987282770001538,-0.11973967416346282,-0.06561541682309642,0.33753155243220767,-0.07921698931923718,-0.05662348996209538,1.0,-0.03513732380758175,-0.09479663832810264,0.24599416958590367,-0.09432613299216104,-0.07295272157154604,0.5232991201519501,0.005019166464141379,0.2858332594823252,-0.05702969917621291,-0.09304816257235934,0.09404052887507337,-0.10250684256942347,-0.08715833113514443,-0.03569417169157406,-0.08066711659284764,-0.024484019794294487,-0.008135818184665383,-0.02943203166015531,-0.03621525922237708,-0.06291016859843905,-0.08119504935330099,0.5994193445991894,-0.029600077187817386,0.010473944094750082,0.22639003997431623,-0.04783278553376491,0.011625858927498924,-0.07629904188578202,-0.18856269374921147,-0.12987388657683502,-0.07817391062133618,-0.083390873663579,-0.07465975109507866,0.023596745308908387,-0.11541388332131683,-0.008818981984768137,-0.10087138120109233,-0.07249070129883017,0.13044045179037841,-0.11418374458488074,0.07224042922300532,0.14686774138335396,-0.062359011901556745,-0.10051345943528175,0.30070738529760216,0.03832209897620919,-0.08069664476729294,0.0050239224821534935,-0.06922441077574613,0.6655271911015254,-0.034874096142000106,0.0015822865251045805,-0.04567146570996912,0.16250073758381708,-0.07243220732220314,-0.07737495068388169,-0.03425988222361278,-0.05552968452924005,-0.07067406286071681,-0.15841277728774922,-0.05925468229782263,0.10081396790943978,-0.04263414086105194,0.027764647141348908,0.08572890129609369
13,0.03759689019401231,-0.05301592043440918,-0.058726360301726566,-0.036588350683774265,0.16132002023457798,-0.042330556182435405,-0.028232218340891013,-0.046902668681932706,-0.0315385338004708,-0.025774191336973742,-0.01714367542529836,-0.025632144594325033,-0.03513732380758175,1.0,-0.03515846730311675,-0.050653447003372876,-0.045431355188598005,-0.0324999330337064,0.009308126845369793,0.018257889587388852,-0.04537458052376703,-0.026417868524637414,-0.035992298345216195,-0.061361315324148055,-0.03147109107083309,0.10266059840450774,-0.02434990225120087,-0.04439725451927626,0.027545591591884362,0.314627868192776,-0.008929251783838646,-0.016230795263169416,-0.05299699542389048,-0.00011461547231046698,-0.025592975283439602,0.0688906391813367,-0.05273449441358093,0.17267601129464455,-0.05652467531375761,0.08314978111311704,-0.03896374490011906,-0.012686362801932381,-0.059847236472558234,-0.036843843221740336,-0.02332339961935654,-0.013730075047779976,0.023828259329329457,-0.05051661659856434,-0.002097606423315618,-0.05365241140767161,-0.04025833816734774,-0.0193130925034841,-0.017490138441684216,-0.026030848508096945,0.3694748632783068,-0.028472235595173295,-0.03134386590379896,0.004461684037271908,0.0015909868545884833,-0.03650734415873015,0.4167564181095694,-0.007769554273942306,-0.013763854034226372,-0.027346613278454515,0.012467353528737717,-0.008594482512933408,-0.003790463093742296,-0.03699661802907164,-0.011720520858253518,0.15637493163412647,-0.02091174771872987,-0.011327027038046266,0.017387225902321023,-0.02376847989677055,-0.03054086024179875,-0.01825825049018852,-0.06306300920893632,0.02781707824607827
14,-0.05747352396019608,-0.061237142035928144,-0.07703286402697482,0.11728770164644922,0.08040094299967629,-0.05328468676774541,0.09153717882663293,0.3233218318317327,0.01933020243045746,-0.0507040086153706,0.02879886344052563,-0.0325298561663677,-0.09479663832810264,-0.03515846730311675,1.0,-0.08580983902597794,-0.03771930392314034,-0.037919070994776344,-0.08318317026528999,-0.009401996500385363,-0.07358361914493905,0.1608412721744641,0.06029770546910167,-0.06436001258373711,0.07831271532870876,-0.045011759179445644,0.05866658608180996,-0.026481102880288446,-0.04971955912024834,-0.06467924398219425,-0.011969262309059292,-0.011324510308938196,0.058835934156714766,-0.005398662175362999,-0.08126286056372983,-0.06649019616610989,-0.06580150939703791,-0.04670376421488463,-0.06456017428874729,-0.08888944058891818,-0.046230365180418356,0.11203508901632268,0.029217483805755187,0.21052691110559718,-0.04519978138946312,0.12767667527632637,-0.05166038383095371,0.09053049120209644,-0.02056743166705679,0.26219723283906404,-0.02754522008705476,-0.03964717752963813,0.06624918788754297,-0.024341648089068718,-0.07686254867057984,-0.05221430374418427,0.1452597015930412,-0.06656068742676571,-0.039142946333122486,-0.039812770405794715,-0.07801927638179998,-0.04146739652272026,-0.06821039706556824,-0.05194466235878768,-0.015285386174368254,-0.009346795848515456,-0.04630136339829248,0.415936000246163,0.04255300600019524,-0.008952526826645438,-0.036581499782395915,0.12141704601913617,0.28115340868204336,-0.025576934463406323,-0.04095367990925469,0.018676863712892962,-0.0379547251695186,-0.04334776022964297
15,0.41867945267839735,-0.1094661312452298,0.44412477275072176,-0.07685914618416652,-0.10307918888057005,0.3106598200092442,-0.07322927497039387,-0.10340794265043285,-0.052515893168547406,0.32277850481366277,-0.057011260434873826,-0.05971684248229436,0.24599416958590367,-0.050653447003372876,-0.08580983902597794,1.0,-0.0750353260660003,0.0837993567175321,0.42849058256915135,-0.014295097013082476,0.031087493252627333,-0.05202088937546224,-0.04453738096395825,0.1749259957990119,-0.0854045825069791,0.022890189266080507,-0.004671086087649309,0.04467130404199603,-0.015869689668439886,0.09939537894638306,-0.025693131574745204,-0.03286214691842886,-0.016680322202794664,0.03612462514049057,0.1705544897187502,0.1536221579758978,-0.07236538158642558,-0.021347947569863576,-0.09762735070030844,0.15384754465797312,-0.08278482009020238,-0.09819162105487772,-0.1279459963803404,-0.0623773111810193,-0.014298859284795951,-0.05849937869636094,0.061451240818017075,-0.07913484284771094,-0.013921175319204063,-0.09231198543575325,-0.06727376923604493,0.073344569547586,-0.09770482866662439,-0.007804544954165347,0.15648350288409946,0.08890807828522049,-0.05938102039733072,0.024970308141378537,0.06676032912514113,-0.07353733059481901,-0.04516430990858685,-0.037560830019654864,0.14178365390736875,-0.07324864763710856,-0.005314579761523983,-0.03126433670790691,0.09330066770588755,-0.06747391759223435,-0.07018370024970659,0.1783477294109383,-0.05877712419184068,-0.05607414738312949,-0.14728927775059714,-0.055851687228965524,0.12317295696682894,0.0389826126590208,0.13037988550470397,0.002878765628769724
16,-0.11551785340230306,0.30032258101031506,-0.06162877430867765,0.042348117980618015,-0.06922705304393147,-0.034522448580144,-0.0470793055627044,-0.009897635216710273,0.2673626880118739,-0.0897729765560429,-0.010987017559118833,0.09706423125473901,-0.09432613299216104,-0.045431355188598005,-0.03771930392314034,-0.0750353260660003,1.0,-0.047941307894127316,-0.08792254347800892,-0.009872551496132163,0.11076140387825775,-0.023920370990734685,-0.031212490517490685,0.19788100531347413,0.07054137744485897,-0.04532100084033645,0.03212252557613143,-0.015077697933679381,-0.04636188909341289,0.0016366217094498088,0.03586338403168781,0.002861974433955578,0.5640021778398034,-0.0547972718668495,-0.07448957203911347,-0.07044091278129597,-0.05130207245221155,-0.08569852803747477,-0.058266538097299904,-0.10211537073597446,-0.02980215551682211,-0.10360903643963568,0.14131045225839137,0.14019913890525873,-0.03228814053243807,-0.012360956040073114,-0.05360268734154437,0.2572988878061949,-0.0059594824808811096,0.16121537798430252,-0.0393188440775661,-0.03872016954426551,-0.050974603829333734,-0.01836950340985858,-0.016950017844318377,-0.05696983433652971,-0.04470612431483597,-0.06479561720576661,-0.022895342436452262,0.20669544455422806,-0.093297065560213,-0.04447858781528545,-0.03191567080418284,-0.04134458897576571,-0.016950314495267065,-0.025418669901680267,-0.07209344049853533,0.06780645740363103,-0.03495660510582395,-0.09244701676259595,-0.03926156776048128,-0.039113530994179774,-0.06813370385165565,8.009829982309259e-05,0.06603607390470603,0.04216045400937049,0.5465741372731732,-0.0466877493555304
17,0.13940777551026856,-0.06155216993967508,0.27887738697784803,-0.016565762012127748,-0.02846536780688393,0.09021428522966682,-0.031922801385270594,-0.05581474772429269,-0.036752385203292465,0.0697660718778605,-0.06351578822608747,-0.03460451493973091,-0.07295272157154604,-0.0324999330337064,-0.037919070994776344,0.0837993567175321,-0.047941307894127316,1.0,-0.05415937630109999,-0.007693584823242946,-0.0730924990870441,-0.027201926984789484,0.017425568813491103,0.05772340124325251,-0.050031252890768874,0.0462589847080329,-0.062192117245118396,0.36261959801304267,0.08140128027120269,0.13033765648784684,-0.014225418157505377,-0.017694157087440012,-0.02257925535228167,0.04237566662179491,-0.07421899424139437,-0.022661289514277053,-0.049026331714679065,-0.07369885601416959,-0.06348208347711073,0.07201081471926464,-0.04554436896000296,0.08833882496511578,-0.07161987892403186,-0.025675817221433434,0.24741773344896748,-0.031700207715808545,0.08711957336264961,-0.031065974291967877,-0.016582173044429112,-0.06395881267208701,-0.034175576167228605,-0.037638697623982864,-0.0519871766046292,-0.02821122837669516,0.057653521241448,0.3503350384314335,0.224983412570781,-0.06760779371166645,-0.027463531352249076,-0.0390628125804203,-0.03352229062261447,0.022712767599135264,-0.062215265302704874,-0.05366642352714813,-0.013179853568449976,0.031059767845124375,0.0723170133597405,-0.028309020768198436,-0.03656095595048464,0.10814316632526494,-0.04207485750603658,-0.01405283248827592,-0.08223226308096848,-0.031174829868640737,-0.014693113364034881,0.23606360188417724,-0.058075709181430825,-0.03409944922452569
18,0.4179045145709015,-0.1104892497343086,0.14942816416348542,-0.07720788441207044,-0.11269785362313184,-0.009142953785696602,-0.08249037182282387,-0.11005326474059055,-0.06674108096944022,0.21124794156673593,-0.06701598993297843,-0.060842228082703856,0.5232991201519501,0.009308126845369793,-0.08318317026528999,0.42849058256915135,-0.08792254347800892,-0.05415937630109999,1.0,-0.005313450443221046,0.021549900619219502,-0.05159149047021798,-0.07420597223627254,-0.059384683416243186,-0.09466282781044955,-0.0602419112987925,-0.0484405585078603,-0.07342486120924521,0.06970772280108978,-0.042768709645554126,-0.02655920116612072,-0.032809885294877994,-0.10001509920482901,-0.021423707525280153,0.3633387386337544,0.18625216850711557,-0.05889740119837676,0.27524795726196555,-0.08976584078379402,0.1140258025975287,-0.08249622190173223,-0.1393792798165964,-0.12844302295796164,-0.06950962979771244,-0.07378265434887502,-0.06401056269545827,-0.004040088550271258,-0.10292707176322224,0.022799906868197082,-0.11692671714560117,-0.07657269210971507,0.1726473135303382,-0.0983170659954402,-0.03477729685284692,0.05417227202210372,-0.025715453395592808,-0.0893154472174778,0.1857640953180896,-0.010260457511811403,-0.0739665473929298,0.08641290140644417,-0.058575588020681524,0.3467286166395564,-0.06551887053635871,0.04657484224236219,-0.03935429823618127,0.07555760270715722,-0.0713048104798682,-0.06510912731242154,-0.018585138000759144,-0.04976357373276532,-0.0597238248705447,-0.13971977653865342,-0.05633886402151814,0.12611646576613436,-0.05037310235198953,-0.06567591969566394,0.10784787128330756
19,0.010877572127544682,-0.01155873143442234,-0.0056500952731143046,-0.008469542609755343,0.008921961728185782,-0.009201840874432285,-0.0034672100302368773,-0.013696140883490346,-0.0069334957790138565,-0.014745414537064568,-0.011771392615008846,-0.005326303144866228,0.005019166464141379,0.018257889587388852,-0.009401996500385363,-0.014295097013082476,-0.009872551496132163,-0.007693584823242946,-0.005313450443221046,1.0,-0.012672166114865286,-0.0055959145982372345,0.002164166326758863,-0.012949628008876482,-0.010989598636304533,-0.0046262581016153145,-0.014134130565827907,-0.007853594781884628,-0.0033248285321448943,-0.0028379267705940844,-0.0029261387721210433,-0.003454189398973845,-0.011409823270086205,-0.005459869507322302,-0.007890295664535023,-0.010939997782596434,-0.008159738621720989,0.14287529303847926,-0.010524065765548565,-0.009959385217730998,-0.007268277696058456,-0.01204565634917547,-0.011987650736909375,-0.007933942358858033,0.02041966714866747,-0.006711644439581811,-0.007270256148256719,-0.011878791263627944,-0.0007277699921262407,-0.01574386552628572,-0.007329585576621394,0.0023001502038860104,-0.01089969951177322,-0.007525270411724497,-0.0007114682741287664,-0.007579574581542344,-0.0074457105873714235,-0.009522087989369831,0.0010304323814496574,-0.007777851986887189,0.021437652507544876,0.031235021216571714,0.012891180465828172,0.0008300825250009213,-0.0019837483921590765,-0.0019001118173071776,-0.008889888183417101,-0.007385758508085124,-0.0074603352803003925,-0.011298263440141931,-0.0037478379467774992,0.03956071073707491,-0.004715886525261803,-0.00561655822533939,-0.008339061138183862,-0.004400575200972979,-0.012259058485302107,-0.004773372522061579
20,-0.06487930642059167,0.2773932250750174,0.07344427204454447,-0.03227726183688762,-0.1162427679260507,0.0919961518759892,-0.080435368064387,-0.08903269518093812,0.12875468800790507,0.10642745277440024,0.02761027096611827,0.04034645910333415,0.2858332594823252,-0.04537458052376703,-0.07358361914493905,0.031087493252627333,0.11076140387825775,-0.0730924990870441,0.021549900619219502,-0.012672166114865286,1.0,-0.04544618111550164,-0.07605453743697349,0.3399129758332823,-0.05155194964634109,-0.08407698211191456,-0.01605029890523799,-0.07028677554110989,-0.07342085225579342,-0.043432253278922646,-0.021313621044350497,-0.02641778251073092,0.1050638341741583,-0.06936211364682415,0.3395550018955816,-0.06399018738845003,0.12023366957596188,-0.06263531270550052,0.05395603638679824,-0.03324583223358778,0.062382394649591416,-0.15491900085410798,-0.014076400595686994,0.00472369993277362,-0.07893730524821835,-0.059292406704582565,-0.03183205595773328,-0.07130198921379871,-0.025683659564610536,0.10956751010700336,-0.05461379379970407,0.07136538404719478,-0.09465708286891683,0.3747017109518076,-0.035858855464675106,-0.07342308525415338,-0.09958570745841028,0.2793513791154343,0.07027771920916512,0.011060813293214549,-0.11005892553901593,-0.06270778157519029,0.1383522392092404,0.09332906519208095,-0.012334943207583094,-0.0377344592151114,0.0022823384881997446,-0.04064619849921121,-0.06400986666967454,-0.1081014725645488,-0.04612412579218475,-0.060366146429176884,-0.11232873461704408,-0.029698920484600037,0.05731104217861718,-0.04677331931604321,0.07904782978964182,0.04789520675712998
21,-0.05371886830639987,-0.03606361948756954,-0.046432475348175545,0.4435777269739356,0.04382367444624516,-0.03278268445318586,0.02322050546885051,0.22312645467027212,-0.00871471457880525,-0.05551829038283676,-0.014718775765883933,-0.019958406990974044,-0.05702969917621291,-0.026417868524637414,0.1608412721744641,-0.05202088937546224,-0.023920370990734685,-0.027201926984789484,-0.05159149047021798,-0.0055959145982372345,-0.04544618111550164,1.0,0.028211303871793394,-0.0420990723719733,0.013399890143226519,-0.03033979696891933,-0.04201084979620913,-0.023826915812197463,-0.027014887005013602,-0.04260081361710877,-0.003992626871015699,-0.0018155480165110544,0.0024380022650206195,-0.02165704272911813,-0.04969054400039264,-0.04000424281831296,-0.04115260259782914,-0.04826140818573525,-0.038465116455012195,-0.05549712066582093,-0.02753733713084351,0.09945535081383446,0.09137727267635185,0.012569377464953083,-0.02986423352186078,0.6527663352614883,-0.03144725636390783,0.023651441953282434,-0.012344000911876788,0.06839345867606436,-0.021513647424147086,-0.023928681981931745,0.1047305625472923,-0.02324104531487388,-0.050525505743084065,-0.033214314001498685,-0.004435472825263921,-0.041943413350636866,-0.024010614705090493,-0.022544474101735004,-0.051906104969307594,-0.024347529718912207,-0.04141408621924051,-0.03252051899114416,-0.005819833148266955,-0.009549166334194337,-0.016483896507546544,0.17233969272515487,0.3800772758370873,-0.00713694210737182,-0.011120278154094212,0.04051811363040851,0.10366850134626393,-0.015549534881197664,-0.02665126455004022,-0.011426162376834626,-0.04551411074356196,-0.02707366014375437
22,0.09117092712320288,-0.062145387445336,0.004016845436743011,0.04743372238676971,0.5343041817696382,-0.04300881645451331,0.2889147013444487,0.1378844899201518,-0.027537228046439485,0.043116115002453034,0.011820915428722625,-0.032640801280842305,-0.09304816257235934,-0.035992298345216195,0.06029770546910167,-0.04453738096395825,-0.031212490517490685,0.017425568813491103,-0.07420597223627254,0.002164166326758863,-0.07605453743697349,0.028211303871793394,1.0,-0.04271635945375145,0.015471310720271397,0.28084325668452714,0.0024386429789456793,0.1873424404408281,0.06799534509698967,-0.0021780298814649234,-0.007752895941724774,-0.01758252209245608,0.008649223153250183,0.18293580466091472,-0.0793935628291982,-0.05188397767833537,-0.06832048036758724,-0.07447934685458729,-0.06666445524768433,0.4402095378449129,-0.04782918087462507,0.2232224774114774,-0.05198066288491522,0.04868391291881928,0.113276892374274,0.022119214396062,-0.02646033316341451,0.07077211532470207,-0.018826797482189607,0.06923409738820537,-0.01989641521924001,-0.03926246800586337,0.13750770597996104,-0.025630884075804355,0.00765005527060676,0.18653155315090308,0.14873280556508306,-0.06149922647487549,-0.03503063857203696,-0.04103289179347225,0.003003338089731685,0.5512279109307513,-0.06750685995839881,-0.05149032762890961,-0.005131095615593392,0.28470815151546613,0.34025574970470596,0.06883709728717964,0.14034085638474392,0.05584109376047487,-0.0390004291282566,0.5758046481779813,0.06669484685885352,-0.029532388621565847,-0.03486172059228602,0.0011760883095931927,-0.026963279988582313,-0.03974038481600585
23,-0.08102258877351246,0.215434943405099,0.19543002929060604,-0.059577674203374516,-0.0949611460967783,0.19738131161063766,-0.06762576480871367,-0.0779730726918641,0.12261969021118269,0.20574761847212814,-0.05183695725852391,0.02107601737365447,0.09404052887507337,-0.061361315324148055,-0.06436001258373711,0.1749259957990119,0.19788100531347413,0.05772340124325251,-0.059384683416243186,-0.012949628008876482,0.3399129758332823,-0.0420990723719733,-0.04271635945375145,1.0,-0.003331452108675486,-0.02903720695653685,0.037690515125389866,0.15140571026333416,-0.04159763410971789,0.09890858796950194,-0.020432098406969013,-0.02444801743338116,0.16279477394060188,-0.031630470480942974,0.05839906387169359,-0.057058641748039624,-0.03251943296761285,-0.1046171361940568,-0.07238860250578454,-0.020703298139299067,0.005226461191190035,-0.10662268973271904,-0.04126133686916529,-0.04580812787305513,-0.011110528774555165,-0.04927989341809053,0.030798840724111327,-0.017949776189273868,-0.021448936566919104,0.14346491547717358,-0.05336602107696561,-0.008444686808035493,-0.08332936290198599,0.30033561240948714,0.13123431296138266,0.03267000673812201,-0.03014067864844465,-0.0026369968316081894,0.07872165857126054,-0.024708599999081912,-0.12039953174837402,-0.04410454339581715,0.1346243628270422,-0.03735014165884617,-0.02317769807641419,-0.03128617476597751,0.09804025224729536,-0.021597768688161254,-0.05624498559705125,0.03631324700903932,-0.06264976925641177,-0.05076505842628064,-0.11448016305679448,-0.035690237687201476,0.06222818053652184,0.020135153970377885,0.35784894647053833,-0.022636973781797458
