,0,1,2,3,4,5,6
0,1.0,-0.1671309252200261,0.054906890435891316,-0.1425439512076202,-0.04466416694144823,0.20471428694989516,0.06373794451843733
1,-0.1671309252200261,1.0,-0.14676096671612807,-0.0782901059315474,-0.08836923599548668,-0.19213721148205337,-0.11904079848465572
2,0.054906890435891316,-0.14676096671612807,1.0,-0.16832986702049607,-0.0471743595875074,0.02712031451622192,-0.10263933353657044
3,-0.1425439512076202,-0.0782901059315474,-0.16832986702049607,1.0,0.11971114735808355,-0.20827163671038573,0.24811133631590704
4,-0.04466416694144823,-0.08836923599548668,-0.0471743595875074,0.11971114735808355,1.0,0.11875418710014318,0.0009906369622450003
5,0.20471428694989516,-0.19213721148205337,0.02712031451622192,-0.20827163671038573,0.11875418710014318,1.0,-0.02933608614899504
6,0.06373794451843733,-0.11904079848465572,-0.10263933353657044,0.24811133631590704,0.0009906369622450003,-0.02933608614899504,1.0
