,0,1,2,3,4,5,6,7,8,9,10,11,12,13,14,15,16,17,18,19,20,21,22,23,24,25,26,27,28,29,30,31,32,33,34,35,36,37,38,39,40,41,42,43,44,45,46,47,48,49,50,51,52,53,54,55,56,57,58,59,60,61,62,63,64,65,66,67,68,69,70,71,72,73,74,75,76,77,78,79,80,81,82,83,84
0,1.0,-0.07193584583677806,0.23862224737586976,-0.026423059875861653,0.001572515267811679,0.056519161901803464,0.04512896304894414,-0.04322086210396413,-0.07635614800509208,0.1766502610757676,-0.04315051255389141,-0.05499573796016334,0.2311641827325472,0.0777466419242284,-0.049156797788578906,0.4517965677707389,-0.09516781928408291,0.10992575876112007,0.41555623427020993,0.016790243126731542,-0.07012237863578469,-0.050443699953541345,0.08968038958441497,-0.08000591477258295,-0.0801755246573929,0.0428750149688,0.17124767876854988,-0.12261593913042962,0.16241640029533666,0.02275544419978369,-0.0330010536213443,-0.04215009310458408,-0.1201887104136071,0.31915772786914093,0.12297589647874044,0.09460515307374931,-0.10050584471743301,0.23629629684722012,-0.1333696770362211,0.16310020348784127,-0.11029686604289063,0.07157437615629078,-0.167695366936533,-0.07144841472668814,0.07135080011044562,-0.10550008928206087,0.011696792179001296,-0.09551511309260582,0.02070153595499511,-0.10394790487888633,-0.08594170616957758,0.08084936794462988,-0.05780518849925603,-0.05516465007616155,0.07574426558131916,0.17101550793294285,0.08362940077763481,0.007925645319430465,-0.01785416547868004,-0.08581335390119335,0.42244194891796427,0.16610731784192517,0.12436316319381027,-0.08984428986786294,0.012989791137182682,5.388426645350371e-05,-0.055380689607580635,-0.05140902347744498,-0.042700001949481876,0.010900096332902946,-0.06359052743902188,-0.004704414416250069,-0.15004179499121345,-0.07314362394841983,0.0294080051151844,-0.0038378906450664803,-0.0875699541771247,-0.0956531145264915,-0.07631950900440285,0.04183564139313942,-0.06536915247749606,0.06066689868539389,-0.055818157387064166,0.10898035026114994,0.12417897613039501
1,-0.07193584583677806,1.0,-0.032738328737536376,-0.018168048403961697,-0.052561565742144906,-0.03225581704261406,-0.0319604591766197,-0.059600081334023156,-0.031567527311211624,-0.07357728271203066,-0.04928114006582583,0.001466589791535695,-0.06163192988840323,-0.06361491528965019,-0.042837316270854686,-0.06742817760715406,-0.03751455450449079,-0.04140759801527262,-0.06991400166933807,-0.002874184954746907,-0.03662100029020214,-0.02746562867088869,0.025640529623874506,-0.052664357239190565,-0.018302128834860917,-0.044549167693870864,-0.07224855129151453,0.1919382721417807,-0.05310249717463234,-0.05388890601664195,-0.00027754904613266733,0.07421697696169802,-0.03036241461459077,-0.024784660971297657,-0.04953955480654174,-0.05889994504021352,0.13421807547205522,-0.06988108332908505,0.1711083343675075,-0.06816999810055174,0.019019505884448847,-0.07902906739637244,0.32311156156915083,-0.045090367246613236,-0.0280858841494996,-0.04255119608588077,-0.044654166841645436,-0.03266316457356215,-0.018422499318400058,-0.06273774896563769,0.5092604066559507,-0.03470176299241444,-0.04250627526377136,-0.013537606070969651,-0.040527348043070587,-0.04046361857986354,-0.031132125893697803,-0.03816881742196289,-0.03664506855291984,0.035670831436741234,-0.05565396295457825,-0.02595125235537748,-0.05574927125696129,0.11150333241050076,-0.0131407386944078,-0.022218794686056663,-0.0593113866193699,-0.023452767144809004,-0.03832692676070692,-0.043198669532753906,0.22844731370336108,-0.001611863014134636,-0.0015403572795393648,0.14951558436878504,-0.03280068457967164,-0.02105465753390693,-0.0053752977161321425,-0.039415427890382264,-0.027214747363284757,0.010621012441678408,-0.03219679030169566,-0.035812314475814254,0.028296803283869944,-0.02615231260672484,-0.0013031955744552993
2,0.23862224737586976,-0.032738328737536376,1.0,-0.034223478728512294,-0.10766149173695934,0.09997334455406409,-0.05667211093893935,-0.10088836335798454,-0.04447027271418608,0.41524379865931754,-0.028979315891546807,-0.0357573150809046,0.3881099986407397,0.1125097170129406,-0.08454338478923495,0.4380869585646805,-0.012288981579061569,0.23456357514566756,0.1847450558364665,-0.007726970740255469,0.10028266354633697,-0.0498560782010978,0.06251280617244402,0.1769282174357213,-0.07286596057214169,-0.03436992469408845,0.08784215180525787,-0.08076479255409508,0.15187943257068304,0.047571242122603954,-0.024825450963314157,-0.031422874835379755,-0.05886680180699312,0.130727976486476,0.17863368484320802,-0.013066624039140953,-0.031032688399129395,-0.0330902356075046,-0.07008246348412134,0.06596335828336751,-0.07385276377505691,-0.09310300525571519,-0.1168070347899734,-0.07280984385610119,-0.05804674235265793,0.04538692504994342,0.0998041922430147,-0.06700431225276446,-0.012089215981156202,-0.09881586194175136,-0.05088632280320039,-0.056544286940938195,-0.08025746075003967,0.00540751985511302,0.49312639881371195,0.3513856668978848,0.005858616337629928,0.047407169308037275,0.019134015891099906,-0.05757541169946514,0.03411058122371198,0.07442627202475424,0.11952352904954329,-0.039812010103797375,-0.0057865523335094435,0.006409452175717036,0.1841073309912269,-0.0486474693416989,-0.06415167213308703,0.07535184030213848,-0.045182550086150915,-0.00913398053809188,-0.09706249287158004,-0.050254111282656944,0.05209503474529614,0.07511971623241255,-0.04714331007686316,-0.08134996413367421,-0.04325416090053105,0.026170768397822612,-0.06277659228934629,-0.002205824955328806,-0.14555225558052515,0.2337038844552589,0.06159902738674883
3,-0.026423059875861653,-0.018168048403961697,-0.034223478728512294,1.0,0.11353837608316425,-0.022906982176678692,0.08860832167265922,0.22412614534653372,-0.006080081384514742,-0.05216632916994409,0.1395262630637502,-0.02109408909026434,-0.10089905702845813,-0.0383812968136655,0.1245341473706681,-0.08428856443822433,0.02174222220714653,0.05224527058667733,-0.08703828253367166,-0.009062642502883253,-0.07829605610028052,0.3089883399565131,0.07400694730900012,-0.04339636001994003,0.06304246534136894,-0.01992616451668484,0.14033610883979378,-0.04929086083644614,0.014075671088552818,-0.013461658095769168,0.04262978380847565,-0.007963911490342201,0.022840484123160296,0.007198735912556831,-0.08422940699434389,-0.028399115057521643,-0.0701899744961708,-0.054639559109990396,-0.06588418683957292,-0.06251397544374422,-0.049345059313568106,0.16366449821082715,-1.4401423703543428e-05,0.20423472612072427,0.09025376925171075,0.12277987960058895,-0.02631074210094919,0.12123700283209612,-0.020491092028560132,0.07186784717370079,-0.029073043768540807,-0.05125966951262409,0.11898513356800977,-0.03389596823707367,-0.029299612658393835,0.055413317271981295,-0.04303641258399635,-0.03592848809455371,-0.03879191397490479,-0.03151390334908228,-0.07598250037018604,0.07950208152924332,-0.07157419894896752,-0.054368121263655936,-0.011944737549914862,-0.005396707062988398,-0.06125198144692996,0.15552529384614652,0.2509521371050706,0.13441033581396788,-0.026693080691342925,0.10314582907626033,-0.05823399155026302,-0.025325255169752446,-0.034764164104587277,0.01942474423987935,-0.014966931761997527,0.45415466556976214,-0.005944012944477792,0.003755513684750799,0.07986311131701886,-0.04616036244756508,0.37972555189760426,0.08825367391032331,0.034317090144138404
4,0.001572515267811679,-0.052561565742144906,-0.10766149173695934,0.11353837608316425,1.0,-0.05205601534317448,0.36685138023696817,0.16020003155172566,-0.0431201268692495,-0.025366225942201538,0.16823438513113398,-0.024208121874749418,-0.12909701037506738,-0.05506073881507781,0.07626937243095352,-0.11014453550808152,-0.06589191829618868,-0.058136322787474284,-0.10234166452760224,-0.011187203960359288,-0.1062116149772411,0.0736827852243474,0.11692472174483437,-0.08712228944983526,0.20978237882729603,0.07266560328312974,0.28748644178070876,-0.06969712091681222,-0.06573058647724328,-0.018896288771764743,0.016037455870046447,-0.018785194600558656,-0.06885926953109442,0.10431278726037771,-0.08210846482737977,0.046967702436031385,-0.0923398235926744,0.021609927758602487,-0.08793031398656456,0.055972239700045986,-0.06457526210985762,0.39543237057784814,-0.0493627415923122,-0.050993777785302286,0.21887681522495034,-0.0272361067690289,-0.05108989662150435,0.04348260649841186,-0.024829944169204678,0.15880252625785518,-0.03986367480196523,0.0500988452770707,0.4164498214336771,-0.01561063134409663,-0.0765860302817263,-0.03149456146403658,-0.05585707408343799,0.021470215259048974,-0.04586305136877127,-0.04567735170932868,-0.017293212703279645,0.09278403439513706,-0.08161507891070528,-0.06525111714972534,-0.0027458875625781805,-0.018718925984489335,-0.07877485160925715,-0.01917151599633569,0.28327398218380395,0.011427103973516654,-0.05020597672509491,0.14923858105171056,-0.07428510904147018,-0.019281711343629215,-0.06354518653642302,-0.025237633182554082,-0.04516158217936914,0.08881401589488847,-0.023345800394926276,0.13538034581224526,0.17966545463083383,-0.030123247483493917,0.39963362373412753,-0.050889893098865296,-0.0417921659003356
5,0.056519161901803464,-0.03225581704261406,0.09997334455406409,-0.022906982176678692,-0.05205601534317448,1.0,-0.036079018448783626,-0.06775047472388651,-0.028512500896851554,-0.045180667473671034,-0.07209919125385168,-0.03101753717304459,-0.031375442935403126,-0.01170878873147467,-0.0560758009349197,-0.004189527861019648,-0.05093106430131878,0.08060172455686104,0.06400603281996783,-0.0031711055851875803,-0.07658340976240663,-0.033000825621837156,0.20217920276512244,-0.03692936089001044,-0.06661860502112026,0.029548485691963146,-0.05593587588997935,-0.06913089723056796,0.4633171210134571,0.004446324149447894,-0.017391401005284995,-0.024738073500933138,-0.05295176249310461,0.12107831049110221,-0.03799687882361147,0.03365190735118993,-0.07223038845201601,0.07093110147072058,-0.08338692899802028,0.0593477430169055,-0.06237133990047253,-0.014433388050012826,-0.0918965201412825,-0.057407530106262095,0.08930029433402883,-0.053055875248928006,0.1997377862421579,-0.05427548177206115,0.04669296483986711,-0.0862015934411463,-0.055790554187333176,0.19063303124891326,-0.05675374930099222,-0.03589224929963485,0.01151330688193107,0.09546833033223552,0.02197264905302947,-0.03470693729329205,-0.02392754850568403,-0.046725745146630304,0.16185664990555915,0.024969320819145515,0.016900907679370133,-0.06517328362966696,0.002434264203475085,0.04773572185765549,-0.038333257567183095,-0.03700782800258157,-0.012399678651747535,-0.004877867567472256,-0.041315181581278976,0.04797583620517109,-0.08335167411084607,-0.040920165229211374,0.03915682116369802,0.01911248021905335,-0.04428426552230362,-0.055933155141250725,-0.04157772380088966,0.11580730681597871,-0.03623687213202678,-0.03215581009625278,-0.09810427378329492,0.031078678087763278,0.10119102383138281
6,0.04512896304894414,-0.0319604591766197,-0.05667211093893935,0.08860832167265922,0.36685138023696817,-0.036079018448783626,1.0,0.24229602511152118,-0.03470770040752008,-0.029758958047280556,0.014702435551789874,-0.025085064114295758,-0.1028073854102575,-0.026369715954528763,0.09447833221234597,-0.07369575682153234,-0.05280163243668075,-0.036398422313299386,-0.08771334041105039,-0.003005669756447565,-0.08079063190462984,0.026269040249427944,0.25023505882679326,-0.06034463133787049,-0.03648371163601531,0.10168718133292105,0.0964736183849068,-0.05439272585913972,0.037857922120851095,-0.018999858965856136,-0.014542200047864691,-0.018191581473015778,-0.04458378579217363,0.12745204739833993,-0.08844852882717347,-0.039487263550403565,-0.063304450794877,-0.06957746230513179,-0.06672026317817834,-0.006588717887393514,-0.048903357281784736,0.19116780338694905,-0.06409511700841751,0.007775346423876782,0.44372184292576083,-0.0340888086195921,-0.03684951756001864,0.09901916867853966,-0.021286773777381182,0.06643538204400332,-0.016864432004386025,-0.03225462652795328,0.1936720967254449,-0.024048613076189947,-0.05088217478881531,0.01400334434950604,-0.042795635636935045,-0.07318987175386842,-0.03483746741387849,-0.03809727798224974,-0.029821709252361293,0.24512583976433328,-0.06594435991983955,-0.055075163293418106,-0.012320536554161661,-0.014156255758284423,-0.07193990988117735,0.011040376595347321,0.40677766144763083,0.04936354539192539,-0.039407980815244985,0.2270401453685126,-0.06786162058981504,-0.032017261765510764,-0.046405715436744946,-0.027413114937603587,-0.026450691105961793,0.08707725217573936,-0.03420301532683473,0.08661067200341545,0.09882898088637618,-0.0445548125843129,0.1783626226737326,0.0830153922550004,0.10954474424038704
7,-0.04322086210396413,-0.059600081334023156,-0.10088836335798454,0.22412614534653372,0.16020003155172566,-0.06775047472388651,0.24229602511152118,1.0,-0.017447005622394207,-0.029796260164709775,0.18058257778348935,-0.02392347338919331,-0.11986986426255869,-0.07636553668401423,0.33289169720961453,-0.10911647280484471,0.08255238207368468,-0.05315465364105938,-0.11042195545066097,-0.01270414433718358,-0.08676801972895157,0.17506290726975016,0.06455505045735868,-0.06409934548217629,0.16487177239196782,-0.05080340519086237,0.24830082760979122,-0.06998148962517076,0.0033118256353545372,-0.07261507617999058,0.04875069089991065,-0.006832575767025422,0.010064545185773658,-0.021392773671354975,-0.09508867651092584,-0.07741958073590002,-0.09057574760458016,-0.06115899800623125,-0.08904934292490074,-0.08129084579084574,-0.06548652784122821,0.3312097243237888,0.0829288235449369,0.2643995950222646,0.11712774689150965,0.05901270006990347,-0.06445658268030889,0.28368914241777915,-0.02840895526554355,0.5898484527839951,-0.02961694768698659,-0.05574871222201731,0.05059478129872326,-0.04018009226906091,-0.059099570396422045,-0.07318879412581097,-0.053474885899836115,-0.038373539661112455,-0.038385399450812686,-0.04471213092955933,-0.11479832861646791,0.0025264042225139945,-0.08655416248294055,-0.06547983875392525,-0.01574126624909696,-0.02793457333345019,-0.04473786285835754,0.24934709493762192,0.25852961381457407,0.12121887413097773,-0.045233941134985474,0.055526681374741385,-0.0714049855791902,-0.016160122790665993,-0.04119114023761657,0.01461541003917752,-0.026197789996769517,0.19641531087857572,-0.003412658342509108,-0.010639941675453705,0.19576723605140728,-0.046788906869780836,0.542948289183216,-0.018794053362354273,-0.060385404062738506
8,-0.07635614800509208,-0.031567527311211624,-0.04447027271418608,-0.006080081384514742,-0.0431201268692495,-0.028512500896851554,-0.03470770040752008,-0.017447005622394207,1.0,-0.04279800830079064,-0.013351060871878024,0.01001083715669356,-0.053454797122324885,-0.030330229819592353,-0.028602258770395596,-0.04986007060735748,0.212585198406165,-0.03614578226859984,-0.06835144655863887,-0.007312480149321362,0.17707436725679987,-0.009517070217764713,-0.02725763799827024,0.15706026728802586,0.002295420516473773,-0.039006140891969424,-0.04871347205833179,0.06428119047435131,-0.043274100574216615,0.001289134709230259,-0.002130935722689263,-0.004634702579800183,0.2968869669660489,-0.03918157637528681,-0.04560842831322043,-0.04987197466461238,-0.030867397730551808,-0.06349926572790468,-0.045643766203780536,-0.07982193875865365,0.019190189287465815,-0.07544752180706163,0.04320575962727445,0.022140544315617374,-0.048535914453720616,0.2397713189967477,-0.03850235766173442,0.009049935208221692,-0.01606456905184598,0.1276135711713221,-0.031209007949147508,-0.041913794237781354,-0.027049959602697835,0.0684615292714591,-0.027288611453139173,-0.04198813972922291,-0.006040610180743957,-0.046959069914570196,0.03626997298587847,0.16526329225388425,-0.07621464710097389,-0.04882965832451676,-0.03511038993446962,-0.02980495734054884,-0.012587598898126474,-0.017863484674695458,0.03993679935612555,0.00473655016244024,-0.018782312734292064,-0.0337729712587286,-0.02688855859944038,-0.02211284132781109,0.24008289676198308,0.001077063094812174,0.0004441035155233605,-0.019730272820889374,0.13638311949742166,-0.01326199302563268,0.49834084014746166,-0.019297193930843975,-0.017329968994515017,-0.027586742093971363,-0.04718086080039108,-0.026652633772154807,-0.03688618677463692
9,0.1766502610757676,-0.07357728271203066,0.41524379865931754,-0.05216632916994409,-0.025366225942201538,-0.045180667473671034,-0.029758958047280556,-0.029796260164709775,-0.04279800830079064,1.0,0.09550126262842987,-0.04013169573606276,0.37132180514347457,0.019889636264186432,-0.04268698159284964,0.3306979757598699,-0.04137739379341929,0.04625812676957363,0.19087628870755596,-0.013806126138522716,0.11658332039608323,-0.05934167569223782,0.03380040458762401,0.22292661550740042,-0.002870947631204013,0.017686375782461263,0.23662645667861823,-0.10746614002562334,0.003264820700137599,-0.041252245589614225,-0.02735912012714512,-0.03898411015689436,-0.07078884865673699,0.12688794556570226,0.30294212599011017,-0.0029902266608562928,-0.07637722401922381,-0.037383719568120734,-0.10499987042555414,0.18764971024104662,-0.09335260586313818,0.06942187180813233,-0.13986168808527888,-0.06298218072962289,-0.053795205777862586,0.01995227715116488,0.003468153038229926,-0.019406483400600905,-0.015274441901978426,-0.009000965415031101,-0.07239378095903465,-0.04459372466578864,-0.04051279116098292,0.09299241238711822,0.4091508858833909,0.29688501950956603,0.02427918062089615,0.134428854178782,0.010637785640289566,-0.0751611873005425,-0.02042985913273936,0.18685685512463457,0.23532966840538255,-0.06845685846000059,-0.01743808715088998,-0.022402809376212276,0.04913754593684313,-0.06004709423797524,-0.06946197261323729,0.09126374166234624,-0.07071024978915133,-0.02998490275172995,-0.12207473974268515,-0.06235975585922304,0.04005818788877466,-0.015368371526403435,-0.07300846351406362,-0.08974298412298273,-0.05127223902997133,0.018704954985447702,-0.055289223523222505,0.020110647601009862,-0.047566650807185036,0.3129640159829122,-0.039770531232583034
10,-0.04315051255389141,-0.04928114006582583,-0.028979315891546807,0.1395262630637502,0.16823438513113398,-0.07209919125385168,0.014702435551789874,0.18058257778348935,-0.013351060871878024,0.09550126262842987,1.0,0.08623900170494575,-0.08293600099931933,-0.06744898145805062,0.028511460648219383,-0.06370932994915068,0.02239188382808195,-0.06428663225547344,-0.06435678134782899,-0.011224617998976755,0.029823217286036395,-0.01662534169753545,-0.015122469818485368,-0.046015233481141636,0.29490720287459493,-0.028459803488344315,0.32815789067991297,-0.08499678657188933,-0.051514574470264335,-0.069510001644785,0.04399316540101338,-0.024216554666065725,0.01885212408290205,0.006662295020851645,-0.020997038955979555,-0.0009707460905905142,-0.08787453276224107,0.0140922971789635,-0.10436832671631713,0.20849878630909954,-0.0651199689165331,0.32388415504107915,-0.005371196240349764,0.06604700717588664,-0.03300310579425658,0.07728607880454569,-0.061712802224707645,0.10740631722080907,-0.0248429224861024,0.2041977568796018,-0.046709797518919474,0.05729493989648566,0.07174759401463313,-0.02411779512965264,-0.05383880437164425,-0.03546698938778836,-0.024047104003965397,0.293396039954982,0.0010889660699382041,-0.05019179875667978,-0.08483352713711637,0.04109623171740781,-0.08015850949278971,0.09069971918343905,0.005417828810401026,-0.019207011138457856,-0.02042862874223538,-0.018383655457727868,0.002468151950568551,0.11675294864097457,-0.060973608989681335,-0.025722461002814858,-0.048359713287060915,0.03519981192444486,-0.045254790424228655,-0.010787730285859306,-0.06013886613004013,0.04181015156390565,0.07368771289812939,-0.025261187356520463,0.06364098285259845,0.03851530669532957,0.3702035748100789,0.008582951429067322,-0.07379284136035197
11,-0.05499573796016334,0.001466589791535695,-0.0357573150809046,-0.02109408909026434,-0.024208121874749418,-0.03101753717304459,-0.025085064114295758,-0.02392347338919331,0.01001083715669356,-0.04013169573606276,0.08623900170494575,1.0,-0.04071383538073421,-0.03613259016991614,-0.02319855785065969,-0.04336353907946492,0.0008336146516087391,-0.022982824884266156,-0.04189844448958421,-0.0036666410090025804,0.004068253342113151,-0.013549521563828625,-0.019729583865296954,0.0011894056524800294,-0.010959043126928563,-0.02369650686157864,-0.0476059518157918,0.08898815142384608,-0.04066744741619861,-0.028618626264687395,0.004860476969961404,0.05311274213464244,0.019200898293292867,-0.025020338037531235,-0.03504266049243862,-0.03056655346855478,-0.018609518621378482,-0.02984097413881705,0.0008116077583351028,-0.04087339885026564,0.15191068699728394,-0.0161370481584124,0.15702539335576265,-0.020074778190602417,-0.03579584910144634,-0.014768782093729468,-0.02463071283489574,-0.017248666504774475,-0.009595893927124207,0.003095145198223681,0.060658064596559355,-0.018560331871190834,-0.021513554800523808,-0.0004768494057330604,-0.02707246405091861,-0.027086108768789502,-0.01673570458223298,-0.010556192662612198,-0.007536832307326384,0.04467360033185569,-0.046822611308535586,-0.031069687329394136,-0.026245584169652746,0.16033767332389548,0.009943605825868142,-0.011786229623130546,-0.018863585168862943,-0.010130565918006358,-0.016788955317065896,-0.02778534921803253,-0.007894035537793392,-0.018030721447671462,0.11193053075660254,0.444195581301069,-0.015131715377577046,-0.01284700017898678,0.03437116161888437,-0.01947710530588548,0.024835601267320193,-0.013041627030481822,-0.009200396145902517,-0.013279063281286835,0.00020741651728166616,-0.025631256623739555,-0.022730902343413545
12,0.2311641827325472,-0.06163192988840323,0.3881099986407397,-0.10089905702845813,-0.12909701037506738,-0.031375442935403126,-0.1028073854102575,-0.11986986426255869,-0.053454797122324885,0.37132180514347457,-0.08293600099931933,-0.04071383538073421,1.0,0.10318556049691394,-0.09812273499514537,0.2900322075993339,-0.07471674227807693,-0.07084869835421503,0.5311273270660944,0.006924245062520951,0.2958733166488297,-0.05827227183289065,-0.08909734068929154,0.05993743847338784,-0.10134867658262672,-0.08822263359278557,-0.03870728056463624,-0.09412701757180195,0.13774874983453922,-0.04270197646464722,-0.029663258008199155,-0.03675663603040944,-0.09299172330387111,-0.07061852478827318,0.6060830904237273,-0.046558716681318876,0.01569302610442026,0.11606287413950646,-0.04389343515931865,0.06645128483701129,-0.07585625975409863,-0.1926788414512358,-0.13430680249767932,-0.09378632218093941,-0.14014435190900226,-0.06074788643821691,0.02971550451181945,-0.11395453665607322,-0.006738718507191974,-0.10545848552710077,-0.0729151682993,-0.05116465642380526,-0.0932256826150647,0.07431657547245399,0.09444501962324219,-0.06393281503874695,0.13146434480024308,0.30727001463700093,0.0399806323172944,-0.07190699898907965,0.10336028772667592,-0.09605226819507287,0.6697753014012771,-0.03384821910514943,0.004534360258730939,-0.04173583841498933,0.1900759479038357,-0.057817262166908724,-0.0666838331367198,-0.0755869931810893,-0.05190104174405832,-0.07163322264158246,-0.09493583924943631,-0.0597791014955954,0.10320546930400111,-0.040918845967554546,-0.07141116681088361,-0.09765061417937845,-0.06801088788693418,-0.04903931326195651,-0.0769583668867504,0.12574410627278745,-0.1643026086510787,-0.07800474200029797,-0.0895844621452955
13,0.0777466419242284,-0.06361491528965019,0.1125097170129406,-0.0383812968136655,-0.05506073881507781,-0.01170878873147467,-0.026369715954528763,-0.07636553668401423,-0.030330229819592353,0.019889636264186432,-0.06744898145805062,-0.03613259016991614,0.10318556049691394,1.0,-0.0721085811980344,0.08775617618979348,0.04952912236040963,0.03929300554683772,0.0569205339466029,0.00041240117255070263,-0.05130141720346247,-0.04730126166331869,-0.00964634828679697,0.04943594667792189,-0.07328791115915081,0.1614269813702397,0.03867076157835204,-0.0673678167096482,0.1783780029357644,0.7851172135203007,-0.012918784657420605,-0.029480953773811786,-0.010872351710178555,-0.016506094782174623,0.07070868347040768,0.10133759807531095,-0.07367441007640575,0.5563970844077745,-0.10310151915408661,0.024585609867873167,-0.06909725775834151,-0.10042745286678394,-0.10557402896233725,-0.05566350238002891,0.3222765289849048,0.07590767129311601,0.05668799736007747,-0.019601682431641954,-0.01700491000519723,-0.09747288958319084,-0.06249324838352478,-0.046049547844506995,-0.05949340800195327,-0.040662562691120716,0.1999415342434204,-0.011412549801658008,-0.011351845630944227,-0.0023123253900577973,0.11268878263269091,-0.03823582815890857,0.23858784411313194,0.019207313030521964,0.11138783151369493,-0.07475858454012789,-0.004617823436207098,0.05622718838118483,0.24939245108962269,-0.04532838301420155,-0.03822775804196075,0.0037938090078093473,-0.05457138742646716,0.015350576940299353,-0.08245043917843192,-0.05052557690303794,-0.012679767891557666,0.04813079059307947,-0.03910832342470889,-0.07325545475764599,-0.03934124746054001,-0.00881583533916791,-0.023263974242962993,0.028703694829763208,-0.07010293734176203,-0.0034011168901100846,0.06712582420442292
14,-0.049156797788578906,-0.042837316270854686,-0.08454338478923495,0.1245341473706681,0.07626937243095352,-0.0560758009349197,0.09447833221234597,0.33289169720961453,-0.028602258770395596,-0.04268698159284964,0.028511460648219383,-0.02319855785065969,-0.09812273499514537,-0.0721085811980344,1.0,-0.09306901028773294,-0.017547036963179698,-0.038615110386264764,-0.08602774613224123,-0.00950348994593063,-0.07420054653661773,0.1568792869935426,0.025282993023069536,-0.05722744052801923,0.0803753381157708,-0.04508092579168521,0.058582755211505876,-0.050725296235166015,-0.047033581887574796,-0.06192428826778428,-0.011222868421006366,-0.010526458281797204,-0.02586831764461428,-0.005888042606026864,-0.08319217942271838,-0.06439592011123049,-0.06606620757792925,-0.043790277446287676,-0.06289108152740261,-0.11049917005126025,-0.046635235323217145,0.11622423656708278,0.030172883463901828,0.4085830775813125,0.06114766262390718,0.07536542231776187,-0.050877294067146306,0.07393244228109024,-0.020843178029797738,0.24809982735550334,-0.023660519204120163,-0.05339935295047661,0.06973860850482214,-0.020914853186661624,-0.054811019268824764,-0.054286901716446914,-0.04098611217325733,-0.06306275934850478,-0.037323492175896894,-0.03439312953523546,-0.08223346527257552,-0.039970582780266606,-0.06923680603133323,-0.051241000581592554,-0.015082920618946356,-0.02403889075538833,-0.07147247197366444,0.31303333094826546,0.05894995096607604,0.11590114138064442,-0.03145720983672854,0.11703468557520336,-0.06097252054707483,-0.02578401932485541,-0.040565834798896,0.0037804505711006627,-0.013349859782403203,0.16273775122556342,0.028998952919722466,-0.0115430431732599,0.12298866438898169,-0.047744639167188296,0.3610156640063259,-0.024098421548839014,-0.0499506133082141
15,0.4517965677707389,-0.06742817760715406,0.4380869585646805,-0.08428856443822433,-0.11014453550808152,-0.004189527861019648,-0.07369575682153234,-0.10911647280484471,-0.04986007060735748,0.3306979757598699,-0.06370932994915068,-0.04336353907946492,0.2900322075993339,0.08775617618979348,-0.09306901028773294,1.0,-0.029185936293538328,0.11222075493403302,0.5053522638322347,-0.0142844328509105,0.0249500445228118,-0.05585730348747232,-0.03312126157507021,0.11250761154157662,-0.09320933738676968,0.02217942561355798,0.06338143138687265,-0.09790155378573098,0.042864756468533514,0.05590863836057795,-0.02678468128581859,-0.0351777851105602,-0.07380178126341537,0.053552132777508886,0.1832780410534266,0.15550080067880187,-0.07680053719925051,-0.03919896781895882,-0.10029740408330437,0.2930785985061334,-0.08820799754447166,-0.09698989109184514,-0.1403833023442479,-0.08212813943319713,-0.10145485106001584,-0.018593648815716776,0.04653510231597962,-0.08062486680075621,-0.012524241716570713,-0.10735850232864635,-0.07355750525307066,0.09951150304055173,-0.08823219554330684,-0.01647999149651294,0.315234368985723,0.10958570121876549,0.08187725988876683,0.04143021216796905,0.04069247515659337,-0.06944184629770986,-0.003784001270205995,0.024518011233722506,0.16456703795290328,-0.07910941997633482,0.004705579670986301,-0.0014851855063573163,0.2716093586438567,-0.05705329426095168,-0.07330873866943241,-0.03399023820909848,-0.058422574699711294,-0.054922760944754394,-0.11876108120892623,-0.05989368717180932,0.12443048996000501,0.03889045963798937,-0.06727806059663756,-0.09218091177186465,-0.05953774890554713,-0.031683142190967226,-0.06327772367713302,0.012639754464360933,-0.16356017163250608,0.05370522837674666,-0.007944612700256419
16,-0.09516781928408291,-0.03751455450449079,-0.012288981579061569,0.02174222220714653,-0.06589191829618868,-0.05093106430131878,-0.05280163243668075,0.08255238207368468,0.212585198406165,-0.04137739379341929,0.02239188382808195,0.0008336146516087391,-0.07471674227807693,0.04952912236040963,-0.017547036963179698,-0.029185936293538328,1.0,-0.041614897498853456,-0.07775366884534843,-0.010381416339216864,0.0422662966516191,-0.028937308653529017,-0.021053963654080327,0.215653085075531,0.05909635582079434,-0.028999618672146593,-0.00338220763457606,-0.014356636647594692,-0.025709720103434096,0.018817538875200622,0.09026525910558951,-0.012779174735534238,0.7177090099180523,-0.051652308300026845,-0.04404231101349531,-0.06025914444276835,-0.0616892148348071,-0.08383907278942265,-0.06376378405144909,-0.08989389405268058,-0.04064254811455993,-0.09424044478452309,0.15696636332583364,0.207636106582049,-0.06143519470976988,0.5496305593066139,-0.03787303884089944,0.36245164000796026,-0.007848139582748994,0.11610369833217071,-0.045400784709352465,-0.05034187569788057,-0.04609954400290345,-0.02814494812200051,0.03933361740003764,-0.04806701928285112,-0.030374386035258695,-0.05510727069457248,-0.006958733826616563,0.07952497311123302,-0.10525289173991191,-0.05892382566585119,0.002868902820174996,-0.04646728088589551,-0.01726759053849454,-0.020609405144689306,0.2037630165597628,0.022699697385710392,-0.03441571034144848,-0.01758917493393365,-0.041568597280471346,-0.03638718618417506,0.10145693652374788,-0.025292040789320576,0.06643039450679936,0.08300536343087267,0.22449822897330285,0.08110367086289258,0.20491852092084356,-0.01749699571177532,0.033675062498188066,-0.0437467584371206,-0.04793804272191366,0.015716860191486125,-0.029001596843514332
17,0.10992575876112007,-0.04140759801527262,0.23456357514566756,0.05224527058667733,-0.058136322787474284,0.08060172455686104,-0.036398422313299386,-0.05315465364105938,-0.03614578226859984,0.04625812676957363,-0.06428663225547344,-0.022982824884266156,-0.07084869835421503,0.03929300554683772,-0.038615110386264764,0.11222075493403302,-0.041614897498853456,1.0,-0.05476280978856856,-0.005169987845350247,-0.07159626568931177,-0.026313350735852552,0.004023829640712698,0.08206381364109258,-0.05234080601125028,0.04300560554623992,0.0423161466682517,-0.04939578276327725,0.09333187419936265,0.14417989342296086,-0.014028766762524411,-0.017549442891712244,-0.05045045520025022,0.029014811045986372,-0.07381292431864209,0.004894931170336975,-0.048528881902125294,-0.07082886633149779,-0.06115625658241092,0.004039786248391462,-0.044874037799540356,0.09545316568065468,-0.0720198639471882,-0.025905221118084625,-0.031012576854763097,-0.003081897338785161,0.0836014844567211,-0.029295937315395006,-0.017406440279338093,-0.06327827326718329,-0.03469074048712677,-0.025937022278800903,-0.045807729573255594,-0.03231710051318726,0.13069741905764704,0.35096695463581423,-0.03670590485725621,-0.06807479148021375,-0.02231838292207106,-0.03353257410426069,-0.05952497027473579,0.09280917365137575,-0.0607236034175424,-0.05374675438726423,-0.013550930386467003,0.06638184036957881,-0.042446050608186195,-0.024790404122270033,-0.037972942822062025,0.2366192901580062,-0.03825380525328571,-0.017476089180455935,-0.06219076992911084,-0.030602229264013257,-0.014340928157114416,0.22864082820888368,-0.03411120477767239,-0.04277517179707818,-0.03649804349762013,0.03590619086156409,-0.029849086157914338,-0.03851118065409398,-0.0866438366985745,0.3575150330555277,0.21775120137420015
18,0.41555623427020993,-0.06991400166933807,0.1847450558364665,-0.08703828253367166,-0.10234166452760224,0.06400603281996783,-0.08771334041105039,-0.11042195545066097,-0.06835144655863887,0.19087628870755596,-0.06435678134782899,-0.04189844448958421,0.5311273270660944,0.0569205339466029,-0.08602774613224123,0.5053522638322347,-0.07775366884534843,-0.05476280978856856,1.0,0.013513279625260858,0.01617835915946953,-0.05297508117476332,-0.07533400420351108,-0.060456577476430316,-0.09560089186810312,-0.06328833871594436,-0.029024515229573153,-0.09363504615570793,0.10257263684207561,-0.05367491084218226,-0.02684325888955085,-0.03345773889963977,-0.09285317592034177,-0.019949370062489705,0.34685991614613926,0.0784526427203132,-0.0626255090493493,0.20124966781589193,-0.0894891204498087,0.2898163117311382,-0.08403645036623811,-0.15077357180486678,-0.13382983143370425,-0.08658339421540617,-0.10760335384192109,-0.10777103163536478,0.007423036549503268,-0.10341022785319337,0.024082399510456133,-0.11720940872066823,-0.07857334379595252,0.124616434797541,-0.08253135043179605,-0.03911084316492955,-0.00505281631951926,-0.028960497900179242,0.17139297602371048,0.17914894877154458,-0.003977495970932379,-0.06630693499266226,0.21356733880237663,-0.07650948360495273,0.36712737109125193,-0.06565840155104334,0.047372986351186586,-0.03421319025423808,0.0005623048949134702,-0.0559973296486624,-0.051151056680977386,-0.07401681812298369,-0.04432659760989808,-0.06241989193715865,-0.11475612698341253,-0.05705582167535014,0.12424180596205914,-0.050641613165769775,-0.0671696098103256,-0.08842208586643739,-0.06740353145597572,-0.04311856216120977,-0.06587340194637119,0.13011150173744698,-0.14228942966738664,-0.07859103818028773,-0.08043058381791714
19,0.016790243126731542,-0.002874184954746907,-0.007726970740255469,-0.009062642502883253,-0.011187203960359288,-0.0031711055851875803,-0.003005669756447565,-0.01270414433718358,-0.007312480149321362,-0.013806126138522716,-0.011224617998976755,-0.0036666410090025804,0.006924245062520951,0.00041240117255070263,-0.00950348994593063,-0.0142844328509105,-0.010381416339216864,-0.005169987845350247,0.013513279625260858,1.0,-0.012659772080441941,-0.005594644611366417,0.007038394802868875,-0.012875335413147618,-0.011002658443165184,-0.005417202564683079,-0.004996483270471095,-0.009379898221372633,0.002166218117956904,-0.001928659582460475,-0.0028837892117289958,-0.003455196596923359,-0.010538646738344785,-0.0026475502005680798,0.0009153425807292194,-0.011111915337924723,-0.008580050422556745,0.08654518412928792,-0.010141131821445647,-0.014482500383672187,-0.007399787681187138,-0.011910409240897696,-0.012368431547375672,-0.00888960849502166,0.01347270193287343,-0.012355696847783326,-0.005849814897884204,-0.011490883414668043,-0.0003588804773233668,-0.015295103691125878,-0.007922089972519962,-0.008466437831159098,-0.009108661637379063,-0.007581429539232084,-0.00737439773586503,-0.007996965562107838,0.001993068953973296,-0.009798487971587135,0.004460621355650132,-0.006849412063581382,0.031639031157873414,-0.004704034120526758,0.01591553701131814,-0.00030730666967505285,-0.000686353553529465,-0.002993755669853231,-0.013218168869830186,-0.0056597297397093915,-0.0012728545658565822,-0.00665609668528089,-0.0025804379104016565,0.04034528147089522,-0.01152163190788944,-0.005717003594547844,-0.008129977141552659,-0.004165486533680136,-0.007222197167760848,-0.00938228008314263,-0.0067641201323479705,0.0014195339630476219,-0.006817957589237244,-0.0037982147283338085,-0.004722453727352599,-0.008150290386226324,0.03156878809262696
20,-0.07012237863578469,-0.03662100029020214,0.10028266354633697,-0.07829605610028052,-0.1062116149772411,-0.07658340976240663,-0.08079063190462984,-0.08676801972895157,0.17707436725679987,0.11658332039608323,0.029823217286036395,0.004068253342113151,0.2958733166488297,-0.05130141720346247,-0.07420054653661773,0.0249500445228118,0.0422662966516191,-0.07159626568931177,0.01617835915946953,-0.012659772080441941,1.0,-0.045176766934320656,-0.06805088602187095,0.28692549023933084,-0.04943237127420559,-0.08205812942350832,-0.10150170681450463,0.05066349685803806,-0.030768785463090864,-0.05546765005749409,-0.019038912964328046,-0.026292411480454882,0.09402980002691352,-0.05966253806925438,0.33242640776290594,-0.06700162840352358,0.13443272620374683,-0.06761198531587512,0.052849675751691805,-0.014713771816066375,0.06868955729864507,-0.15240198137885552,0.008534369647656848,-0.011978065454877585,-0.1153559306371804,0.05581588378778357,-0.029766901212367594,-0.06644695839210346,-0.026175040427620914,0.07129194569422584,-0.05150037149450119,-0.06413345509962759,-0.07274783203448526,0.3878960577364722,0.06163169559022279,-0.07252045860406832,0.0705005158740591,0.28568587640438226,0.06520615306050645,0.027153337956904333,-0.1124774401257182,-0.0849696047265369,0.13304738554347684,0.09491704557537703,-0.01194347027962805,-0.03260153828077925,0.15698152687649014,-0.032427499251792016,-0.05845302296477617,-0.08451596883940682,-0.0441373098376907,-0.05793933318200192,0.29986307899608433,-0.02841662178497835,0.05844446236979388,-0.04283098291811448,0.006470045547990046,-0.019454692054305268,0.10014601242809051,-0.038628400715277664,-0.06031794607377233,0.042543299148167193,-0.10547275371722062,-0.06587296974469432,-0.07908779089925275
21,-0.050443699953541345,-0.02746562867088869,-0.0498560782010978,0.3089883399565131,0.0736827852243474,-0.033000825621837156,0.026269040249427944,0.17506290726975016,-0.009517070217764713,-0.05934167569223782,-0.01662534169753545,-0.013549521563828625,-0.05827227183289065,-0.04730126166331869,0.1568792869935426,-0.05585730348747232,-0.028937308653529017,-0.026313350735852552,-0.05297508117476332,-0.005594644611366417,-0.045176766934320656,1.0,0.017658173353858334,-0.037519341230745296,0.0028588464697573536,-0.02998840497862536,-0.008896966794997355,-0.030133481653588992,-0.009946109881660784,-0.03973090298457593,-0.005114387395076073,-0.0017292221105871667,-0.025867508034089243,-0.02617508049991868,-0.05124163083456326,-0.038458237412126034,-0.039895356656016664,-0.04989987317149055,-0.037348496460127514,-0.06537774335485412,-0.027390230046576754,0.023983218832177196,0.09664912588542504,0.06783096216028973,0.050935145223256414,0.0017429987807277472,-0.0305312443527351,0.016752051936203577,-0.012427936538938117,0.07865031173265222,-0.020591159433561546,-0.0316278355593871,0.25547180972731487,-0.023936245778061107,-0.033099393608377756,-0.03340742743744629,-0.024009208479038237,-0.04219822218575735,-0.023637574246421447,-0.017493055679109318,-0.058792326571656485,-0.030297096806930702,-0.042154494729171814,-0.032374289399506456,-0.005899780634346293,-0.01640895986250516,-0.04665621722952272,0.15017507820455367,0.39692696219616413,-0.02852155862425871,-0.007836310913883947,0.03724039709310108,-0.03798630660584091,-0.015291890992663043,-0.026144689090016382,-0.01338206792698524,-0.010760141704866895,0.5680784137563083,-0.005633127117555143,-0.01002895378382568,0.6451562324888958,-0.03022220977641537,0.15314048197169566,-0.025634521518450103,-0.030707123898906792
