,0,1,2,3,4,5,6,7,8,9,10,11,12,13,14,15,16,17,18,19,20,21,22,23,24,25,26,27,28,29,30,31,32,33,34,35,36,37,38,39,40,41,42,43,44,45,46,47,48,49,50,51,52,53,54,55,56,57,58,59,60,61,62,63,64,65,66,67,68,69,70,71,72,73,74,75,76,77,78,79,80,81,82,83,84,85,86,87
0,1.0,-0.11842225956700471,0.08615877317853429,-0.0025300524815001883,-0.011335197835240987,0.10475534832328941,0.05278018278030526,-0.03838310813685497,-0.10699908852260773,0.14906891175572756,-0.04207680183841383,-0.14479299306272417,0.23372402048319005,0.08354436024166112,-0.049957685936129606,0.4708020026082628,-0.09432031060448798,0.09966817624934873,0.4581975375103048,0.028100286153417055,-0.07549881140020202,-0.046223231956085964,0.06540048150080877,-0.0935929626283062,-0.07894219093024282,0.0518294423439328,0.13308304823469158,-0.001123256449465676,0.14760291626235442,0.02739919132626853,0.002364726791646593,-0.0411679262552628,-0.049322642813761475,0.2806908175255685,0.04638436524789952,0.06702649638078537,-0.10294884343921366,0.355760603503489,-0.13117608942426678,0.18174584850877598,-0.10820970714102929,0.027404860622016216,-0.16058060633748056,-0.061222078109777534,0.09187164901024843,0.015846028401402798,0.036322682875407825,-0.08800458001824696,0.021090366258950295,-0.0913857060893458,-0.0851686157614098,0.0938170653787831,-0.08202692059780581,-0.0569160130104215,0.05915376517122377,0.1676829325646575,0.142481114621938,-0.0015177153592439863,-0.057517126614671864,-0.09030531650693982,0.3526541451690086,0.14200416698717352,0.10474931038885749,-0.09052774839529845,0.01847787080567353,0.22088863291285882,-0.07434384309760461,-0.08971206078814077,-0.04985649442166219,0.20127735243268544,-0.07098167253282195,0.005144957442584613,-0.05288370752724319,-0.07208864047674109,0.02875888308657583,0.0010683412248529206,-0.11422603739600154,-0.022224554079808584,-0.07771265320537034,-0.031914350928000046,-0.059211074375247794,0.2730569973256901,-0.039746208241648665,0.0975275812212564,0.09305162445280923,0.020526187377835115,0.2172341821631894,0.08107099521123406
1,-0.11842225956700471,1.0,-0.0708165658858863,-0.04627920891058838,-0.062426748266134646,-0.055357996563659376,-0.05376025935551479,-0.04977007720779725,-0.006087485693190068,-0.10502243797815078,-0.08184679133900721,0.3755393849097913,-0.09131870062968378,-0.05379663219174501,-0.05107117706277137,-0.09908626749874147,-0.020288723687808,-0.07723529925262787,-0.10166892549225157,-0.009049564297849231,0.03744586029344724,-0.02971143370700933,-0.05670430133232549,-0.0014674030771332106,-0.028437804782933212,-0.055288975888323155,-0.07200760995645725,-0.02879886685769567,-0.1045778679167751,-0.02454748633735739,-0.05084944188327887,0.038739212603297504,0.01874522292581971,-0.08210076924142551,-0.07503784392455967,-0.033287488037377785,0.07324725993476333,-0.07999158506350423,0.14895393934041257,-0.11724794469186955,0.3537871492028847,-0.06618339140613033,0.331179854631724,-0.02894592616537442,-0.07582524153168321,-0.05874721054745312,-0.022250677610270317,-0.007724017960441876,-0.01278535651900791,-0.02553068557524503,0.2170167726436647,-0.053878303974143116,-0.0633710606401038,0.06201369868558655,-0.05051732507037103,-0.0609156465921127,-0.05119994028579991,-0.0626819800648366,0.0856894198780471,0.5113487537291761,-0.08436591609586773,-0.009859412453085192,-0.056818378392829064,0.059754311820610195,-0.014041695010826933,-0.07221445907967244,-0.05677774477071873,-0.0450362808475728,-0.04635344122912001,-0.1168461382238474,0.06037085056905806,-0.03915206753315824,-0.01731678790537442,0.10799668687473862,-0.0023565207806680952,-0.015515807077036887,0.048300605687509726,-0.020773303405604838,0.030210388618030284,0.007702457222501945,-0.0354380217107224,-0.08554266412202786,-0.008936602649650762,-0.05382564884149049,-0.033615549461999614,-0.04056824770954823,-0.07932311157933655,-0.03432380018555391
2,0.08615877317853429,-0.0708165658858863,1.0,-0.040098364866862704,-0.06200315311069641,0.04966009145477879,-0.02852181171369196,-0.059043267942017155,0.04706545222549591,0.04383512370702468,-0.07420245802029815,-0.07995042063521057,0.12609522851842497,0.5502039990841103,-0.07853963332832843,0.11338549356995489,0.07450257671116742,0.04632788994825562,0.07213780627142366,0.009869047157370657,-0.04454044414969996,-0.049798729895207575,-0.0134158222627868,0.06341104418577716,-0.08005156940311625,0.15554972486064209,-0.06345084178045035,0.055477839700775106,0.1905261828099721,0.7618548670076544,0.054545563095106026,-0.03118468104543961,0.04758106903078403,-0.06200157926922459,0.07518390608203604,0.059896915846200174,-0.08254494207860627,0.2267128107833234,-0.10821723709722897,0.03607256968047095,-0.07304463250051074,-0.016718557934293082,-0.10963872975153921,-0.05845607973682503,0.2548690413509773,0.009702866633340282,-0.010125595791937048,-0.024654036152406154,-0.016181604126398987,-0.08556309615882687,-0.06951227563512127,-0.04112626777052936,-0.09059847211459145,-0.037055662193764806,0.2364918787110024,-0.007033156689299252,0.03319446921392025,0.017088761770153706,-0.0391809074325688,-0.042174005316751494,0.18391743778227648,0.004791765222031123,0.1298698475280911,-0.08074602419072333,-0.007062115189924291,0.014103621433679596,0.2783913264242094,-0.07645254272799978,-0.05799148894719458,0.10070133266289946,-0.061425419223707915,0.02331716104296787,-0.04811462524613449,-0.05364374374783318,-0.00452833908382318,0.0515630609172594,-0.02577016541689551,0.13071441786164117,-0.03688376141414029,-0.01342166404910107,-0.022687357128457153,-0.0032421757501283448,-0.10023174066977236,0.0014181557675825686,0.08971791436416321,0.021961381821625263,0.13680268951732302,-0.00552944184445859
3,-0.0025300524815001883,-0.04627920891058838,-0.040098364866862704,1.0,0.1790261001070234,0.028036893365499645,0.10508852113167139,0.2858556144311255,0.10752696736343459,-0.03512275683968108,0.12999090909966082,-0.0588840636616871,-0.09746275535091999,-0.041654981094816225,0.1490213605711886,-0.079760183275731,0.0368666439865474,0.1187698317920962,-0.07496314351090458,-0.005548616714555662,-0.07701267817306419,0.31616791928386817,0.13533425211542915,-0.041393549194839604,0.040714434308489894,-0.022072370572804215,0.03525158853212172,-0.005077335475416942,0.024055555527738526,-0.018651201963515995,-0.03501769425920863,-0.00916434560070179,0.025824325695180332,0.08657727807716405,-0.07654270507204539,-0.012323061561112077,-0.06875949567236897,-0.0670732299967388,-0.06513043049500708,-0.06987657155804644,-0.04882286339124381,-0.02227556265565317,-0.003801622106484248,0.2069646756326867,0.10371768968647302,0.14441217354151575,-0.001143083648786447,0.10757459791235717,-0.020249241614253195,0.035734488334943824,-0.023570134047849606,-0.05065843352576915,0.11267153109516426,-0.032467439796697736,-0.030578105610668593,0.06390033019057353,0.053579592215090885,-0.047581381945683454,-0.022087811518039062,-0.0340017546206767,-0.04606051586629728,0.031777268453261634,-0.0685620367734468,-0.05244271569235387,-0.0122963278480368,0.09106954095351671,-0.061225364193926546,0.4573819153372698,0.1239287169395084,0.12301303991186577,-0.028175798223151086,0.1167912200156167,0.17801602784467335,-0.027579610829710544,-0.03641964555112728,0.019349810268358948,0.003849606022541654,-0.03597662135989438,-0.01246540933450105,0.035148215180924106,0.0691374506977005,-0.0821260337290983,0.3810363899159146,0.10583357898732285,0.045448071228846115,-0.04107054946730582,-0.016253549260044953,-0.042254561360454156
4,-0.011335197835240987,-0.062426748266134646,-0.06200315311069641,0.1790261001070234,1.0,-0.03921994959306553,0.5634547542272488,0.6445777211124126,-0.03590566273734687,-0.0665866786509596,0.0712072729597365,-0.07440229005585797,-0.11731953905414291,0.01853857207033286,0.08395034321061658,-0.10015186250918043,-0.059765769344217214,0.025535319100733436,-0.09520587089725759,-0.005881564182670383,-0.09588231788676396,0.23593654336852113,0.22428257906568272,-0.07681377723563054,0.1022524846739532,0.054783431899233244,0.28284354203243534,-0.01432539906758858,-0.03918350672342477,-0.021744072430421875,-0.04169685877046282,-0.02000088989041949,-0.0183283079785763,0.11802447814123099,-0.09188581998354825,0.07431633045931267,-0.0835049350968872,-0.06009546731849335,-0.0787797715678746,0.005739764409288103,-0.05857387814966593,-0.0418756085837569,-0.045587850996119575,-0.003451458449630427,0.3165452664821863,-0.009824243235280413,0.1001881412168647,0.06338149955547001,-0.022041553376730985,0.041806337197485624,-0.03638468463279603,0.028299550517716345,0.24630191051099176,-0.029695624726945095,-0.06694595675952836,-0.036131958966934344,-0.03752656662721549,-0.03343017087677475,-0.027632599988758916,-0.04699195376239733,0.008303243761464938,-0.013797526028754389,-0.0780995619450375,-0.06125439756039994,-0.004502811672943614,0.08868000002483853,-0.0872924526193902,0.23151286522788067,0.4438888245966816,0.057469113093802246,-0.04966609644109124,0.18219118508259838,0.012013590931800102,-0.027617151149365752,-0.0579868853148747,-0.027684223010267354,-0.0589733359964633,-0.04132185713825207,-0.03887305232441421,-0.0034558356678537853,0.23112177893391217,-0.06320289806178891,0.30691149227382636,-0.04850638971559536,-0.03430263038154213,-0.03445271188119795,-0.09282318917768394,-0.050298919889980864
5,0.10475534832328941,-0.055357996563659376,0.04966009145477879,0.028036893365499645,-0.03921994959306553,1.0,-0.023332545656590136,-0.043605024953050006,-0.02864180557321412,0.022540472577184733,-0.06472352457238215,-0.06793398902082726,-0.05091097484824651,0.028020906101328857,-0.05030010556069663,0.04290673033681773,-0.040352993123316167,0.05764842029200597,-0.02415799593054614,-0.00417263014975302,-0.05794144459821231,-0.03107866761934206,0.0825581368879452,0.009779940783340043,-0.05634249453491065,0.11014196073190866,-0.06148221404436669,0.07040079053473262,0.2616707531698712,0.07632478975446114,0.23872132587535966,-0.01979437782714492,-0.012299201608382278,0.07610805937227458,-0.049456807390840976,0.07200664897738704,-0.07394776823296362,0.004938853242928025,-0.06769384485596058,0.049176953673062865,-0.050564598715370876,0.2599776798079483,-0.07905415264335866,-0.04120820263451605,0.0607663121873073,0.1344279044452285,0.08092990428528697,-0.05088982097058086,0.05433152918274942,-0.06480571200314433,-0.04442440244692805,0.1566048899964921,-0.05870995563498144,-0.028822281081271432,0.15720441849668654,0.2972368373840961,0.25057832039614986,-0.05521639166796854,-0.027361584224197415,-0.040303099052902774,0.08984950921990313,0.1514143635053636,-0.03370142544342745,-0.05732080351155607,0.006122328176447569,0.10205912629228467,0.031108657256229383,-0.04627772070472898,-0.04483714663157372,0.014929389572883763,-0.038941205857773734,0.016768043342123548,-0.0329136310380602,-0.03449032125730352,-0.008729005282708126,0.10413940230263291,-0.05095998179190651,-0.004836522132477556,-0.03827795255464397,-0.01595817843871472,-0.029154929600925784,-0.059699719736800536,-0.08715201038069509,0.1989096075330897,0.09559869736582001,-0.04777962172340598,0.2366041706303928,-0.03274679597838999
6,0.05278018278030526,-0.05376025935551479,-0.02852181171369196,0.10508852113167139,0.5634547542272488,-0.023332545656590136,1.0,0.3965131770312754,-0.04464541462783762,-0.02663270784568142,0.021040658711782765,-0.06505943263059061,-0.10006744401747919,-0.03659363779744336,0.0949483442559035,-0.06902460104143557,-0.05428605795556616,0.13519496303099288,-0.06894160836477112,-0.0028609219872920326,-0.08067501994928647,0.025098599881479083,0.3063153388847566,-0.060166215128792,-0.03324215841676236,0.104357544104274,0.0996439182150275,-0.014537136505801424,0.04663429246184651,-0.015324458966478667,-0.036958320480541304,-0.0181523802883763,-0.009299760195967531,0.22602679078578045,-0.08189294743864955,0.05080102497843243,-0.06634938702947729,-0.07177007458142876,-0.06583744137626951,-0.019502555459194743,-0.048991890691865124,-0.03902447387762025,-0.062485500896288786,-0.0005543581278332676,0.4985302916261104,0.04304639401944346,0.08181860605995409,0.10867997915684444,-0.020816109056490544,0.07459620845280623,-0.017284660240680788,-0.030400456201513472,0.018342323422700813,-0.027341941870765146,-0.051574872752706905,0.01588511064983676,-0.018954020929317125,-0.0714781021659947,-0.02666938172482495,-0.04092227419394803,0.009081949435167252,0.09860627486153875,-0.06444874245577689,-0.05322690564125887,-0.012065332008735417,0.25509322802002543,-0.07269831795812835,0.08839166805207577,0.19910022852467807,0.031405674152830604,-0.044035806825449705,0.231898793377338,0.01493130160303419,-0.03214560778435651,-0.04737250131872102,-0.029044962058013414,-0.04829078456717572,-0.034227912589111315,-0.03513126586867622,-0.014033251774583316,0.1027444305630173,-0.07956872648551339,0.1978544584683499,0.07824366746058495,0.09002104823352736,-0.03838631105742638,-0.044279313541991536,-0.042467873136741566
7,-0.03838310813685497,-0.04977007720779725,-0.059043267942017155,0.2858556144311255,0.6445777211124126,-0.043605024953050006,0.3965131770312754,1.0,-0.0033777974141551434,-0.0644304581463941,0.03538343897053545,-0.05578951225595622,-0.0746052156140008,-0.031222432696242874,0.14273533494181173,-0.0830295318917384,-0.02233362492972609,-0.026719619027657147,-0.07522004120182883,-0.00535862786510743,-0.066799277843569,0.3622783356516039,0.20895972306753421,-0.05462668446891887,0.05379881850719938,-0.026950045290327983,0.053303116597300415,-0.022786112949048254,0.03425620470993006,-0.05130665335227779,-0.03723131067328525,-0.010281319808563295,-0.007850362769260995,0.07746467551678092,-0.05846114126778014,-0.024619422291234937,-0.06292170084556782,-0.0249528188304287,-0.06254853988675056,-0.06832913373980272,-0.046887762580426234,-0.008007366203880316,0.020886200991206715,0.08831424790144146,0.22464043348469812,0.007502487696714806,-0.0007967002027174353,0.12196239997656991,-0.01704671982780145,0.2005146714423629,-0.022996507090376508,-0.02185137008139454,0.1854620028176635,-0.03162927534944628,-0.04668416971120059,-0.053932447242372,-0.04536217802431253,-0.04380509182967609,-0.01969120489245152,-0.037202161927669467,-0.06129626803979668,-0.03649856604817586,-0.05086078761254405,-0.04551174807430712,-0.006354603183526935,-0.0034701271685077008,-0.05259670004433929,0.3379379272791164,0.3363371838242684,-0.012831536833127903,-0.03479305857160733,0.10210059634849947,0.1013895482720765,-0.0164371305317857,-0.035343247821969015,-0.02129585860630112,-0.03967784416540501,-0.024423203943527275,-0.024964861731066133,0.00016213696550314034,0.24371881285461833,-0.061404736323977235,0.375849322323501,-0.028696403587335263,-0.04272578547416722,-0.024262445212334498,-0.07241010392303165,-0.03211550333775648
8,-0.10699908852260773,-0.006087485693190068,0.04706545222549591,0.10752696736343459,-0.03590566273734687,-0.02864180557321412,-0.04464541462783762,-0.0033777974141551434,1.0,-0.006985657533887237,0.02426803497246679,0.09536378236219792,-0.05812788795135858,-0.06650442340707369,0.05990111964033712,-0.03364714116457005,0.5251952745579458,0.06754885600093342,-0.10700903769335693,-0.011546845055185901,0.13785040996125253,0.00041561732592032595,0.00929312189354948,0.18386457649898236,0.0502244571634117,-0.02299097309016189,-0.002767797525116328,-0.005538566650331389,-0.03358669462874304,0.08963595179490388,-0.03304959244640646,-0.01194552743801241,0.18832917979376684,-0.07806437191659601,-0.028580843880387494,-0.01890519954320725,-0.07064817603252962,-0.09468705592050698,-0.07751673249615558,-0.09408641407269186,-0.04142197528990545,-0.04160026379143755,0.04952543129735082,0.26371697042757514,-0.04898133349672895,0.1174836818293193,-0.01811503093690504,0.1742500359845775,-0.02049549917005877,0.3009250615738109,-0.049078450725006856,-0.06716155305560241,-0.03448437621078919,0.03256496355971256,0.02386853280007145,-0.03720052659648404,-0.02195941101802254,-0.06102148140249271,0.002651099540411512,0.16010286444517852,-0.10116495224676533,-0.04734815583730675,-0.020102931523989263,-0.03927205045533441,-0.020348716777237,-0.05225865546861192,0.15331782194803273,0.16281120251437903,-0.024621247006240334,-0.027324156505545913,-0.05019965984257728,-0.022341631935146912,0.10831913674264679,-0.020724081403698632,0.010745297121280896,0.04047030158913924,0.5200687322681976,0.027760465979483246,0.554010285450967,0.025074922549756067,0.05339568759509859,-0.08277001995708563,0.01666673299784552,0.03603445528829177,-0.010524282034634982,-0.02836694319309844,0.007911387430266375,-0.028721137616924984
9,0.14906891175572756,-0.10502243797815078,0.04383512370702468,-0.03512275683968108,-0.0665866786509596,0.022540472577184733,-0.02663270784568142,-0.0644304581463941,-0.006985657533887237,1.0,0.09078430475437137,-0.12203889858065049,0.32773469771741887,-0.025317799966986472,-0.04666466645200534,0.3090682965526135,-0.03384886070322274,0.27935128720804303,0.22059662891833165,-0.014623090885133173,0.10730278713361528,-0.05783475393662082,0.029469931154348376,0.2029524523597236,-0.014487420822282741,0.0233285612875561,0.1582785016537412,-0.02121895183620912,0.004378413300474254,-0.035261573411152276,-0.0064118252086484955,-0.03878225139066718,0.020307161989579325,0.13914073285803555,0.32394985497049267,0.027272432987406413,-0.08068167335397901,-0.028984441537529715,-0.10406848561671234,0.17808177314284662,-0.09234221332256107,-0.05244822250823146,-0.13724072794146674,-0.05595841283860298,-0.03468974816018619,0.09103077503826372,0.019850553384539733,-0.02576895446664948,-0.015822608820805655,-0.016925617024314124,-0.07537768182239246,-0.05651133897961058,0.003348101286632206,0.09230339047645235,0.42653379323494955,0.31195556615662795,0.06938295580334844,0.12514891789487342,-0.04341612998065188,-0.08028717355460172,0.001410408291559211,-0.008814895573977063,0.21824649975414734,-0.07066607618752363,-0.017177658201219873,0.19420101365231324,0.05124519252882143,-0.08916241005882458,-0.05511630353563855,0.22169435869634452,-0.07421278897317957,-0.02951983529171024,-0.0598837566804305,-0.06279070819881094,0.041100247582485996,-0.013719137164313363,-0.08498842662816192,0.009630487686493942,-0.05359644718075321,-0.02797086515169596,-0.05655769903454301,0.14214460575754395,-0.0368837455184929,0.31544168776657183,-0.030643965222244263,0.009909635640012635,0.4154891604500725,0.032794758870814615
10,-0.04207680183841383,-0.08184679133900721,-0.07420245802029815,0.12999090909966082,0.0712072729597365,-0.06472352457238215,0.021040658711782765,0.03538343897053545,0.02426803497246679,0.09078430475437137,1.0,-0.0653525445571598,-0.07927434357957054,0.0008000601218500099,0.029874962745598234,-0.06215392768924144,0.016953194693600016,0.07869918820594302,-0.0648899368153496,-0.011285832494975914,0.032944072053216915,-0.012797346461001027,0.0164651868338748,-0.04663960364000305,0.26387011051853104,-0.0254730128507451,0.27269989169915876,-0.017969865888890046,-0.044563166835545384,-0.07610960518596938,-0.04984184812365458,-0.025218591554172515,0.03508066788531465,0.04109841968818599,-0.029121415107341758,-0.017787506865972066,-0.08422082749379467,-0.03000324562650813,-0.10146017247263878,0.1767537919642046,-0.061753778377384626,-0.060028260942038864,-0.021534576167768552,0.058177687678064256,-0.03137613697244683,0.1089007634652972,-0.021056638888469432,0.08782649095105768,-0.023492182964048383,0.09612982937083006,-0.04841383499402978,0.04400203056371439,0.3507608933372395,-0.027975301819989397,-0.05270123712728551,-0.03270340668396658,-0.05895751455140158,0.27895191424599186,0.09207587734963105,-0.06176554285497662,-0.07509069387418356,-0.049419795541014624,-0.07273532102097861,0.09597946012456585,0.005562728809278721,0.03575315312285575,-0.029535444407896988,0.03338494225915056,0.04840191224557548,0.17455381557883742,-0.06323809446472195,-0.02524157325343419,-0.01099317524925416,0.03450620739245763,-0.04410932973510897,-0.011658945824359238,-0.021433999400688984,-0.00331162683340224,0.03017028683251582,0.03623198981524778,0.03695107556119378,0.03905735634673394,0.32469498377605743,0.006809709944589813,-0.07272450951029608,0.044509001283301264,-0.018985482759535505,-0.01759869510958596
11,-0.14479299306272417,0.3755393849097913,-0.07995042063521057,-0.0588840636616871,-0.07440229005585797,-0.06793398902082726,-0.06505943263059061,-0.05578951225595622,0.09536378236219792,-0.12203889858065049,-0.0653525445571598,1.0,-0.09908974166760753,-0.06345436012123681,-0.059483997816843756,-0.12067044593742145,0.10855849623547337,-0.08683805045156653,-0.12451301767368786,-0.011359858162093305,0.2811588837081758,-0.03614322400242627,-0.06221410979342427,0.2559596143874112,0.0007601542958644274,-0.06790891717024553,-0.08292701202887734,-0.03431495962293316,-0.11116379358583811,-0.02188236123350169,-0.0627968852700573,0.02074742009018095,0.022610124801181707,-0.09593775472043344,-0.07811028988527546,-0.042909082627547966,0.061299808158704804,-0.10027407271690394,0.09767841742070427,-0.1456583981730766,0.35926639797703513,-0.07705819970080419,0.15457600152505813,-0.027520712114369093,-0.09267470550068581,-0.07256787242098635,-0.034686292944473535,-0.02258704891621375,-0.021183443904734058,0.0737355770447109,0.026653018335092506,-0.06808816658871027,-0.0377877490454633,0.14833363806509492,-0.05526790105806335,-0.07464395233138757,-0.062446986541114066,-0.0644122688842012,0.11868124026796997,0.3782772846649524,-0.10724472801908361,-0.05121608839035158,-0.052711101855376495,0.09988175236773847,-0.014068050530654082,-0.08825456728969008,-0.044650671574524264,-0.04728952058827139,-0.05619909248529191,-0.14494601080158953,-0.04530987956535354,-0.04831573728393543,-0.003568779765677757,0.10130054955534187,0.04078518917548637,-0.026368090466201786,0.3956940692026036,-0.006387221477895933,0.21785128514942775,-0.0017391158013055903,-0.03535141133398035,-0.10551389444408749,-0.04201161254903045,-0.05962576666888028,-0.04628380420946247,-0.046884840279155904,-0.09454155025164701,-0.032861854559642044
12,0.23372402048319005,-0.09131870062968378,0.12609522851842497,-0.09746275535091999,-0.11731953905414291,-0.05091097484824651,-0.10006744401747919,-0.0746052156140008,-0.05812788795135858,0.32773469771741887,-0.07927434357957054,-0.09908974166760753,1.0,-0.0473553159304819,-0.0971526373759875,0.32825369436358864,-0.07047491467315103,-0.01784700716923464,0.5660703707738814,-2.9836776466337506e-05,0.2465773097404033,-0.05673199284042057,-0.09896412874781349,0.04938016380815041,-0.097980592552383,-0.08406377637434023,-0.08952212011271135,-0.038327414673438406,0.12595020405341925,-0.026055719344125986,0.04039641541826982,-0.035883966083044914,-0.03881654691691776,-0.14306178264623753,0.5766197664640976,-0.013299098648240606,0.0010130876835838867,0.27180017648596,-0.048944509498083634,0.06906455289679651,-0.07753506184751924,-0.00035036385252022826,-0.12875466328373458,-0.08540712739471315,-0.1353149559676074,-0.07182420947124442,-0.04531877208692508,-0.10804204125176392,0.005083920601294946,-0.08582943793619519,-0.07358375694356817,-0.06659934195149166,-0.11252643944060206,0.06211672585117902,0.07035458811740031,-0.062030509281631216,-0.06791402584124276,0.2886789780173974,-0.04300830441429521,-0.07511759616868866,-0.05288316369053751,-0.07282957272620687,0.6686913451572082,-0.04384596447334259,0.006602193545382019,-0.089246169740448,0.19901797416872177,-0.09382542983205776,-0.08470687613098157,0.013314345625629179,-0.055984289817688965,-0.06899346776972445,-0.06015558213947306,-0.058734218592940285,0.0937387903799625,-0.035850309924534626,-0.0912577262370203,0.02647679143104382,-0.06585945076824701,-0.029073863039431123,-0.07096034874467652,0.3917442837761723,-0.14822439267332427,-0.07718650416962711,-0.08091590873789314,0.07010626719124496,0.35604248795473514,0.10160197464004782
13,0.08354436024166112,-0.05379663219174501,0.5502039990841103,-0.041654981094816225,0.01853857207033286,0.028020906101328857,-0.03659363779744336,-0.031222432696242874,-0.06650442340707369,-0.025317799966986472,0.0008000601218500099,-0.06345436012123681,-0.0473553159304819,1.0,-0.03151525206901782,-0.05761908264870666,-0.05962361824952732,-0.037004143005333515,0.013210292942042581,0.016548674242183863,-0.04860201064071468,-0.03383003435783318,-0.04639759858937705,-0.06857683642758211,-0.006894392573802895,0.09673990075323047,0.0076894104021311,0.02907065149846144,0.006313463780791052,0.3600020844118067,0.02323749508644874,-0.020014418386154517,-0.03148149589021365,-0.007792109257088609,-0.022513651179827635,0.015330198430897102,-0.06389210818740276,0.1711003331374027,-0.06674271813831043,0.11655506322209634,-0.048318350838471164,0.03368784372371007,-0.068679324001153,-0.05298847584758175,0.3148375243014766,-0.03310274064576099,-0.013630121442430913,-0.060698109107634936,-0.004337581478732764,-0.04841781668409155,-0.05190724409281823,0.07087199252618076,0.016607239217138463,-0.02691832149800133,-0.058074679667897054,-0.02739673462224497,-0.04220731359164817,0.01951321930654605,-0.01893213628652412,-0.04396780095464192,0.5103884662389793,-0.016606775843042237,-0.014606115994280525,-0.026996703233663984,0.01431501813375945,7.171155064440021e-05,-0.07191475485300339,-0.05076832131432624,-0.026777508613700526,0.2241589142219747,-0.027562005771899753,-0.0207263539192784,-0.0388883223419072,-0.024886583494080496,-0.036863144004205047,-0.026823900327924838,-0.05830482917834786,-0.008198940644706519,-0.037734000144137574,-0.006491001848765578,-0.009040372163850952,-0.0014018719177566067,0.004642332958263966,-0.05411684214177119,-0.04258204800699414,0.03647435576373681,-0.07229969139269288,-0.021796225703203463
14,-0.049957685936129606,-0.05107117706277137,-0.07853963332832843,0.1490213605711886,0.08395034321061658,-0.05030010556069663,0.0949483442559035,0.14273533494181173,0.05990111964033712,-0.04666466645200534,0.029874962745598234,-0.059483997816843756,-0.0971526373759875,-0.03151525206901782,1.0,-0.09547292139338531,-0.0025301866290453772,-0.011285420943320362,-0.0927377350791517,-0.009708720759742844,-0.07482405523811825,0.16117986930558448,0.07905228449622043,-0.05354484806501543,0.08448787382270828,-0.04536128657132738,0.0857627578455193,-0.02435702828896738,-0.04744898596314773,-0.0645800355405163,-0.048518944406951564,-0.010224608247907668,0.02364027049165786,0.04434167979094822,-0.07833668470296949,-0.017056187928146074,-0.06857154144093441,-0.05896834424345127,-0.06322198829185902,-0.11479613892025967,-0.04704982883478012,-0.05104565071213776,0.03168386419616445,0.3513423225402945,0.0660114219998307,0.1271748455007131,-0.010334592013619047,0.10246547528829628,-0.020772607318661075,0.26145978174514556,-0.028283796994587457,-0.054191820844602015,0.11210568139472551,-0.022761261998394636,-0.055220424736810006,-0.055056949343675776,-0.041151566569057975,-0.06440602456566896,-0.025056017817155194,-0.03797817856281447,-0.07503662169653136,-0.04272703281828557,-0.06797878654537667,-0.05135994435207146,-0.015373921192774361,-0.045582597853105436,-0.07627194752694329,0.1623965962880352,0.05324121278458463,-0.03629339511765133,-0.03648177998947569,0.11529368983046857,0.3450186284850809,-0.02630571448307399,-0.04300608556169235,0.00422765277281901,-0.03498300843542261,-0.03858937245255783,0.02084715357645834,-0.011416627041411888,0.12421554279440537,-0.08604623198703948,0.38252041064100745,-0.01857772801054973,-0.04705320089430988,-0.04370554188371105,-0.08154527102725337,-0.0412501520888483
15,0.4708020026082628,-0.09908626749874147,0.11338549356995489,-0.079760183275731,-0.10015186250918043,0.04290673033681773,-0.06902460104143557,-0.0830295318917384,-0.03364714116457005,0.3090682965526135,-0.06215392768924144,-0.12067044593742145,0.32825369436358864,-0.05761908264870666,-0.09547292139338531,1.0,-0.025906315631937474,0.054577139652297636,0.5847072026772623,-0.014179039946324457,0.018937077948973348,-0.05735244918556158,-0.048969754519822495,0.09314114055986766,-0.09713469951241599,0.025015787310276653,-0.023908286149505926,0.0009868170458704033,0.0566334696779125,0.0710003943636918,0.043208451002998395,-0.03619939339721068,-0.012273223357561912,0.005853514314024345,0.1407227559540478,0.046029452574159996,-0.0810119109624846,0.04748394880245363,-0.1029712693732479,0.3233050749401578,-0.0910843537456246,-0.003951667922082761,-0.14081438120939493,-0.07887943461596295,-0.09313194297557437,-0.02965721835503332,-0.02701302751093683,-0.08432111823223477,-0.012933730042427274,-0.09508065445018946,-0.07640879675306975,0.09912925712759718,-0.10637263799550697,-0.019373710772541478,0.3192823777973412,0.12265991296074606,0.13164615499547525,0.02437763819266781,-0.04716572718378416,-0.07600848910381935,-0.01237785901221144,-0.01975483606958512,0.157787659847716,-0.08048296300143687,-0.00042353470320316295,0.04512597016942915,0.2725526386957057,-0.09337265785400795,-0.08321846410080375,0.21674501439508584,-0.06341980586575732,-0.05356423345571906,-0.06235250820278377,-0.06145151231473776,0.11444187322876694,0.04124609113351127,-0.08327052959818909,0.03995380375569833,-0.057598155540899365,-0.027339457650414217,-0.060838764733501874,0.3827443692845891,-0.1574852187017997,0.05903836974341775,0.008104095544807729,-0.01493148386141775,0.4364869378720832,0.07898646676481932
16,-0.09432031060448798,-0.020288723687808,0.07450257671116742,0.0368666439865474,-0.059765769344217214,-0.040352993123316167,-0.05428605795556616,-0.02233362492972609,0.5251952745579458,-0.03384886070322274,0.016953194693600016,0.10855849623547337,-0.07047491467315103,-0.05962361824952732,-0.0025301866290453772,-0.025906315631937474,1.0,0.06997875494313685,-0.0862719840454507,-0.009970756453818447,0.023022835698707174,-0.02594556642974046,-0.005580062602432051,0.20052527132156822,0.04765822221155022,-0.027697518318408696,-0.03649170574460406,-0.017835239817475593,0.0008114669853011656,0.03940432610617765,-0.03510775810590412,-0.013800408763553729,0.3290009983547723,-0.07435242823958285,-0.04161146541497507,-0.014843722672283732,-0.07011738205001425,-0.07552311877069239,-0.07005893080775982,-0.09164306099193387,-0.046943228610712456,-0.04466879229683158,0.15964241472890625,0.24703566118338596,-0.05739302493565085,0.014735492302366524,-0.01509463366381974,0.35622795368189775,-0.01014383728452288,0.12816879986897634,-0.04734869725411045,-0.05455183078028776,-0.03455804896483821,-0.0341304856494341,0.0506162894874812,-0.04842810759668539,-0.04190430498447948,-0.057283842807203535,0.008386585851518939,0.09390797474307891,-0.09231957549073051,-0.04474732642139975,0.0020909166330684657,-0.05227484841464102,-0.017798703180518897,-0.06127614695804072,0.22324414018789251,0.11123042949924777,-0.042603690880348176,-0.03446720074914758,-0.048028635927069824,-0.035174598843104955,0.05780455512182474,-0.02554371041581792,0.06283762364277069,0.08882661888070395,0.5942713192005956,0.002979425907234901,0.2459653979999309,0.10156525811572006,0.05466205387437201,-0.058977338871941495,-0.0002788880375440665,0.003766640448973475,-0.014271532405396787,-0.03827919972722695,-0.002356884682237813,-0.03114500121105834
17,0.09966817624934873,-0.07723529925262787,0.04632788994825562,0.1187698317920962,0.025535319100733436,0.05764842029200597,0.13519496303099288,-0.026719619027657147,0.06754885600093342,0.27935128720804303,0.07869918820594302,-0.08683805045156653,-0.01784700716923464,-0.037004143005333515,-0.011285420943320362,0.054577139652297636,0.06997875494313685,1.0,-0.0007501386468709327,-0.009656173040182568,-0.05427280967248004,-0.02944618261312893,0.12107112292930039,0.16355932473142365,0.02109774309266376,0.046569323744737656,0.1969555850550187,0.015959099375991243,0.07778942554888726,-0.016708661954395396,-0.020550543743665085,-0.027805698559059643,0.1329127929078902,0.3685237027538383,0.02355146891855399,0.07889205564309375,-0.07037547171346656,-0.06617048134750554,-0.09653192190568902,0.03181667322887069,-0.06673751773269682,-0.021622516036981027,-0.0999377191414475,-0.035998423105345,0.10219403515633715,0.24967340307211827,0.08735457914491537,0.023773769218937875,-0.025206790469338936,-0.023120456246647984,-0.04262223762894704,-0.043941566491517134,0.016591708043861876,0.025021146007129975,0.16442441259931562,0.3406374616222205,0.2512497812402841,0.029663458223882777,-0.0358113670307995,-0.0632668445433695,0.08942287203221932,0.1534539651258262,0.03132106194653322,-0.07038764590444829,-0.014501902182645483,0.33557716150583206,0.05702531008522041,-0.045068013853117,0.0681839098722074,0.26557892160096663,-0.06059283105233131,0.012683043788284212,-0.027713183180657082,-0.04873613235888063,-0.039586603192144826,0.002715178106472395,-0.00942426079539085,-0.03375702976427758,-0.03319796642682463,-0.022146888099586287,-0.0156619571805131,-0.08211071986091012,0.04678178896518963,0.5001588318561402,0.07285915229467518,-0.05038793724874791,0.24920367860714726,-0.05774476757175402
18,0.4581975375103048,-0.10166892549225157,0.07213780627142366,-0.07496314351090458,-0.09520587089725759,-0.02415799593054614,-0.06894160836477112,-0.07522004120182883,-0.10700903769335693,0.22059662891833165,-0.0648899368153496,-0.12451301767368786,0.5660703707738814,0.013210292942042581,-0.0927377350791517,0.5847072026772623,-0.0862719840454507,-0.0007501386468709327,1.0,-0.0003694358298066023,0.02089720882525923,-0.058192798538373475,-0.07069293415803829,-0.04835827717368532,-0.10690116515809105,-0.052510240243757354,-0.023042385291874214,-0.029863668034851732,0.11355631487422926,-0.0404846565660438,0.019998681079375514,-0.037024916887066786,-0.05143295490843397,0.05525847466921356,0.24004430378490083,0.034409352997787586,-0.072130339694077,0.3080193076221098,-0.09811010473623713,0.31084031954366687,-0.09228780295775177,0.101265890656707,-0.14489960502163823,-0.08641331492313417,-0.09304506213858615,-0.06621205029022843,-0.035539029644427185,-0.10190730465912004,0.009694370611047595,-0.11141345655756293,-0.07992458304967741,0.09186197056417558,-0.11800250692830036,-0.035227689623312464,0.04280180945584361,0.033999504281770454,0.008490938541813868,0.13551197752518918,-0.04943924126197482,-0.07891167620238435,0.10704760570171656,0.00049815488726224,0.3425741887281436,-0.07783770315059835,0.04617500026359345,0.0033986982422020834,0.028469207910035283,-0.09631190723350988,-0.08328479522618565,0.09728817427278971,-0.05644168055231559,-0.06318421840466505,-0.06609763170134403,-0.06340295957994853,0.12508009039917703,-0.045790267128000106,-0.09711255995177961,-5.940282408687866e-06,-0.0757528768592037,-0.030168063564076506,-0.06925531246994145,0.7186270145258298,-0.15465595064934134,-0.02026503698629796,-0.05783452211662991,0.05776130526400853,0.2540066791042046,0.1472425523064374
19,0.028100286153417055,-0.009049564297849231,0.009869047157370657,-0.005548616714555662,-0.005881564182670383,-0.00417263014975302,-0.0028609219872920326,-0.00535862786510743,-0.011546845055185901,-0.014623090885133173,-0.011285832494975914,-0.011359858162093305,-2.9836776466337506e-05,0.016548674242183863,-0.009708720759742844,-0.014179039946324457,-0.009970756453818447,-0.009656173040182568,-0.0003694358298066023,1.0,-0.012668811032643647,-0.005617169413050204,0.001888557873028586,-0.012150166565096501,-0.010757197367220073,-0.0051265177104445735,-0.014204724404626756,-0.002992756699998605,-0.006077933128263019,-0.0013809213565669015,-0.0064498695211843695,-0.0034827615341957445,-0.006091228968753408,-0.0037022670421805797,-0.008947946562219313,-0.003258422460267153,-0.008354765086703313,0.11712429306780418,-0.010093501365844193,-0.014961603434863831,-0.007304834030481367,-0.0024910949808569036,-0.011938968831839519,-0.00858750997847648,0.015230757853553812,-0.007092274325378881,-0.0008579753077849863,-0.011333281075975352,-0.0003937728963646519,-0.01334474055802593,-0.006868405938154995,-0.009296267062488907,-0.012063354586705,-0.007433291449095474,-0.007473232293508856,-0.007786095256758706,-0.0077028044807095734,-0.009346989576064222,-0.003703701869972166,-0.007441854012148573,0.0034303229785797224,0.032482173108837775,0.013734142044051108,0.0011533113374028422,-0.0019695160801388337,-0.0024336413767876586,-0.013578182003612705,-0.009295825278792972,-0.008174558685621128,-0.010177082165253445,-0.0044112900683553466,0.040351249610053014,-0.006041866014709119,-0.005648536399927925,-0.008406160973001415,-0.004235917195609423,-0.009920331595694271,0.0006403257267055397,-0.006896694020046237,-0.002916277108019626,-0.0062010845601519204,-0.006152733507051901,-0.01136981148419005,-0.007930089398812123,0.020940054789576362,-0.0038484473436510343,-0.008491211799978705,0.003013081194442034
20,-0.07549881140020202,0.03744586029344724,-0.04454044414969996,-0.07701267817306419,-0.09588231788676396,-0.05794144459821231,-0.08067501994928647,-0.066799277843569,0.13785040996125253,0.10730278713361528,0.032944072053216915,0.2811588837081758,0.2465773097404033,-0.04860201064071468,-0.07482405523811825,0.018937077948973348,0.023022835698707174,-0.05427280967248004,0.02089720882525923,-0.012668811032643647,1.0,-0.045262599753667025,-0.07828564189151116,0.2939211817359344,-0.04049793750984362,-0.08205337733790952,-0.05901805111004065,-0.032167062535894055,-0.033672579229212095,-0.05169943887771999,-0.02927945250245144,-0.026346445219052737,-0.02714731028263997,-0.1181075119505993,0.3828572998645736,0.0013959274168642071,0.12436514780646107,-0.06029202229151902,0.0531248639091018,-0.018501146670852106,0.06736066180268893,-0.06517419943576033,-0.016926026981219096,-0.009457146686373598,-0.114178144717967,-0.08051714460309708,-0.03771962510513955,-0.05957150824741308,-0.025481499296468552,0.10646293966224094,-0.05332373438592057,-0.07033172043757879,-0.09224082315992817,0.3719661031418913,0.06248281197698627,-0.07333287221616006,-0.07061862937009382,0.29039471055539195,0.007985276365667763,0.027202817989765024,-0.10976349201377372,-0.06346476443021354,0.12974912158237506,0.0941812446705721,-0.011956892020911252,-0.08629541628558515,0.1596883995772872,-0.017480204302530205,-0.0664618412041024,-0.0884685008546101,-0.04591571140168388,-0.05877168815356398,-0.03999647061068881,-0.028788716340054747,0.05529303063222051,-0.04335084662843783,0.11536136176773841,0.06496533094536139,0.13413937467660092,-0.01947826023192213,-0.05743905903843602,0.04102053800462999,-0.10170835669410588,-0.06616619408015219,-0.07780100441043246,0.05145501883132918,0.08711302822256875,0.07355558082827493
