,0,1,2,3,4,5,6,7,8,9,10,11,12,13,14,15,16,17,18,19,20,21,22,23,24,25,26,27,28,29,30,31,32,33,34,35,36,37,38,39,40,41,42,43,44,45,46,47,48,49,50,51,52,53,54,55,56,57,58,59,60,61,62,63,64,65,66,67,68,69,70,71,72,73,74,75,76,77,78,79,80,81,82,83,84,85,86,87,88
0,1.0,-0.07242758047597453,0.08032761555576967,-0.03178548162512311,-0.012629879635945427,0.12219687576162015,0.05647839080391906,-0.08746086507371974,-0.11088243685110431,0.16875119176403952,-0.04369207165133307,-0.057177197336001254,0.22589406536625425,0.07133857019362005,-0.04642665693669334,0.47204250779088325,-0.12160472812896116,-0.00914629478736926,0.44383865192439675,0.032292419965360794,-0.07604940989257081,-0.04747153331091857,0.07894508851293469,-0.09085078268493893,-0.07939629228095403,0.05637790017197899,0.08769954693262409,-0.12169971201073014,0.15500367855598862,0.027356054437081903,-0.03151683187408463,-0.04174286179611575,-0.09844521259968086,0.3172923303657333,0.04603465534584438,0.06358811694010072,-0.10063970475739129,0.3370638034098587,-0.13370753265485955,0.16726862779390594,-0.10936462013751304,0.2664352524782473,-0.1664755933560336,-0.06242105593727418,0.09666345860233416,-0.09143810755131823,0.11924673519305098,-0.0912260142343562,0.01950906725827988,-0.0896683807586767,-0.08378146550794821,0.08990403878752208,0.0009412771431829486,-0.05498800033930734,0.06114383705378458,0.17427018609632494,0.26305731871337934,-0.006649353878882253,-0.023692656245535456,-0.09111210629764968,0.3425802266314084,0.17744102325005562,0.10233390449431126,-0.0926181346835331,0.016445614900408845,-0.04901746372671856,-0.07403303099697658,-0.052053404944845644,-0.037511936860511956,0.19858297843259787,-0.06754025887180859,0.0007624662937397051,-0.05349312374388436,-0.07265418768408577,0.027812646069853397,-0.0030568566285564735,-0.1454024583228458,0.01820129704806806,-0.07879331859208713,0.04133888696836992,-0.05993807150253501,0.012807295667947527,-0.08211591270866017,0.1153862955744715,0.12409173731634174,0.02201408502597047,0.21146053357936628,0.07865363833770193,0.0008736376393062148
1,-0.07242758047597453,1.0,-0.07041907069811139,0.0030452490559039224,-0.05500460623477362,-0.019046967309272723,-0.03454719602373078,-0.03621849509698583,-0.052865489503261066,-0.07275846090486338,-0.04925522199169528,0.004990734648115766,-0.06183587760023582,-0.04400904944921406,-0.04478959733647649,-0.06887726765036559,-0.03729095741749022,-0.01816806286347066,-0.0738069045191202,-0.04052465199464289,-0.03762078867077514,-0.027640908381131,0.021033755064708747,-0.05449804294497212,-0.019503948501436143,-0.04635925166600194,-0.04563531319511421,0.1963733134148662,-0.05647945732621115,-0.057766485741960194,0.0008196890383082183,0.07279555117935205,-0.042933014341943826,-0.010835188611447374,-0.042026518906672375,-0.0219748636401656,0.13932649823415524,-0.06269351851345387,0.17730908534275364,-0.07132745720034295,0.020297088650473808,-0.06941166429975265,0.3210720827519635,-0.0447060685048917,-0.02754506539082001,-0.038975782081279636,-0.04293435573324528,-0.040361967123003745,-0.01863431472964565,-0.05996011634273255,0.5173857078153655,-0.039077888743980896,-0.02321438437774403,-0.015347279884350551,-0.044644485086246674,-0.04159668576875368,-0.05773790654147738,-0.03607427679103668,-0.036533787455813205,0.04025910673883005,-0.040431286690468596,-0.030645232673099355,-0.0560277762594167,0.11851693757470519,-0.013594874035849497,-0.008963498401753853,-0.06338289325192908,-0.04127771277016184,-0.04375937315024632,-0.08850973648972907,0.23147662640559152,-0.006094912989675657,-0.028367704121753948,0.14782255495098862,-0.033226954633963184,-0.02073690340876336,-0.011227736474282289,-0.028347838955679446,-0.026890462175750366,0.011200938586059785,-0.03196480107160388,-0.04826483211208156,-0.03259348733611344,-0.030090639797738582,-0.0058100411808591,-0.0031583368925862023,-0.035748280553902535,-0.02989000929480069,-0.04498435355263235
2,0.08032761555576967,-0.07041907069811139,1.0,-0.10496461034354318,-0.06622972731731318,0.03940794158651822,-0.02978429070010275,0.030223233807540044,0.0703821506102152,0.04978196697816262,-0.07579443218953837,-0.03887718250153799,0.13759006666990428,0.5225338590271598,-0.08014378446289215,0.12258094061566469,-0.019700708828335068,-0.03922344210186249,0.0726229802132166,-0.0202559821986235,-0.04088172494802916,-0.0503461291011888,-0.0005570638090053185,0.06046897315649796,-0.08003338333052451,0.15575432302882522,-0.07129475186326407,-0.07032852152008248,0.18541445297193757,0.7756414637984486,-0.01321340249205472,-0.0314556287032368,0.03642092935094183,-0.0052331481127793405,0.08137056702233275,0.06286917583388481,-0.0772842436799839,0.22547339477367334,-0.11009300091710414,0.03152784460176242,-0.07355900231234302,-0.07283531822860723,-0.11367791244201797,-0.0598747690687776,0.24024297528755043,-0.07796271847270456,0.04541498917817052,-0.03503726355975763,-0.016395639069710106,-0.08914644475892301,-0.06650136429925696,-0.04644877144585004,0.05634934455793666,-0.036027190638460924,0.2536841165270303,-0.004412261139906029,-0.0003654301266856953,0.02082603906712554,0.13688349827976004,-0.04009114842202745,0.1710562681224714,0.020263203201838526,0.14021871269185077,-0.08309238692490761,-0.008082984809067547,0.06622286128163829,0.30372119428333816,-0.05982416543480811,-0.05719324698451506,0.1064814818949859,-0.05725874114839381,0.021946116152178466,-0.047958217534553774,-0.05415491698034726,-0.0020392333538347485,0.05461135910310293,-0.0780905940262997,0.02212396854134763,-0.036154202942006844,-0.01046852614186385,-0.023054779022057444,0.007584714229653769,-0.08469346583258194,0.00609749352905126,0.07366363356312317,-0.0003456782193524367,0.144787259945432,-0.004700667499150671,0.06032874590000372
3,-0.03178548162512311,0.0030452490559039224,-0.10496461034354318,1.0,0.30960929244883484,-0.08305619312292234,0.2195040245473872,0.11389972365810501,0.01468586858854814,-0.05126640865722502,0.29473520139070897,-0.013034532670463443,-0.1531893262168319,-0.00205978068897034,0.49137815032794974,-0.1547446755541085,-0.03901000767992033,0.3654082158813604,-0.15142334790715967,-0.08589105473656386,-0.10827671140959151,0.1997657362223598,0.05231867881913049,-0.09912561417415007,0.3020001720708379,-0.05526639998694037,0.29229488762268935,-0.012582255824732439,-0.04642463075071015,-0.0865299998194051,0.08639295153591299,-0.014427239283625378,-0.0558045026396766,-0.02984737038908598,-0.1283738336215421,-0.038382771269213606,-0.07499199460810405,-0.06514597911432057,-0.0485678112810565,-0.10246987066956703,-0.04010788158315379,0.24989678575998403,0.09160129232214567,0.3091670736799118,0.11604447525949038,0.2238153670214001,-0.07824027204246212,0.29623861159049614,-0.03407314679177155,0.4537182045042519,0.009840748531189429,-0.07479609992364981,-0.03594446865396386,-0.03828029313427596,-0.08552011670295592,-0.09482965765967856,-0.10676722831497656,-0.007279401740761742,-0.05241547062279539,-0.03338641218612028,-0.09628194982124802,0.012621221655037852,-0.10714435742718659,0.0018487643347399386,-0.01488782265551683,-0.0003802615049394798,-0.10150215346803632,0.11119135626735097,0.3618390467910857,0.15947291454380758,0.048323525914322735,0.06265593274763556,0.2331705205475338,-0.01696512355006565,-0.07109782201120246,-0.0010273632535773188,-0.04807362074220751,-0.060523956441723585,-0.02119031922243049,-0.010307324647390561,0.16682678930012218,0.14229192006086883,0.37839496807264383,-0.03265298822232661,-0.0750277787894074,-0.011934299945758783,-0.13526181139576388,-0.06941734730488111,-0.08171237264346376
4,-0.012629879635945427,-0.05500460623477362,-0.06622972731731318,0.30960929244883484,1.0,-0.03728191544986928,0.5560743372074619,-0.03597188965182385,-0.027957954287426347,-0.06939267045730099,0.0827181998629313,-0.027097260086332745,-0.12118445975394689,0.02184296136086619,0.08573500000859399,-0.10081194083568382,-0.065579188606697,0.17475063227527143,-0.10239545401547018,-0.04342028703110339,-0.0990428933554243,0.2278023195076968,0.15453450657906093,-0.08324427517040048,0.11369978603887293,0.05589052985587557,0.2657614445873865,-0.06576360753022692,-0.04130618945476419,-0.026256783584597054,-0.0031601631370164448,-0.0203535010168204,-0.04176621012249717,0.060238038070269964,-0.09434916108211874,0.07659704988263492,-0.08308956004242526,-0.059592883590858785,-0.08189159493575185,0.013984069638268367,-0.06024868269924019,0.19555530098279103,-0.051004997229865456,0.029431686120253896,0.3073035953161803,0.22733671215729817,-0.05279676055508174,0.11420507954479919,-0.022779205334163565,0.04947701626612029,-0.036908839573995524,0.02810029188841473,-0.014207443113071334,-0.027011589814206725,-0.06997369259377953,-0.03817455479310927,-0.05915414652352721,-0.029248305438004947,-0.04281246452737547,-0.0486530308066259,0.006431193631275688,0.08342265133416295,-0.08031120921759208,-0.06389185731914537,-0.004186155397279543,-0.016922988362268094,-0.09047163655788582,0.44573596073422384,0.6409936743757706,0.05841684699813632,-0.04617097642276366,0.1803934946915102,0.00337763033012736,-0.0271106235946207,-0.05996010113953905,-0.030976713920209155,-0.07566730083340323,-0.03537663002259187,-0.03882525211717656,0.10311607389698187,0.2297941888707,0.000237061559717938,0.22482963204527873,-0.05169124635866863,-0.03377699712308184,-0.009846324217462937,-0.10342772376173351,-0.05210049864209923,-0.04403360683080714
5,0.12219687576162015,-0.019046967309272723,0.03940794158651822,-0.08305619312292234,-0.03728191544986928,1.0,-0.013338645676890616,-0.043127668168055786,-0.027907104482597346,0.014984993314726684,-0.06697208330288623,-0.026479200738323026,-0.05940316458490991,0.01992976682142848,-0.05090702368767874,0.035069526085056965,-0.054785110164896456,0.03489172124927619,-0.030749975956579544,0.28657956858779277,-0.0625224183378709,-0.03080148926095451,0.20879308585803097,0.0016278819730044156,-0.055285977938196416,0.11011456876757607,-0.07429039136543913,-0.05532261903681383,0.31924001915918115,0.06399491579724108,-0.015253700772295167,-0.019518085461288075,-0.038312639450375933,0.09751483275718353,-0.05295557845712546,0.06857936392997144,-0.07004900583626572,-0.0033562596176714837,-0.06719844628338431,0.043485048283995686,-0.04969200331186026,0.09302432749661207,-0.07978365655122768,-0.04459482914527884,0.11873692740546722,-0.04674728684075688,0.24896473735074875,-0.05742164228474338,0.04182404586865588,-0.06779229497859796,-0.040603103520473326,0.14219654290419978,0.06865642398024796,-0.026456564329814757,0.14532203190762305,0.3042335726337082,-0.06219744448289488,-0.05778506139610526,-0.01106000353391627,-0.039759835560526716,0.12907349308280094,0.11830422164489801,-0.04080260250844344,-0.056871358881247405,0.006400326034151533,-0.014429346735361455,0.01056549349319437,-0.044617785493815315,-0.0424927201190154,0.01388690661051534,-0.035799069702093275,0.07220109090528143,-0.03220065240934605,-0.03382689943965071,-0.01062502348584866,0.0979634363126568,-0.0663101927364625,-0.04786233763271394,-0.038391039553233336,0.11684843983891753,-0.0286889989146991,0.11054462429218828,-0.05188552285609531,0.1959962287953697,0.15003128237627128,-3.61491900716705e-05,0.25074496947420694,-0.034570749380382154,0.22490905555583884
6,0.05647839080391906,-0.03454719602373078,-0.02978429070010275,0.2195040245473872,0.5560743372074619,-0.013338645676890616,1.0,-0.03872138134355107,-0.040500368646933876,-0.02165284990997978,0.027571892290173886,-0.025974112186729244,-0.10026320769987357,-0.035375578309981684,0.08900218566977824,-0.06751037535925941,-0.049777168540818595,0.10403152142899197,-0.08251371838875846,-0.038333667971800975,-0.08037232112986861,0.02705067483731589,0.23437537601271,-0.06267238743940823,-0.037065142371540155,0.09830242365377208,0.07270674457128737,-0.05422774514143741,0.04546943574217182,-0.020550060566483844,-0.013056329096368467,-0.01807155397587878,-0.029942622950729556,0.137440770482693,-0.08143709621232997,0.047092398664104605,-0.06275970309336412,-0.0726248037375429,-0.06609424927682284,-0.01664159113997983,-0.048714000258498605,0.2982215977486792,-0.06330771927366588,0.05112227429624532,0.4750164007564483,0.09103018364949238,-0.030689155099791525,0.1556688404838959,-0.020852344882952473,0.06120882584176569,-0.015781606075341435,-0.0332564077833481,-0.014250153984398741,-0.024586393457278047,-0.051938234264177555,0.01242143392903293,-0.0794304006924477,-0.07028439058202657,-0.034114371062590965,-0.040582253695471776,0.0012404594349823394,0.2437103387734504,-0.06364699687795936,-0.053594883719196615,-0.012153359386539692,-0.007575487082980377,-0.07418010794343384,0.2025768095677311,0.39745725763064066,0.028231948054422903,-0.039000299846969726,0.22404134362231573,0.010645003624038704,-0.031722287156066134,-0.04698705507790671,-0.029625477487910723,-0.0638552811354749,-0.038176013900882065,-0.03447385136920107,0.08344045074538181,0.10585187511114462,0.06227840301420603,-0.01798485183793974,0.07766464687140928,0.10579441665651176,-0.002912089447619555,-0.06024706861984193,-0.042391608172350576,-0.03834472626172043
7,-0.08746086507371974,-0.03621849509698583,0.030223233807540044,0.11389972365810501,-0.03597188965182385,-0.043127668168055786,-0.03872138134355107,1.0,0.2689720902161045,-0.04216604178141764,0.06774015914612813,-0.01046398211513997,-0.0628321531471443,-0.04748780296366996,0.04866156736474888,-0.05205653941225004,0.3488358127154406,0.09180420865488663,-0.0824346679819277,-0.03967787945838869,-0.012653204312919395,-0.010831439294748087,0.011497361088993768,-0.014879432392725055,0.12569954995857635,-0.025676289868178784,-0.021346582135634926,-0.015385836593725718,-0.00013849986940183572,-0.00017821056130638835,0.15177356407485698,-0.011749612166367114,0.21424790744531785,-0.04281992719417789,-0.04381640675688621,-0.008767924127814491,-0.059634375586685814,-0.06498960634738087,-0.06154450513404175,-0.09278817823726315,-0.04676483711705828,-0.0520487043942994,0.23077459681960377,0.34464452570602305,-0.03658873529366408,0.22837700225852414,-0.0366696333088901,0.6326516016162406,-0.010597617525506118,0.09748851229636438,-0.03301469833154755,-0.05056122063747061,-0.019469314244023157,-0.03669234511333038,0.006596607849401052,-0.05105878801398288,-0.0646114689546243,-0.04289708468848351,-0.0017953063385844356,0.017361727141926478,-0.08502175210420623,-0.0523987284557912,-0.02597665792069652,-0.04582087060586855,-0.014728751028916819,0.1954852568226237,0.14023976547090997,-0.031826830677716356,0.0043348937153280314,-0.035258027937780934,-0.03814446880660874,-0.026342818132619197,0.06476905320840334,-0.01646387741806669,0.03453780843238097,0.14623309111653102,-0.03536103439379887,-0.03450540564807323,0.06386464271611098,-0.002660604261704237,0.11306403903213749,0.07115004763599367,0.007031621941854985,-0.007229961265998055,-0.03940587529562209,-0.009955197796306079,-0.03186387719184848,-0.030889695064354336,-0.0340407725607096
8,-0.11088243685110431,-0.052865489503261066,0.0703821506102152,0.01468586858854814,-0.027957954287426347,-0.027907104482597346,-0.040500368646933876,0.2689720902161045,1.0,-5.701714370303507e-05,0.049705605701363065,-0.002454055472662582,-0.06055236319740035,-0.0676104536552364,0.07028686230434131,-0.02879901170938859,0.6108250853894414,0.11947319744024865,-0.1094847196634107,-0.047536857857277265,0.11744395687299644,0.0030032697344010316,0.007669171175124816,0.18131295532443545,0.061679198967752785,-0.016538751623767358,0.003461220352246311,-0.0059381392956929045,-0.03573256958949539,0.10545998323326589,0.017355914042908083,-0.014304690731461548,0.4176556898638637,-0.04762062273883166,-0.027744316167951585,-0.01795595592069127,-0.07137704231828881,-0.0993822951247303,-0.08250744488513943,-0.09327163540605712,-0.04584637412032946,-0.07957642708611895,0.05118911186167397,0.25120083157528383,-0.043323297776376814,0.16321436653822227,-0.008538422796666681,0.17305899501838745,-0.02094249887461417,0.2880616758701287,-0.049189943127431135,-0.0719266121059347,-0.0005816152772326988,0.028298335689406744,0.03817943568363928,-0.0308666000398986,-0.088813393323491,-0.061904104028612364,0.022282569400955618,0.1480165676143997,-0.10890886071827266,-0.03664449229353796,-0.020072702457115916,-0.04474733468819872,-0.02154205202858724,0.31659299146634035,0.16945552820073512,-0.012162756349335174,0.0034532469393779536,-0.0020070119171011662,-0.04838076228111851,-0.012504616930685854,0.11144925825840216,-0.024683465838624706,0.009016224711383275,0.04546521114157932,0.09126979335656688,-0.0301691033193719,0.5207756486522791,-0.017917193360420934,0.05731604155299794,0.1386527417574096,-0.02070922922077447,0.044389568976307275,-0.021232588348471096,-0.0123139089184384,0.021132648120382028,-0.03278298603609041,-0.0305869390783857
9,0.16875119176403952,-0.07275846090486338,0.04978196697816262,-0.05126640865722502,-0.06939267045730099,0.014984993314726684,-0.02165284990997978,-0.04216604178141764,-5.701714370303507e-05,1.0,0.07797527754664758,-0.041765732647444855,0.32616108322536097,-0.023735316715428535,-0.048015803724741214,0.30223050955691666,-0.0802007846376809,-0.038491004590007524,0.21206872432800178,-0.046781549068668854,0.10642483945112517,-0.05599036784045751,0.03461672221117747,0.2106274238816806,-0.02420378223887661,0.030623294991322457,0.13170811829719486,-0.10350834437630355,0.01216085001262378,-0.032607555333223695,-0.026069858042767003,-0.037671319447454304,-0.041292410588475555,0.148823066083648,0.31691528653237433,0.027178308475124147,-0.07529179929430868,-0.030020036763904467,-0.10214214547639323,0.17692818054527693,-0.08927261799388121,0.14226203345250238,-0.1376095040578721,-0.04967185229595793,-0.02991484096125505,-0.08614559708278396,0.06061450527921909,-0.020683973197710655,-0.014096380738252801,-0.02097023148435067,-0.07094963071532999,-0.05308699062735352,-0.019999191648273767,0.09255106680995762,0.41363304941044926,0.31165983113804774,0.14338461174962977,0.11898207587686391,0.008610522195521761,-0.07753895766956284,0.003099822616360952,0.19208102869711463,0.22203651557003046,-0.06964002515829808,-0.016326226459142466,0.033117212019735644,0.04712664139710093,-0.060671007438676025,-0.06569640091849172,0.212975816403006,-0.06811630696779086,-0.030677520400811245,-0.05735413940759955,-0.06138290339450154,0.04167634241519502,-0.012620110782080089,-0.11749334510499793,0.011814585057978024,-0.05281511445974536,0.02283960455857005,-0.05645893412093184,0.10421417585683321,-0.021279106492307208,0.32595684218266335,-0.027233742649353205,-0.013172627024840077,0.38396894837171414,0.033913942506833376,-0.0042400104831852616
10,-0.04369207165133307,-0.04925522199169528,-0.07579443218953837,0.29473520139070897,0.0827181998629313,-0.06697208330288623,0.027571892290173886,0.06774015914612813,0.049705605701363065,0.07797527754664758,1.0,0.09231361326070003,-0.08147800034920102,-0.004344432866603801,0.04180664889413398,-0.0627639180905849,0.0008079472319241767,0.12554239949708698,-0.06873462584800508,-0.06022644717600666,0.03292772299178018,-0.0102412705089549,-0.013619917077675445,-0.04487086130852448,0.25124632776521705,-0.02333094180993822,0.331714951301898,-0.08504662619810682,-0.04422125271798469,-0.07479477280342156,0.03315569991380004,-0.026115778413169824,-0.023740609805416483,0.0005375737710607946,-0.02967482592014606,-0.01847530940152577,-0.08622280128865015,-0.03164496126554371,-0.10411983502581332,0.1817149259052279,-0.06339891967864905,0.1260177042670293,-0.028298885916921323,0.06671619621193692,-0.029198005293322178,0.03455192434463958,-0.06192339291524396,0.11252068457078834,-0.024104009852589627,0.11489985689978927,-0.04848239498216554,0.04537149835475761,-0.01834879312886764,-0.025326306955157342,-0.05286764017575281,-0.03263803349681174,0.0406686127393195,0.27366548504632715,-0.003071525332768455,-0.059281181442285245,-0.0809856632543581,0.04296388860810543,-0.07265764227638351,0.09266966264925555,0.005014491246065374,0.043907522747575214,-0.023458499951896722,0.052039494873013944,0.03198223508274874,0.16536743447492233,-0.06125090321665672,-0.02277698481993183,-0.009840137927878096,0.03246212672367062,-0.043920718155991176,-0.013056514183281106,-0.06277583905121623,0.04432101534472891,0.04526706247780385,-0.020858932294651175,0.032176737042334924,0.12062685536382034,0.31902336275445997,0.011388040519902843,-0.07271992509818445,-0.01152023078991676,-0.023099968125898294,-0.018499739553016634,-0.05229343257179265
11,-0.057177197336001254,0.004990734648115766,-0.03887718250153799,-0.013034532670463443,-0.027097260086332745,-0.026479200738323026,-0.025974112186729244,-0.01046398211513997,-0.002454055472662582,-0.041765732647444855,0.09231361326070003,1.0,-0.04226260256786206,-0.018060680681345774,-0.024835541597529112,-0.04605296324602067,0.03593077060850079,-0.022130915738055163,-0.04735200292943263,-0.030950786208217194,0.007391862936920672,-0.013935271650840344,-0.01967697619970392,0.007078844338019683,-0.008486290183527556,-0.023982979907257986,-0.025258063673422832,0.08782642633734233,-0.03959147016133359,-0.029802156200525298,0.009026976213112315,0.05403065701579972,0.030541693152099484,-0.023716251440844938,-0.03141766767076004,-0.016067455683575232,-0.0208949656625475,-0.0374911413682369,-0.003942440585920897,-0.044749345415259725,0.17020069954551098,-0.030503737697973307,0.15782892947741728,-0.01926361755287305,-0.0368204184791452,-0.01760516811716984,-0.02389614682795098,-0.009916006462053512,-0.009325094075429778,0.0011139406359315894,0.06441246324224129,-0.02067252212053043,-0.012172578074834819,-0.0006302466261545975,-0.027253450706625285,-0.02793118659599731,-0.03570541145747862,-0.009851185810308898,-0.008460398095307098,0.05767343377302104,-0.04200255137891614,-0.03137699876079508,-0.023916695843007076,0.16341623647968,0.01009965911095175,-0.009057769183765656,-0.015248196373199288,-0.021470674818447964,-0.01873382796701545,-0.05236280900851666,-0.009400738389522632,-0.01892230779061848,-0.010498565373222126,0.4642596628062834,-0.013735544003615706,-0.010716125181998545,0.11846523822311023,-0.008449206895329875,0.035661126672719784,-0.012597259722352289,-0.009094107837076645,-0.02960545139523087,0.011784483470298234,-0.025072453353468332,-0.02317031466874004,-0.0036514108076010146,-0.03664209752854947,-0.017381521364338154,-0.024578076268545933
12,0.22589406536625425,-0.06183587760023582,0.13759006666990428,-0.1531893262168319,-0.12118445975394689,-0.05940316458490991,-0.10026320769987357,-0.0628321531471443,-0.06055236319740035,0.32616108322536097,-0.08147800034920102,-0.04226260256786206,1.0,-0.04517698541392671,-0.09849675951700129,0.31508293022516487,-0.09321202342277439,-0.09510621317596665,0.579487569942468,-0.0052287050507272325,0.2520572451707155,-0.056978735703633154,-0.08085647889678345,0.061184720927350215,-0.09763827735365097,-0.08357072279517269,-0.08025422645578711,-0.0930086895802121,0.11502091354364855,-0.019391201588565908,-0.028090706822972808,-0.035991365533405914,-0.06554180231928605,-0.0761700327465839,0.5825724196652947,-0.01249966234053573,0.005526955382225611,0.26253461627968255,-0.04890305974907301,0.06599263366075384,-0.07730499607914734,-0.17030530403623464,-0.13111899737847182,-0.09351404059638967,-0.13614156459368984,-0.09452450358460981,-0.06376256356789778,-0.12033868064075787,0.00470787989241004,-0.08967585102406442,-0.07168137606509781,-0.06595891648258678,-0.0381335307323315,0.06233606840919027,0.07604057805167666,-0.06224810988483223,0.38201045936965045,0.29589878085721855,0.026858734862762315,-0.07526983227131487,-0.04064819749561541,-0.08663397467976644,0.6678169804813967,-0.041900374642286825,0.00625850716997783,-0.03001413284862265,0.199675775305505,-0.08655546693950117,-0.07381185767144792,0.014318738612047853,-0.052811523649264294,-0.07057515159427483,-0.05839201694817609,-0.05847268935970091,0.09310920148743279,-0.03533700019114185,-0.09895531881102979,0.07153854885963115,-0.06623282398623931,-0.045967440588954286,-0.07048976252294015,-0.06911834868072464,-0.09731967276526388,-0.07655081046767526,-0.08564473859015814,-0.003174820198043056,0.40727473354989213,0.10198599302399541,0.039535778201777574
13,0.07133857019362005,-0.04400904944921406,0.5225338590271598,-0.00205978068897034,0.02184296136086619,0.01992976682142848,-0.035375578309981684,-0.04748780296366996,-0.0676104536552364,-0.023735316715428535,-0.004344432866603801,-0.018060680681345774,-0.04517698541392671,1.0,-0.031674997610540684,-0.0558321794707225,-0.059749535259957576,-0.03916862833712383,0.00991944016431559,0.030609471155371732,-0.04770346136929032,-0.03266652333698505,-0.035716553472697705,-0.06663252634407849,-0.011277779068811179,0.1014730502308259,0.005909763252971859,-0.052587752611275136,0.008525469998001987,0.3536559818008064,-0.006014948809366293,-0.019443744728954732,-0.055047626713582445,0.0031857444190901887,-0.02330817371078965,0.018166705092104656,-0.059018988086479596,0.1711380006191838,-0.06437605830457233,0.11057202011121986,-0.04648266787083155,-0.007298692308965265,-0.06885651602806334,-0.05450859144562936,0.3135496185587226,-0.04953757824428331,-0.042609003436817665,-0.05991898236089796,-0.003929158647801988,-0.04626755843552641,-0.04728294337960541,0.07033970574343948,0.028449789719906922,-0.02573113411218933,-0.056391752324999656,-0.02951129488912542,0.0014181607854880562,0.015415092522293929,-0.007963439700883307,-0.042185867792079064,0.4935031742449507,0.0011132730494196946,-0.014434083557614498,-0.026930402160744205,0.013793515999671406,-0.02883358423193741,-0.07002620976653379,-0.02620294412786074,-0.030523902644034803,0.2104355797123633,-0.022734047930503577,-0.019898596279230043,-0.036223918549251666,-0.023985172985237863,-0.036024638702173054,-0.02546094011746846,-0.0602629658351786,0.03450160265728393,-0.036676282746031075,-0.010892191542534862,-0.0094284062355993,-0.032418869480291615,0.012632401163196751,-0.05265904744169128,-0.03719022960229035,0.017004732026600123,-0.07335707768891658,-0.021496393817012033,0.025537528207486723
14,-0.04642665693669334,-0.04478959733647649,-0.08014378446289215,0.49137815032794974,0.08573500000859399,-0.05090702368767874,0.08900218566977824,0.04866156736474888,0.07028686230434131,-0.048015803724741214,0.04180664889413398,-0.024835541597529112,-0.09849675951700129,-0.031674997610540684,1.0,-0.09565954015551878,-0.03310681049293188,0.14235608167385236,-0.09188850135264302,-0.05140741582065661,-0.0756058424565285,0.16302258084853485,0.03609996319822969,-0.0622153629487973,0.08485472605511354,-0.04514570359767527,0.09910891951043589,-0.05186605602159492,-0.05507395700639815,-0.06580195511717754,-0.010889493482344324,-0.010066864125546332,0.0013744294991341836,-0.019323497831573944,-0.07859629658391765,-0.014408868859822637,-0.06780206205692042,-0.05735663289395493,-0.06419433140027289,-0.1137264604786444,-0.0473653703992082,0.08057607193194793,0.02949573399261475,0.39075870867806883,0.06170637436626858,0.1625758485686748,-0.03959908339085423,0.11890353130205714,-0.02114000739154442,0.27293065708077824,-0.025706660932240253,-0.054584591101616425,-0.024685259785486205,-0.021571878941087634,-0.05575347293670879,-0.05451382490032476,-0.08674652981045207,-0.06455173325627947,-0.038536738273409976,-0.03772888486495968,-0.07615603317766809,-0.039357251499902386,-0.0681935732320995,-0.05231299289282008,-0.015337081786494088,0.017506508504422168,-0.07876767337902099,0.06938002860573675,0.1282025432508567,-0.04354377917521353,-0.031365297521882315,0.11672238662891632,0.336087179504513,-0.02605365647940839,-0.04345026778592666,0.0019996112892122202,-0.05986852707024761,-0.04451852872858231,0.019611481065988593,-0.00888492088824449,0.12413153294126444,0.12227553458909159,0.10479271120164893,-0.02366184719179164,-0.050619082191839096,-0.009824173287680486,-0.08602299702702965,-0.04182154762622292,-0.050359849454377666
15,0.47204250779088325,-0.06887726765036559,0.12258094061566469,-0.1547446755541085,-0.10081194083568382,0.035069526085056965,-0.06751037535925941,-0.05205653941225004,-0.02879901170938859,0.30223050955691666,-0.0627639180905849,-0.04605296324602067,0.31508293022516487,-0.0558321794707225,-0.09565954015551878,1.0,-0.08408993143825458,-0.07993158767582478,0.5818119686653598,-0.006119131802606693,0.01792747645593632,-0.05732506202915215,-0.029744657611185193,0.08976177186370289,-0.09561794818829086,0.027168456512286394,-0.03481568058797323,-0.10056586904283793,0.05177848049030229,0.07691572582874912,-0.026165935351279222,-0.03613509989834093,-0.023551322946160327,0.06265599349870543,0.1346129576355533,0.04483610662632133,-0.0786988063968339,0.03796955706809958,-0.10355569010467894,0.31001504918460443,-0.09078372294400151,-0.019609355749924295,-0.14322433349177988,-0.0843356808603336,-0.09042767893111286,-0.0934996152789137,0.12959863877706645,-0.09154836667670514,-0.012962585059113718,-0.09769695491481642,-0.07356984243683858,0.09989730554777362,0.0015385143021862304,-0.01853036720222861,0.32561161858983134,0.12544799337860668,0.3673415061939359,0.017949720353261457,0.039330287794616954,-0.07596221818741158,-0.013344460766433133,0.033252086558487715,0.150327748385489,-0.0802581244607903,-0.002240545353555059,-0.0043272891844686155,0.27140615944752133,-0.08372964276758135,-0.08034173129368241,0.23588454170851086,-0.06046865844215091,-0.0526051952748965,-0.060566420662433326,-0.06106548700507368,0.11108603539698568,0.044562068758050036,-0.11958186634268125,-0.01567960091876994,-0.05850822460552763,-0.026584860842011823,-0.05988663622462623,-0.03457474780780248,-0.09666487334707283,0.06406743818924221,0.00159038248229533,-0.014424650350334451,0.44633097879104233,0.07446833826769551,0.0463124518963962
16,-0.12160472812896116,-0.03729095741749022,-0.019700708828335068,-0.03901000767992033,-0.065579188606697,-0.054785110164896456,-0.049777168540818595,0.3488358127154406,0.6108250853894414,-0.0802007846376809,0.0008079472319241767,0.03593077060850079,-0.09321202342277439,-0.059749535259957576,-0.03310681049293188,-0.08408993143825458,1.0,0.010388331064681178,-0.10190664787152795,-0.04542647359931321,0.13292894973463357,-0.024654722776432526,-0.02342840715951949,0.2107260835022643,0.07032267851032976,-0.0452310079000105,-0.06505991526437321,0.053394925756426695,-0.06790228585175462,-0.004131407451653971,0.04137939383427358,0.000682645803229456,0.7088851057325287,-0.05116478664624258,-0.06190777573835731,-0.032328298518088494,-0.05559388572146082,-0.08742269962688634,-0.06650519944145789,-0.1185170751952801,-0.032166648002271175,-0.09662661877114563,0.18234944366295835,0.13914087126239846,-0.07353693713857529,0.105471005345105,-0.04876750093846939,0.29001649272820434,-0.007984787381687581,0.20973842498389017,-0.04402641909761251,-0.060577101745890496,-0.02669554526440449,-0.009965934440520777,-0.0488316902486368,-0.06041718958296777,-0.08345068716363509,-0.0621494224291913,-0.012943644383798964,0.25830108108254035,-0.0955891537468657,-0.07207950383235086,-0.02819371521867391,-0.04078854000070993,-0.017886338783196003,0.266621255477699,0.11414464614218298,-0.03332360845375888,-0.03694514227874569,-0.08530689522867754,-0.03908076616952051,-0.03965639802456927,0.037240479399134274,-0.007133657157257945,0.053818850382375015,0.055641944431492105,0.37800220961610526,-0.04520889076171623,0.382609256473324,-0.024341386198213664,-0.0048917656248290455,-0.0360701170784951,-0.05102154886930346,-0.013988724809044607,-0.04174871934670889,-0.010716621773402827,-0.07185504966217707,-0.036317291983905625,-0.0537463213796834
17,-0.00914629478736926,-0.01816806286347066,-0.03922344210186249,0.3654082158813604,0.17475063227527143,0.03489172124927619,0.10403152142899197,0.09180420865488663,0.11947319744024865,-0.038491004590007524,0.12554239949708698,-0.022130915738055163,-0.09510621317596665,-0.03916862833712383,0.14235608167385236,-0.07993158767582478,0.010388331064681178,1.0,-0.08660311646453361,-0.023962530841368762,-0.07510136950204108,0.31758342008692425,0.09263314825547275,-0.04377063531856279,0.026259590911678628,-0.02267315208462896,0.01474351652297531,-0.04733928227141789,0.02566188067081542,-0.016843747516740115,0.03359057557120376,-0.009082253562667522,-0.012679026390869748,0.016505006288346842,-0.07442656202671002,-0.014116163852558962,-0.0670462625441845,-0.06667376153023902,-0.06306133922300623,-0.06989936688167736,-0.047488040110177945,0.10215323698753678,-0.007983142755450845,0.2299269790749918,0.0967488399918695,0.4541599767495072,0.05139646065967231,0.10620290120637009,-0.019725007341226803,0.029567309643164577,-0.026127944956516727,-0.05058990205410578,-0.003505988066645687,-0.03209800711255002,-0.025425212447514688,0.06280984727443753,-0.08126964718587222,-0.050601739652439824,-0.03487944691840719,-0.03359790736792251,-0.056628434323364,0.0936999247542284,-0.06648459628725475,-0.05164102063392842,-0.012955776987577673,0.01995437460255213,-0.057526219902020434,0.11692482534478076,0.2809402264845183,0.1194505671120921,-0.02399928999069636,0.11550808806703614,0.17921030461138335,-0.027214246627063204,-0.03482605449780962,0.020550580216301302,-0.05779405513668717,-0.03921656208780653,-0.014516752200842052,-0.0003903039256215315,0.06384539782982808,0.14693419747406672,0.10330102234146112,0.09982970387996447,0.03892351094353552,-0.005621160862254093,-0.03096218044369442,-0.04105301713307433,-0.03251136160853009
18,0.44383865192439675,-0.0738069045191202,0.0726229802132166,-0.15142334790715967,-0.10239545401547018,-0.030749975956579544,-0.08251371838875846,-0.0824346679819277,-0.1094847196634107,0.21206872432800178,-0.06873462584800508,-0.04735200292943263,0.579487569942468,0.00991944016431559,-0.09188850135264302,0.5818119686653598,-0.10190664787152795,-0.08660311646453361,1.0,0.08651031631743067,0.02648097929313379,-0.0573392760818533,-0.06710686957397338,-0.05278760269460665,-0.10303800036116004,-0.05182640656248516,-0.061879151180329876,-0.10150002876338818,0.09126553489722028,-0.03406351785465396,-0.028209363347685597,-0.036318785081602946,-0.07582775373471562,0.04568288529347044,0.23863899265186655,0.018729444542488493,-0.06596461979081426,0.29771845627377574,-0.0956323730846211,0.29492957898093036,-0.0905085957485218,-0.07524369299638005,-0.1445227326978038,-0.0934389709948092,-0.0993107449271581,-0.09492057019067741,-0.026691650005791052,-0.11444729889908663,0.009601114311647499,-0.11221650988647847,-0.07992971730418141,0.09561538238284042,-0.029095717850477338,-0.03507535553522505,0.040184693227729336,0.006796254709218801,0.7252468713413587,0.1357571500200758,0.00041598123989804864,-0.07725333737993703,0.07837356131778202,-0.0522266379368594,0.34812115954640366,-0.07410779695776568,0.049800862684105926,-0.05322835489239572,0.03561703693332788,-0.08568179669278475,-0.07059651425467528,0.09959121376331176,-0.0513779123493809,-0.06538165061400998,-0.06241004442276066,-0.06159014556840521,0.13197666951521997,-0.044955663175900426,-0.12144066088162417,0.056808099118606806,-0.07413049610673345,-0.0402599854203704,-0.0673501790578959,-0.07587630896395307,-0.10125605760419885,-0.05102618604883386,-0.0694839606574528,0.013168800795477931,0.2666242519627038,0.15444608417784,0.020272594187823394
19,0.032292419965360794,-0.04052465199464289,-0.0202559821986235,-0.08589105473656386,-0.04342028703110339,0.28657956858779277,-0.038333667971800975,-0.03967787945838869,-0.047536857857277265,-0.046781549068668854,-0.06022644717600666,-0.030950786208217194,-0.0052287050507272325,0.030609471155371732,-0.05140741582065661,-0.006119131802606693,-0.04542647359931321,-0.023962530841368762,0.08651031631743067,1.0,-0.06566143871346977,-0.027390049039620612,0.13299752171535614,-0.04013864132975459,-0.06157852465298272,-0.00015616463218498175,-0.06904390726181839,-0.06667346738991826,0.4379752749700552,0.0031500135424159617,-0.015417246200947357,-0.024123414123878015,-0.049115622821667315,0.11189066732155395,-0.04470065829464995,-0.01298756531134668,-0.0672258316801685,0.10536183153776403,-0.08175646234473406,0.051947008662822515,-0.06127506996944904,0.02785640910573378,-0.08549258261761325,-0.053903598306505214,0.055475204636354275,-0.04836587069563372,-0.002286668652137171,-0.05543769219235401,0.06276417901043613,-0.06447308638347732,-0.05570238892424821,0.15664970836625813,0.03279581964714443,-0.03493550245380467,-0.023265187316827314,0.028401870717384425,0.08051007588105025,-0.024739402176084835,-0.01847842721461084,-0.046200710765398556,0.11409536636817277,-0.017859606237028508,0.03458763687066889,-0.062326587604036414,0.0001688561796460604,-0.02536788659368767,-0.026913972522788213,-0.044615933716600845,-0.006956910747337615,-0.023004959705397236,-0.04167975291172941,0.02125964909155479,-0.03365707267840417,-0.03740656850631018,0.05213111223836507,-0.003771088998453514,-0.07570908085874148,-0.02442035029175854,-0.03304888922322097,0.07365584763420556,-0.029817210112088773,-0.041519371845554445,-0.05911183224474348,-0.01223940033486208,0.054326420229524476,-0.006822289192788111,0.043367032304886685,0.038784211724339185,0.19746187270440857
20,-0.07604940989257081,-0.03762078867077514,-0.04088172494802916,-0.10827671140959151,-0.0990428933554243,-0.0625224183378709,-0.08037232112986861,-0.012653204312919395,0.11744395687299644,0.10642483945112517,0.03292772299178018,0.007391862936920672,0.2520572451707155,-0.04770346136929032,-0.0756058424565285,0.01792747645593632,0.13292894973463357,-0.07510136950204108,0.02648097929313379,-0.06566143871346977,1.0,-0.0452751032492707,-0.06429927229430275,0.3473728845760324,-0.039695308194593555,-0.08173183388968631,-0.05195261285106644,0.053195709031803304,-0.03856682510731599,-0.051924983469277416,-0.01952653687821506,-0.02635088507647957,0.04571689008683495,-0.06718661528368275,0.3827781028360139,0.0020736650721549293,0.13290123811794252,-0.05973573235845697,0.05278195442481731,-0.017888120926147538,0.07075408124970059,-0.13350154863633829,0.0005755040931545198,-0.0215552700086264,-0.1136578898159492,-0.017301717541533056,-0.06732829282020153,-0.0653382112791357,-0.025506471118099113,0.10571289222367852,-0.05215100083130017,-0.06991129131067042,-0.03223546519873021,0.3847597631041222,0.05962494976441647,-0.0725397504562055,0.04018981609284451,0.29006305145183364,0.06503059706564765,0.023688550023724372,-0.10984589271890279,-0.08378582790346696,0.12825564315121427,0.09669939319595994,-0.012044334312461779,-0.024881379900942642,0.16943321201675277,-0.06804739174934846,-0.0674938777028551,-0.09081443276984402,-0.04403834737179338,-0.05829936655343526,-0.04218467099483623,-0.028395383858659917,0.054656876211600695,-0.043161102072454445,0.27940774960431003,0.05128569728473305,0.12866382893817235,-0.03837485158960523,-0.05691052431597681,-0.08568098233612705,-0.08204675449125282,-0.06685534493517274,-0.07947352356073834,-0.012738303730293733,0.10207914101431663,0.07276101007109732,-0.029148180578344875
