,0,1,2,3,4,5,6,7
0,1.0,-0.14918509696224808,-0.0019905649338949685,0.07579317882791647,0.0009990142135863807,0.17560149328969787,0.2639502360872007,-0.08778811129149686
1,-0.14918509696224808,1.0,-0.13259886648092217,-0.1145537411851187,-0.08453338720440234,-0.167466761855807,-0.1560381140085183,-0.07429984684274077
2,-0.0019905649338949685,-0.13259886648092217,1.0,-0.08836467116262094,-0.018245665633029318,0.10152411571458209,0.03281196844595577,-0.13545068410424596
3,0.07579317882791647,-0.1145537411851187,-0.08836467116262094,1.0,0.009628669365462538,-0.09524524304680695,-0.01698488194550212,0.25376738326028847
4,0.0009990142135863807,-0.08453338720440234,-0.018245665633029318,0.009628669365462538,1.0,-0.1411627448798427,0.15735217431004028,0.12065488770997193
5,0.17560149328969787,-0.167466761855807,0.10152411571458209,-0.09524524304680695,-0.1411627448798427,1.0,-0.06232591210872507,-0.26423697458610185
6,0.2639502360872007,-0.1560381140085183,0.03281196844595577,-0.01698488194550212,0.15735217431004028,-0.06232591210872507,1.0,-0.1584532394191936
7,-0.08778811129149686,-0.07429984684274077,-0.13545068410424596,0.25376738326028847,0.12065488770997193,-0.26423697458610185,-0.1584532394191936,1.0
