,0,1,2,3,4,5,6,7,8,9,10,11,12,13,14,15,16,17,18,19,20,21,22,23,24,25,26,27,28,29,30,31,32,33,34,35,36,37,38,39,40,41,42,43,44,45,46,47,48,49,50,51,52,53,54,55,56,57,58,59,60,61,62,63,64,65,66,67,68,69,70,71,72,73,74,75,76,77,78,79,80,81,82,83,84,85,86,87,88,89
0,1.0,-0.06386201699323019,-0.07647563921160414,-0.01624978577660534,0.06553458430154133,0.10395174687316319,0.03770185459367975,-0.04019384647195576,-0.10619564591164557,0.13925688621022253,-0.04219470992512504,-0.13878114414816659,0.2742981613772193,0.08400024860000319,-0.051439478979051205,0.46859636405726995,-0.06963046920558143,0.0687595376273504,0.46627066536995715,0.022090637156572637,-0.07135838894398464,-0.04668840079178004,0.04335402243086495,-0.08871690401943409,-0.07701551433057191,0.03684565082673216,0.16666023998207463,0.024579188142344142,0.025453022962090822,0.02639341227048682,-0.0317201950713113,-0.04105150432609789,-0.03741659517816713,0.025185208029911026,0.04716439824914977,0.06280389733301674,-0.09953023218231004,0.25210312051152556,-0.12891720589739963,0.17062800839915737,-0.10766612529725776,0.2552746959438478,-0.1613526856750413,-0.0540837957108479,0.11466579386171034,-0.0885469745795045,0.12947649269721098,-0.08761976901653307,0.023349421342235478,-0.11060046708051599,-0.08298479552916879,0.07697373735399635,-0.07962113813925066,-0.05557647094557182,0.08175846141877366,0.15901974940533659,-0.09866069740671163,0.009094050310743134,-0.05639472601275932,-0.08930445712422078,0.4335356422598248,0.19779500169620146,0.12968695216779846,-0.09336718581372064,0.016185629174953118,-0.0023862223526704748,-0.059360816852803144,-0.0503462025492882,-0.03983782288229473,0.10912866534716877,-0.07113375714203302,-0.008205156888601623,-0.12159648003411039,-0.07107513124081509,0.033943346676138464,0.0018868168969286034,-0.11894448698802566,-0.013357130731827004,-0.07722265076900248,0.030033502405177052,-0.05930599507440726,0.33965752445081643,-0.046489847620575786,0.0889296015798132,0.08201076777166173,0.03390629395796502,0.250492698096619,0.08615900799587281,0.006870424327617753,0.16093853954057258
1,-0.06386201699323019,1.0,0.37742910103181104,-0.010269471241240634,-0.032350516025590303,-0.03418630068918531,-0.018310270454463186,-0.04505285459445184,-0.03363810926746684,-0.06513094055115655,-0.03663895260702097,0.008040515663457624,-0.06484124834865045,-0.05613999389331463,-0.036356836721369495,-0.061250877099350454,-0.030591909353041253,-0.01926077476037293,-0.07025675910775779,-0.004011908283702583,-0.04001522772666348,-0.02390725350963146,0.002385144767893997,-0.04258131388530749,-0.0066096953544512085,-0.034741617970741365,-0.05656056387909526,-0.033469071866643565,-0.05033127425606905,-0.043064879526078514,0.010912741136159806,0.11303700914021866,-0.0020951480657711344,-0.03488283893695817,-0.04806856979921653,-0.015365281527877361,0.08029708360169185,-0.061513177823880966,0.07028542476728404,-0.06479305194207208,0.014004849782681954,-0.0275758050079696,0.319434228080444,-0.024517796836271227,0.018351794158829215,-0.029118061377220304,-0.02932001046730845,-0.013387319173581191,-0.015392499188915588,-0.048759147144858864,0.470387474006979,-0.026485129602985606,-0.029938339871248422,-0.012628134945747133,-0.03527086376525794,-0.033723809710165496,-0.03159141544864576,-0.04186480998413575,0.013349515162491336,0.05571874612016313,-0.06426810692421261,-0.013815185744295626,-0.052019150921638474,0.08141983183021878,-0.012734710900591167,-0.01780449075765906,-0.05048075805407089,-0.030896747130799904,-0.028086651973471405,-0.0571094031494633,0.14972303881323376,-0.006576646438900859,0.20360487270259015,0.17344706155204007,-0.027150308281572447,-0.009537206672723232,-0.01775194261029022,-0.03291830208826885,-0.015963165625988165,-0.0032814419325781293,-0.023349271792608886,-0.0667269156018819,0.014843155778783274,-0.011367335180568615,-0.010090996485341317,-0.027446330866671406,-0.043748182469254326,-0.03036992241120148,-0.03764391890380002,-0.061993746370258805
2,-0.07647563921160414,0.37742910103181104,1.0,-0.06837341243030239,-0.09181801714845861,-0.061239005615898866,-0.07352452588493436,-0.08835368698823812,-0.0906510697071092,-0.08625183369219164,-0.06685249519910866,-0.0377637925980976,-0.03995722785495529,-0.08544324079016652,-0.06779760295420723,-0.07602188497873863,-0.06305110172009958,-0.09706658252397637,-0.050601523808220084,-0.0072024592651882095,-0.014378102976501012,-0.04062900503976966,-0.06920602165896231,-0.08638091179381804,-0.055042567534147685,-0.07092254886472743,-0.0886767698372477,-0.07856724943884746,-0.06306113226517382,-0.07952682297400615,-0.020898734012598275,0.003424012606074834,-0.028169030428350603,-0.08070699184415075,-0.004934939952000872,-0.03847491299522114,0.3517135539699987,-0.03791399485378799,0.3818244101202318,-0.07097705565895797,0.06660035213022257,-0.08353752628060465,0.19577761528226711,-0.03806506652610263,-0.017985339042247042,-0.06464641452391304,-0.06870246933420678,-0.07415386865158521,-0.023075875288729016,-0.09853812332191617,0.3842098086629878,-0.04365593734635667,-0.08502706567495696,-0.02731461599572311,-0.06283083623404546,-0.0717389504084643,-0.076959713590756,-0.0023947904933715497,0.005885169815921402,-0.004549538991218567,-0.04948877624334905,-0.08318315584950658,-0.06982664511707808,0.33777346038393197,-0.014162716210238374,-0.035007610398573655,-0.09418016814562674,-0.058719307820881514,-0.048843888166058454,-0.06366634815897446,0.3223894600725127,-0.04450219866200884,0.16403432140270957,0.045924851472059124,-0.043004026154884814,-0.05091566987481186,-0.07404522213708856,-0.04126471305103397,-0.04930254418421994,-0.019854135578533834,-0.05171623319292118,-0.043048697461679955,0.021361345140224742,-0.07537636389210815,-0.0675854201899443,-0.015163632954230948,-0.04036864253343689,-0.019499952508815366,-0.05582857004524094,-0.10848017048253925
3,-0.01624978577660534,-0.010269471241240634,-0.06837341243030239,1.0,0.10353985139217617,0.022926760122050922,0.09896451560311044,0.2428530461982761,0.12477235748344048,-0.04589149221768725,0.14691094117967554,-0.05842240827899009,-0.10201379111657066,-0.03913351809444332,0.14461519543220006,-0.08541391447074748,0.1611452343893455,0.12366972696764214,-0.08240347743232959,-0.008185258044235836,-0.08166006707672632,0.30984250502240396,0.13633464307100862,-0.04900641976918389,0.06640935850112326,-0.017694642150635508,0.1254428603741533,0.1396093254472186,-0.02851564991692144,-0.015432619907446845,0.038588298911550495,-0.008932843970000577,0.02068533500099554,0.09376636546100747,-0.08140990242864529,-0.00784302816577763,-0.07131269504872897,-0.05867064748705545,-0.0657299636961924,-0.05678500076287269,-0.0510540043515091,0.0651699926910807,-0.006178786397765094,0.16985189082168,0.024519040874573197,0.47174588927385774,0.05240609890880597,0.10500431681008718,-0.021030305295940972,0.055166154501812614,-0.0286643917004317,-0.050511626376043436,0.1588605981127028,-0.034957643245018946,-0.03346654969882236,0.06118821223055598,0.010986782727911617,-0.038849440097513295,-0.021188533679972855,-0.03583111709698945,-0.06771559140024677,0.08694763406751699,-0.0742700009835246,-0.05448565932848877,-0.011949777128681869,-0.006598252800623945,-0.06368617431641624,0.11659400888821587,0.26330814460024254,-0.014443007558637918,-0.008443595374667795,0.11351486812486582,-0.05263166143229343,-0.02724706016096092,-0.038691140172149155,0.02167946349204262,0.007954871206010645,-0.03855093812192873,-0.011177703935736784,0.003728241306499293,0.07793954999295079,-0.09242597714691286,0.36998118350528786,0.10029634183850222,0.04490961960988575,-0.04441414875115181,-0.025628508117885994,-0.044246607465593446,-0.033954432899689434,0.014117889107799327
4,0.06553458430154133,-0.032350516025590303,-0.09181801714845861,0.10353985139217617,1.0,0.038781906667023934,0.5084777979092594,0.13319524774679045,-0.04576872941142631,-0.041388106482876205,-0.026422143681982015,-0.09031330816157837,-0.137644499845097,0.2993530990530865,0.06886959257714897,-0.09874021552614243,-0.016262539774027612,0.09179732630644308,-0.1000809722650576,0.009292544173898996,-0.11679641347287628,0.05130828223151605,0.4662668931713687,-0.08450968552276514,-0.045904725418195826,0.2940914627453278,0.10303705943921013,0.06726185231025686,0.015902802138381498,0.2970430751613531,-0.017526982106547476,-0.02538630700102275,-0.04267544751668119,0.28049809462376313,-0.10913518303881142,0.04227575988045601,-0.08725976141469072,0.23347584578708022,-0.09180241710322704,0.05720494894550561,-0.07063572764420462,0.17197094076307862,-0.09323595913349757,0.049712905156106976,0.3293697463241213,0.06061254011807212,-0.025969857449805026,0.0017894040394770428,-0.02442564607189745,-0.026225166278742815,-0.04528821467080673,-0.014907248477071349,0.012358459086003535,-0.04184935472849444,-0.07116095849319173,0.04900736295493031,-0.06043597402338305,-0.09899304583533193,-0.03758695739874612,-0.0577317904614196,0.21594586179498357,0.35892708057903433,-0.09142975007942993,-0.06995561032883083,-0.007184959479287151,0.021461323576123778,-0.08960494175302207,0.11833018724865138,0.2216173580947105,0.03150153790163289,-0.042721522876821266,0.45572663381572914,-0.07932330917453911,-0.04666770308936018,-0.06079053014792378,-0.025746313660795606,-0.0735413792866997,-0.03600385939919333,-0.04929648796804849,0.19879132756031181,0.08531689649059934,-0.12384466515370482,0.12930870291322735,0.023008744583429146,0.1859810770696747,-0.03890681348231245,-0.07879799964007797,-0.060460251905332545,-0.030590911722405925,0.16990937459151975
5,0.10395174687316319,-0.03418630068918531,-0.061239005615898866,0.022926760122050922,0.038781906667023934,1.0,-0.02694706500771886,-0.06496479132713648,-0.02200598674967675,0.016967298089498564,-0.06396511229475417,-0.06521255099400892,-0.04786739805875585,0.04198446292652165,-0.04954547850426538,0.04025365202599461,-0.03936922590476645,0.050187683234546684,-0.02331155589467956,-0.006376753530178261,-0.05815056701298482,-0.031087175296244156,0.051948570424878444,0.011879629592963329,-0.05760781165584018,0.10938047797478075,-0.04978324432931275,0.15648823151329588,0.25633915847118566,0.07253414463735255,-0.015998248179087498,-0.019789009280772516,-0.011237403665186703,-0.027596783102728402,-0.04717911318210242,0.07608215484429573,-0.07108472173867281,0.0265818678870555,-0.06584544355470032,0.05227610675061993,-0.0507217079165478,0.07270511482504174,-0.08130231012038382,-0.036648029681972095,0.12172698752092828,-0.04659924066118118,0.2441834218257049,-0.0481441012815821,0.057539706673346874,-0.07208266772645713,-0.043925846653050216,0.1557013139204187,-0.0570233797546113,-0.029172991322690425,0.16040434010095517,0.289024311656517,-0.04162301025222387,-0.057451096292488235,-0.027062771306101567,-0.03997731024970197,0.07147211190417067,0.08777757346002382,-0.03259281546251849,-0.05733597161431027,0.0060014284950131724,0.07204117688977965,0.034070513356281314,-0.04564607829930768,-0.03364760612093538,0.04670731663043326,-0.03430186204298705,-0.010282571839872778,-0.05729153314052213,-0.034452933816507256,-0.008219387416116157,0.10627213555140783,-0.0538264556781647,-0.004999898436494234,-0.038728253259093334,0.06887994247895446,-0.0295214186011765,-0.05553657959782568,-0.08855201615973397,0.19433705375198113,0.08242231425000111,-0.048672973074246575,0.2278517203383471,-0.032719229440717756,0.24449846867727776,0.2427156072090988
6,0.03770185459367975,-0.018310270454463186,-0.07352452588493436,0.09896451560311044,0.5084777979092594,-0.02694706500771886,1.0,0.24273033196778673,-0.040773392981566126,-0.02810212426562357,0.02017283506993698,-0.062361986448774456,-0.0991852212170449,-0.028607889059779394,0.09082960328943968,-0.07111013483431355,-0.025637717374922472,0.12560819261031705,-0.0718825734087516,-0.0038076617564728847,-0.08075689694249832,0.02505512833097904,0.32319074360168853,-0.060013300724703095,-0.030555336539393355,0.10564144834960246,0.1043441805920883,0.042889902373556804,-0.04099654702177642,-0.01673541481442385,-0.01394422718567027,-0.018084206768264388,-0.010453810911586009,0.4370282853341103,-0.08176193933604625,0.053639535382300985,-0.062370796167461676,-0.06922984198104463,-0.06326736056543808,-0.00319078651208168,-0.04867921900099016,0.18574778264647854,-0.06495012040672929,0.020343064550244448,0.08965145417264053,0.08626654675872626,-0.0226982419221125,0.10202256514081048,-0.020842918693747513,0.054505961807300086,-0.016993596919329043,-0.026237862187122325,0.031171491642447084,-0.023872546775863444,-0.05302075345460766,0.016506370818240836,-0.052492266328123816,-0.07296915658038663,-0.026195060773578326,-0.04037925474847129,-0.025222645482633914,0.2492765259420924,-0.06675192402131147,-0.05290779627620634,-0.012240063049518659,-0.01490499319582625,-0.07128098579048174,0.19748673386655158,0.4006510377561678,-0.042516215664420876,-0.028024062448427194,0.2303878858584427,-0.05502395898036197,-0.031701215554536435,-0.04711268625216301,-0.029121970977404883,-0.04849318291897426,-0.03429947289745231,-0.03516113895004972,0.07772277933725992,0.10324100942570316,-0.08552673095842152,0.17001416513920348,0.0760721715376825,0.08716765554391478,-0.039957264718312374,-0.045852889245852554,-0.04219700748947933,-0.03689140628673713,0.03660356316765035
7,-0.04019384647195576,-0.04505285459445184,-0.08835368698823812,0.2428530461982761,0.13319524774679045,-0.06496479132713648,0.24273033196778673,1.0,0.06282104265405093,-0.03429677386630083,0.15324796272793845,-0.06882899507943466,-0.11252645966280639,-0.07186050254720314,0.3603163059450212,-0.10842825409143335,0.17899712593170536,0.03882810189552266,-0.11590598364478225,-0.01116419885437232,-0.08142976822430487,0.18645217704853134,0.1933315794179384,-0.062251410494083496,0.13519696953730864,-0.047897367863850085,0.2342126166561779,0.10693518078383346,-0.049526703101725265,-0.06776557679341405,0.049377984405045455,-0.0068575158701684145,0.019426150185082352,0.10826488047699942,-0.09060442819101752,-0.024758504688496073,-0.08341860852976477,-0.06697087320935027,-0.08066727636314787,-0.10025822695552206,-0.06145591740609397,0.045772950926536674,0.08386416271632695,0.2932539747898067,-0.044194241315928307,0.18817257292213202,-0.048650577203702645,0.32557939494895505,-0.025568784349404558,0.5271748481547981,-0.029993510287598314,-0.054065497195766477,0.18279772687750906,-0.038142671208441906,-0.05634744754937862,-0.07079426851545145,0.06615569049926134,-0.05264643934283531,-0.023759842575852914,-0.04531837783348841,-0.10902578968402059,-0.01197279688412525,-0.08165881859207891,-0.05978360348835523,-0.016478309301702847,-0.027091286494574627,-0.04926167556269726,0.013227708095616852,0.23094269760276737,-0.06535786585841541,-0.014408463446877755,0.06211942898158253,-0.06636222615774898,-0.02145811753872838,-0.03963255454318404,0.01610930198708023,0.01700686786336912,-0.03721041360822356,-0.010453726504968144,-0.0060457523077969005,0.17113555895092575,-0.09609594765618025,0.5702815449289524,-0.012878060516798188,-0.047835703001055385,-0.04698216004200004,-0.09824666880898515,-0.049454685895192745,-0.05804483874933429,0.02466223988695846
8,-0.10619564591164557,-0.03363810926746684,-0.0906510697071092,0.12477235748344048,-0.04576872941142631,-0.02200598674967675,-0.040773392981566126,0.06282104265405093,1.0,0.0022774963432576067,0.04411890323256129,0.089569141261818,-0.06378602606987394,0.054935743859759245,0.1015350058222322,-0.027805413838463,0.30393206243027104,0.09457393218055486,-0.11289792304277754,-0.0122687303345926,0.12186093399140724,0.0038817392500042694,0.025937721869490914,0.18474068729432302,0.06329214594019297,-0.01756113353491891,0.02683230989106195,0.15372016872592642,-0.045993884913128336,0.0902672944422222,0.02060579010309144,-0.014441544930127559,0.25830382492926196,-0.03782324160516129,-0.026718420402206774,-0.011890763676333509,-0.07173899645848428,-0.10493832751225993,-0.08057195310212145,-0.09287121350443306,-0.046530363963194724,-0.07677192586506375,0.06956636311646157,0.13046193396674963,-0.041835657547441715,0.171555208871014,-0.012952904683352109,0.17368319124469564,-0.02170152093632209,0.32936339520472285,-0.0522993979842604,-0.06750946854399026,-0.035158067959444525,0.028089648094439215,0.03844408959875523,-0.03237798742335065,0.471304489892416,-0.06540979605550765,-0.001981860693538677,0.14557754689724817,-0.1258928635587404,-0.04855627695641625,-0.02339954490887106,-0.04245238088182825,-0.021787136569165394,-0.0007372241965867543,0.15801811174931396,-0.012118343105785457,-0.0014392095943534665,-0.07155920030030609,-0.03281602047603359,-0.014384328254872656,-0.011379587626779465,-0.0247108413232814,0.007025750152859075,0.047338754225138086,0.6014073524331227,0.025163689590668534,0.5227516113400552,-0.014750458814515926,0.059174099257059534,-0.09784500170621299,0.007341010879609376,0.04400351784743407,-0.0053550533742452505,-0.03428453125757222,0.023412742041488667,-0.03329389986583525,-0.03143228053529675,-0.033433371304465526
9,0.13925688621022253,-0.06513094055115655,-0.08625183369219164,-0.04589149221768725,-0.041388106482876205,0.016967298089498564,-0.02810212426562357,-0.03429677386630083,0.0022774963432576067,1.0,0.0907641418561284,-0.11504451397185966,0.3101177832648495,0.020635879794134043,-0.042789558090799665,0.3076124884926667,-0.051233914994841874,0.2744844412081108,0.2069604775557413,-0.01602344925235121,0.11145606652635663,-0.057133569154634675,0.032371381315594416,0.21523280344661233,-0.01079300430258981,0.020355226747594195,0.22138959418169527,0.08516808158421912,-0.05429812664312044,-0.03981525194829187,-0.026176173442308336,-0.037700296333828924,0.024874400513198974,-0.03956430626462773,0.33020263560171736,0.03404734614966321,-0.07437145874302227,-0.039530584862021906,-0.09826598290822149,0.17944093922598398,-0.08992931461918896,0.13310835282595151,-0.13327763433196826,-0.06430517930615046,-0.011479051480427188,-0.08562763933024413,0.060695925009761884,-0.020192901581575613,-0.01764159166936135,-0.00807660930612735,-0.07010453195211412,-0.046786838124739216,0.012180846109461676,0.09244209190212298,0.42106643911945296,0.29622035087455034,-0.04417861225187501,0.12551521561769186,-0.040813429440991575,-0.07776020163422626,-0.01439563105582726,0.1904682071240815,0.22200971470686465,-0.07083838954674115,-0.017286436704915795,-0.022631151144139737,0.04645199709887378,-0.04406241811842561,-0.06651166984646537,0.0195914176364937,-0.06582631411531722,-0.02768790461554293,-0.10621658123867508,-0.060187612365014055,0.038714279392051895,-0.014757455815958408,-0.07904055234181166,0.01053322429051856,-0.05139709409866194,0.01824298212030128,-0.05469319164760532,0.12506423017469706,-0.041277302155009826,0.3127933319899958,-0.03612562818314016,0.008237225460525039,0.386724289963545,0.02873176206905486,-0.008043431693153453,-0.0013883700397205306
10,-0.04219470992512504,-0.03663895260702097,-0.06685249519910866,0.14691094117967554,-0.026422143681982015,-0.06396511229475417,0.02017283506993698,0.15324796272793845,0.04411890323256129,0.0907641418561284,1.0,-0.061404641562141794,-0.08372271212298785,-0.06840899964688586,0.024263390369190806,-0.059473219690230346,0.05919331435724928,0.08497246655247624,-0.0631716301084917,-0.010478612826784906,0.03414545503778695,-0.013713390146679818,0.026720690587154948,-0.04667174205930234,0.2683795422290137,-0.023283187202245776,0.32989589734162056,0.09587549339859602,-0.06178606591353383,-0.0712912129548272,0.03819248217334242,-0.024956834937395388,0.05452643331447449,0.09294375306925198,-0.03299633590017034,-0.017666274670629596,-0.08306346097287544,0.003010738242599273,-0.1010262670191256,0.18938282301318018,-0.0611891319863726,0.023492471739644763,-0.016942979249158,-0.008758775208202955,-0.04489582339714131,0.037340193985585454,-0.055300697176581905,0.08837067992382489,-0.023578978887907248,0.12138875682512226,-0.04972107443068271,0.06356124016497207,0.3670444452477961,-0.02530148989795266,-0.051551403772894314,-0.031833804232519414,0.0009522526071738101,0.2805189947216678,0.09316614600093504,-0.05821831343834956,-0.07846275070306855,0.04365579146681543,-0.0765409344467181,0.09765655289067718,0.005557295007864373,-0.018300857244493818,-0.02426293571487067,0.04971088648651347,0.0032253677042821545,0.016665601004246577,-0.049422231297786924,-0.022873959545708988,-0.08583379216163041,0.03425680331085724,-0.04494575882176503,-0.00957618252562904,-0.004434312244831563,-0.0018340717944483542,0.04180341988415197,-0.018772576111616524,0.041565990865218935,0.042006110930250105,0.3544232911863203,0.004753160226212576,-0.07106512968688306,0.04341709620240934,-0.021766425359455614,-0.01869911034705467,-0.050358703861065696,-0.0432678515822499
11,-0.13878114414816659,0.008040515663457624,-0.0377637925980976,-0.05842240827899009,-0.09031330816157837,-0.06521255099400892,-0.062361986448774456,-0.06882899507943466,0.089569141261818,-0.11504451397185966,-0.061404641562141794,1.0,-0.09800468362116373,-0.07089358328244146,-0.057193539840248935,-0.11586028761704485,-0.033411181528701706,-0.08249016803457239,-0.11993691600076138,-0.010878203113495475,0.2688317891769093,-0.03467541726860579,-0.06034055476733089,0.2494649871399653,0.003709703199468239,-0.06551457831087087,-0.12457225334550663,-0.06982832110912529,-0.07352596223085223,-0.021282245976796624,-0.00039770875460157706,0.022479615399319086,0.022347748301933083,-0.07349236514892478,-0.07680828416091603,-0.04050834302663342,0.05804073434625108,-0.09328185983895695,0.07745020621724615,-0.14191980242991573,0.3134659685762607,-0.08347460974678819,0.193555479852506,0.022673909792078083,-0.0448070583962914,-0.04003814971042224,-0.058683643632668245,-0.015258511966999835,-0.01922180616964022,0.10857695137389672,0.016153345140279413,-0.06159190072231841,-0.045804151561156844,0.13223628140170737,-0.05458925803703348,-0.07183978767602257,0.24278465490286794,-0.06564376946818616,0.11900858620673577,0.3766504850741369,-0.1191492298657163,-0.0884578038918045,-0.05533440162328157,0.1072358797895328,-0.013575232633346073,-0.0332351219875506,-0.04435632677962223,-0.054662875056102435,-0.04226628227021178,-0.09222102243116248,-0.018115539905799123,-0.04535565948341163,0.3901180343754131,0.09653049825065058,0.043043172282423936,-0.02411998857981839,0.39198031605739253,-0.006756139439691935,0.222642773901003,-0.032587713347165745,-0.03323364036444002,-0.11418975611724029,-0.01832501313343165,-0.054833452695949234,-0.04431970196789741,-0.047988068511029464,-0.09245841765491988,-0.03269719239883866,-0.060078835944895395,-0.11442323711589826
12,0.2742981613772193,-0.06484124834865045,-0.03995722785495529,-0.10201379111657066,-0.137644499845097,-0.04786739805875585,-0.0991852212170449,-0.11252645966280639,-0.06378602606987394,0.3101177832648495,-0.08372271212298785,-0.09800468362116373,1.0,0.11047316519439448,-0.09568239303698167,0.3244189201768982,-0.08073585470724795,-0.016218648939529363,0.5684875071812812,0.012690795814456785,0.22568723703419022,-0.05648669083970015,-0.10092209024346564,0.04838411083531412,-0.09912398430502467,-0.08539080386754089,-0.04573890132354454,-0.07378546858176757,0.006468617547015088,-0.041899339160740845,-0.02884854125381451,-0.03574534761873641,-0.03901886898001724,-0.11786504403007123,0.529670138051199,-0.011141491351853907,-0.0033313974060565944,0.13156656595632835,-0.0520605662897002,0.06825678928202907,-0.0780791794029218,-0.12540916851816258,-0.1284816978711687,-0.06565493202791255,-0.06377591904119144,-0.09308572791497745,-0.07012983919779807,-0.1072383509682899,0.012235054063385662,-0.09555450626316828,-0.07112716286060533,-0.06130620072226263,-0.12071272668191099,0.05298966349940917,0.06587267406453581,-0.06377158467077892,-0.07457604374876775,0.26590431648013124,-0.043283270262107904,-0.07454305114308815,0.11973120068512383,-0.099733265672555,0.6815650984155506,-0.05009461153622616,0.004733157198339575,-0.03931184270994872,0.1917446072782717,-0.0836888639343232,-0.062251580306443254,-0.021436817777272063,-0.06089143394460016,-0.06814359078424176,-0.09367943004140925,-0.058356548475315635,0.09098125467847658,-0.03822980603193632,-0.09405802172153402,0.02985252104977798,-0.0671940491214163,-0.04384923238864901,-0.07181824874791448,0.44322505896001296,-0.15043630039911926,-0.07819838856410943,-0.08148008136019921,0.07745959477959954,0.3736007856683124,0.09938331989645027,0.04773444455179286,0.1541065625388423
13,0.08400024860000319,-0.05613999389331463,-0.08544324079016652,-0.03913351809444332,0.2993530990530865,0.04198446292652165,-0.028607889059779394,-0.07186050254720314,0.054935743859759245,0.020635879794134043,-0.06840899964688586,-0.07089358328244146,0.11047316519439448,1.0,-0.07284004545776007,0.0823392371839923,-0.04844719691957575,0.04333247411100774,0.05886562643133218,0.0003861953402272437,-0.050686349944698714,-0.04742693712933057,-0.019561863440060424,0.046985862406633536,-0.07655025817832473,0.16096472547317825,0.005000280436992953,0.008240062055269988,-0.01779401558296825,0.7912368648015298,-0.012810874084374342,-0.02958600712232518,0.052882283158615026,-0.03693442831226835,0.05784620412518073,0.0495027770785981,-0.0725779155371816,0.556374377928145,-0.09932853335270737,0.031285623145516174,-0.06956926593962298,-0.0515381223767951,-0.10307563236178882,-0.051813514000979895,0.00719767660686046,-0.0717492095205555,0.03049810232652686,-0.018083762523786562,-0.01730615214075975,-0.09232305724344411,-0.06432807392331148,-0.04879459204729991,-0.08979133507722978,-0.04061444392507323,0.196519695628929,-0.01292980269546043,0.044959220392827765,0.004587486299877493,-0.03643333871458708,-0.039213851306806796,0.23355627593007555,0.013892330968639828,0.10917813403762909,-0.07425454962749904,-0.004847382160025549,0.05724617038681361,0.25395553173228347,-0.05548901318653436,-0.038029347697900936,0.08827150884589396,-0.05218939120129676,0.016342725058610542,-0.06913270398660169,-0.050683349744973086,-0.013205113285675758,0.04979246396887041,-0.019964760306929806,0.11406168632745572,-0.03919646823036645,-0.011505545200628435,-0.021428211960744,0.039973428769494584,-0.06881710753491652,-0.0042235753986952125,0.0859619287976106,0.024030621102470798,0.11430304138849173,-0.011755621058901907,0.047817824550886304,0.18668091992910432
14,-0.051439478979051205,-0.036356836721369495,-0.06779760295420723,0.14461519543220006,0.06886959257714897,-0.04954547850426538,0.09082960328943968,0.3603163059450212,0.1015350058222322,-0.042789558090799665,0.024263390369190806,-0.057193539840248935,-0.09568239303698167,-0.07284004545776007,1.0,-0.09520175797407182,0.3266008130817909,-0.017521501323879914,-0.09064105315084084,-0.009446755151123384,-0.07502799946806428,0.1596745506825128,0.0810834246333123,-0.055362819223319655,0.08662138810685219,-0.04503042658504054,0.06595386284652058,0.12694711637425052,-0.049458269464892284,-0.06157036834071804,-0.011841097266082467,-0.010606836137440215,0.023738765223046247,0.06342825577582233,-0.07731242608159702,-0.015281936319975545,-0.06580561579015784,-0.046616909292246655,-0.06046903235177252,-0.11317209204203209,-0.046596178357642945,0.022011572289561597,0.03028870579127012,0.3638728631753588,-0.03567973736640427,0.16704793621142083,-0.04004289371152003,0.08085864299384626,-0.020724880909566312,0.25896267578610616,-0.02604210208277727,-0.051092292771288725,0.10357251004464063,-0.02196746235559595,-0.05392349738750139,-0.054640429339032515,-0.01963103696621701,-0.06463569914787956,-0.024295513524160622,-0.037473473242398594,-0.08222155824704089,-0.0417131091852614,-0.06987533260284977,-0.050333877877049245,-0.015289732384949947,-0.02330977725681115,-0.0752440846679587,0.04943445917828292,0.05783165445881268,-0.07154641561591699,-0.011104433607088522,0.12966870204209896,-0.05254536382048465,-0.025881128376185912,-0.04274053686606238,0.007017963805356667,-0.031684775123173,-0.03661243494103125,0.019487058145158616,-0.009757901618786598,0.13097353706589973,-0.09409848949174178,0.35756103607403533,-0.02291690061379236,-0.04657832244725455,-0.04438132603927219,-0.08203424507358578,-0.040933285015048504,-0.047988195910516535,-0.03357183151780967
15,0.46859636405726995,-0.061250877099350454,-0.07602188497873863,-0.08541391447074748,-0.09874021552614243,0.04025365202599461,-0.07111013483431355,-0.10842825409143335,-0.027805413838463,0.3076124884926667,-0.059473219690230346,-0.11586028761704485,0.3244189201768982,0.0823392371839923,-0.09520175797407182,1.0,-0.07268386091508558,0.050644011565422836,0.6012129069355048,-0.014073558847360888,0.025310293211761335,-0.05734490651953741,-0.046733701021645965,0.10130595531239231,-0.09738528665364504,0.020184556808342635,0.05009506285611294,-0.02810669295831043,0.00043369013800681564,0.05199470987951876,-0.027239382519684684,-0.036170138722227296,-0.012922885946004405,-0.09645667355587109,0.15082990124808554,0.04726671461422049,-0.07655879253342943,-0.03761421554402378,-0.10141013313837804,0.3319626718903377,-0.09090180168389861,0.01651681138307429,-0.1412156243636028,-0.06881800472108121,-0.018607121176336547,-0.0927937717600099,0.12490889585828575,-0.07984310256303986,-0.011421973437179198,-0.09965473288034019,-0.07717681259515641,0.09313256198018774,-0.1083974449020359,-0.01851445492743957,0.3105175587721627,0.1143900849640761,-0.03295205783956616,0.050624449010653834,-0.04637686903328124,-0.07544303156558915,0.004668682314710161,0.03737526697404165,0.1725873852391789,-0.08389600210161016,0.0031431148195311992,0.0001537038337747394,0.2608746768778969,-0.08267223687740122,-0.07390058813570978,0.179699426300083,-0.06284466430085434,-0.052520505280189325,-0.10175867202042588,-0.06113366589826955,0.12363594622134069,0.042381296013309526,-0.08195080014044079,0.03990647488353467,-0.05835973754539974,-0.02584844811528776,-0.06231391547371396,0.39412328624642634,-0.16453983735089314,0.058200709951906834,0.0035832589355090545,-0.005641862731757869,0.4366818884242606,0.08790929503724534,0.04062614517569594,0.05017399203939822
16,-0.06963046920558143,-0.030591909353041253,-0.06305110172009958,0.1611452343893455,-0.016262539774027612,-0.03936922590476645,-0.025637717374922472,0.17899712593170536,0.30393206243027104,-0.051233914994841874,0.05919331435724928,-0.033411181528701706,-0.08073585470724795,-0.04844719691957575,0.3266008130817909,-0.07268386091508558,1.0,-0.03265521254287456,-0.08342861398206461,-0.008212717700169833,0.001274321151617578,0.026407618428334393,0.07533160417963626,-0.032717750924202274,0.1304131333157559,-0.041923252136815,-0.011186975215059356,0.1991762929452126,-0.047179589839228285,-0.044267385402656054,0.06558822072411499,-0.012619020103297672,0.024347869066168152,-0.053069838247664175,-0.06510208721389053,-0.01603907102854974,-0.057319436630179896,-0.07536109222206863,-0.04967997330308667,-0.09869741899928813,-0.036847135020532135,-0.037092308344944536,0.1946278054350531,0.2079212177481986,-0.025407876594944968,0.38505400440426635,-0.02905274710748211,0.4389044289940426,-0.015622361895876995,0.26526265374027547,-0.032380389562836925,-0.047699022820406944,-0.05160950764829719,-0.028347167580181534,-0.027724552818054443,-0.042725422897705756,0.23928280081007097,-0.06406137157751887,-0.015127998822497666,0.011880632909918894,-0.084902290812442,-0.04664147111114109,-0.057790647861321875,-0.042895031244745474,-0.014462360022157835,-0.013847778125175307,-0.026308931128531495,-0.013217667266513411,0.019955049552692294,-0.058857583755489065,-0.025403760051839322,-0.015491048075461736,-0.027130843925949846,-0.023511464794365094,-0.016878937498682654,0.16724620365045995,0.17914092290961992,0.002525705751059223,0.05628458732014536,0.0011096503917340256,0.09242202632395859,-0.08531345652687,0.17974302264230677,0.00849798292859355,-0.03657043396203792,-0.0377724969076369,-0.054059887331451235,-0.03567853319210522,-0.040423558825887634,-0.027482324214189523
17,0.0687595376273504,-0.01926077476037293,-0.09706658252397637,0.12366972696764214,0.09179732630644308,0.050187683234546684,0.12560819261031705,0.03882810189552266,0.09457393218055486,0.2744844412081108,0.08497246655247624,-0.08249016803457239,-0.016218648939529363,0.04333247411100774,-0.017521501323879914,0.050644011565422836,-0.03265521254287456,1.0,-0.019654626529791143,-0.010113122806572557,-0.05265246961112624,-0.0260151958179876,0.11755784826380683,0.17377697404421533,0.025378350448853206,0.04764509785221389,0.2743648647308004,0.2800600507887764,-0.02979696744502741,-0.009867317227446631,-0.02137636206595772,-0.02754826574174261,0.1419372110810156,0.06759146325879789,0.02480140398937226,0.07730454425935147,-0.06507026050649461,-0.0685095114179583,-0.09313966177332088,0.04215715067448528,-0.06628667714153606,0.3053309201081549,-0.10208407281301374,-0.030611014837404103,0.11212794358655392,-0.03805129873008399,0.2511993759163957,0.031337565206410775,-0.025778608999092466,-0.017792197968769123,-0.04623476448399472,-0.04164774724055586,0.026283765165811393,0.03107471592435742,0.16433710790467282,0.3244931477888878,0.0659962152836912,0.02500466940528264,-0.03388724775506208,-0.06262180996090852,0.015489174107554491,0.3203215127196811,0.033076286630576684,-0.06963638571149296,-0.014274635674133658,0.017245222913394476,0.05581090617838471,0.06947182480501929,-0.04286116842444859,0.028024821800512963,-0.044475834430597605,0.006267870426491761,-0.07928683655595282,-0.04842823961573183,-0.03875063888606345,0.008161268272345826,0.0036483962893733984,-0.031207393274066044,-0.031233056545927007,0.07701023818665588,-0.014180845573787716,-0.08490140936515786,0.0415461919333725,0.5009526557953606,0.06909503488690223,-0.05293906401931242,0.2269548188039606,-0.05669850300645285,-0.019914005056431924,0.06808400645318499
18,0.46627066536995715,-0.07025675910775779,-0.050601523808220084,-0.08240347743232959,-0.1000809722650576,-0.02331155589467956,-0.0718825734087516,-0.11590598364478225,-0.11289792304277754,0.2069604775557413,-0.0631716301084917,-0.11993691600076138,0.5684875071812812,0.05886562643133218,-0.09064105315084084,0.6012129069355048,-0.08342861398206461,-0.019654626529791143,1.0,0.011195886657511304,0.021118361595331717,-0.058190096313795944,-0.07641037554518737,-0.047944333278585646,-0.10628490988856296,-0.057149473933868516,0.005204363607397099,-0.06610027649619182,0.10259232977564198,-0.04757597840711841,-0.029927768571421917,-0.037008575150431836,-0.04927574026128026,-0.08076628176958281,0.23209924091950013,0.03474265021586729,-0.07063387977451407,0.17169478026586982,-0.09846152053532141,0.3107167692623032,-0.09228764070274398,0.06645468029265213,-0.1455308789052413,-0.07161702809796208,-0.015273271987756794,-0.09572404786443109,-0.010093818865019852,-0.09828240733574037,0.010566861565334228,-0.12502994919189228,-0.0792837002939965,0.09444875853607482,-0.12175228304533964,-0.03688379055052614,0.04023841614516423,0.02582168766654442,-0.08574713421506028,0.16415933869441401,-0.048806083280684365,-0.07838922678654746,0.23227745913857883,-0.008294047251200028,0.35824957682503134,-0.08168271582659174,0.048826582874280176,-0.030420246651880846,0.019659268758196985,-0.08141022544508522,-0.060014555828032695,0.13413881253443433,-0.063789089788583,-0.06377058467085289,-0.10463974214470505,-0.06281106109634343,0.12892992433973727,-0.046939259475602936,-0.10323827246011127,0.004106279888867034,-0.07607547540765999,-0.03558092484932097,-0.06959875549452887,0.7396789265916848,-0.15327159964529685,-0.0270479829125189,-0.06410475711916327,0.07378473690841439,0.2612211984985874,0.15602223446869679,0.019052194558116457,0.11979967075594034
19,0.022090637156572637,-0.004011908283702583,-0.0072024592651882095,-0.008185258044235836,0.009292544173898996,-0.006376753530178261,-0.0038076617564728847,-0.01116419885437232,-0.0122687303345926,-0.01602344925235121,-0.010478612826784906,-0.010878203113495475,0.012690795814456785,0.0003861953402272437,-0.009446755151123384,-0.014073558847360888,-0.008212717700169833,-0.010113122806572557,0.011195886657511304,1.0,-0.01251921861571883,-0.005576269134720023,-0.0034982723286712866,-0.01253449194352119,-0.010893869481266659,-0.005401758921283275,-0.009666254181717966,-0.0063556191223814165,-0.0029816017728211577,-0.0016937755793720853,-0.0028789178504904913,-0.0034527037167298297,-0.006650910885251187,-0.009969205406423823,-0.0057940602534525595,-0.002925212860204024,-0.0077793308879533915,0.06763379344155541,-0.00996572879250124,-0.015490655748402183,-0.00728327438255793,-0.007378202497045674,-0.012629427322405377,-0.006345344086770632,0.032580316484721934,-0.009153310503708554,-0.0065327676963651314,-0.011105633549053886,-0.00026081817918502696,-0.01517291448040441,-0.007917901941793872,-0.00917111535919517,-0.012505832767726507,-0.007576491343893224,-0.00713342303615644,-0.008163982685717181,-0.010383481628074181,-0.009308853340948157,-0.00365052075400664,-0.00729737656918626,0.06489425656187833,-0.0081101210791333,0.016371622904815995,0.0010306807448182246,-0.001975024520694122,-0.0031145928821797054,-0.012892296872027413,-0.008346799003027356,-0.0011797388542026837,-0.011603822812773081,-0.0029949881850862507,0.03582918317587892,-0.009476634455017393,-0.005556868974066664,-0.008340046887073746,-0.004283348803764237,-0.010554018344806869,0.0038771772967672157,-0.006929996567484612,-0.002083484846214513,-0.006309678801251503,-0.0037881303388489435,-0.009781098763045455,-0.007988531280677499,0.01889415959860275,-0.0027465207746913117,-0.002726410741751201,0.0028772026250451664,-0.006221179909714809,-0.008192284290162664
20,-0.07135838894398464,-0.04001522772666348,-0.014378102976501012,-0.08166006707672632,-0.11679641347287628,-0.05815056701298482,-0.08075689694249832,-0.08142976822430487,0.12186093399140724,0.11145606652635663,0.03414545503778695,0.2688317891769093,0.22568723703419022,-0.050686349944698714,-0.07502799946806428,0.025310293211761335,0.001274321151617578,-0.05265246961112624,0.021118361595331717,-0.01251921861571883,1.0,-0.045544524831925184,-0.07956452073344628,0.309897949985368,-0.0407189025840259,-0.08280208571218575,-0.07926806895219701,-0.08271191401788187,-0.06568542170099395,-0.056644692576337405,-0.01968886299294261,-0.0265282685512249,-0.029172357824571404,-0.09797086796043478,0.387941523377686,0.004294889339822966,0.13338987714148276,-0.06817816880706154,0.06144081536499856,-0.01624445268396802,0.06822563530616697,-0.1025124135099419,0.0009946331107843235,-0.033484576661314075,-0.05602234413028735,-0.01906384208942068,-0.06829585737861253,-0.06141805539482361,-0.025620831812122026,0.13807155567995177,-0.05217720246440774,-0.06377492357795415,-0.10342228265672615,0.3831002973818474,0.05632031056837133,-0.07313722185843216,0.04257521661956368,0.2887340974508972,0.007429897072624457,0.024287316389467517,-0.111593024403387,-0.09206474630430755,0.13093465583001365,0.10151582396121776,-0.012148400359629951,-0.03230907952042176,0.16634237198086324,-0.06665921733734938,-0.05699394536164447,-0.07118111088281445,-0.043812235114924214,-0.05782206670964615,0.055900855648194414,-0.02879178498893572,0.05561422797471273,-0.04454990780875273,0.13940078548460288,0.06484360316454979,0.13518522584863035,-0.037107193114589015,-0.05857045889307504,0.032879401116620105,-0.10133411483651966,-0.0649591866384197,-0.07815739887778236,0.050042031700752415,0.08816709880552961,0.0725434561136737,-0.029177218602593223,-0.033883862114406194
