,0,1,2,3,4,5,6,7,8,9,10,11,12,13,14,15,16,17,18,19,20,21,22,23,24,25,26,27,28,29,30,31,32,33,34,35,36,37,38,39,40,41,42,43,44,45,46,47,48,49,50,51,52,53,54,55,56,57,58,59,60,61,62,63,64,65,66,67,68,69,70,71,72,73,74,75,76,77,78,79,80,81,82,83,84,85,86,87,88,89,90
0,1.0,-0.12311825027231246,-0.07691943965810222,-0.013292650993162349,0.07588760085767915,0.09579089729219105,0.049219645708988013,-0.02983210033701915,-0.1097549312974459,0.15703145155686157,-0.04155113155350573,-0.05696268175560852,0.2579232208897144,0.08026485308503081,-0.04804761191545796,0.47573703010131313,-0.10198384315458564,0.05306138842596382,0.43987966898874287,0.021430927638320354,-0.07096700764869848,-0.047085036693482574,0.04272442896108576,-0.08483390181476837,-0.08169762727736765,0.0464031006397387,0.10965472593506168,-0.1441822369618007,0.025754233506592745,0.02325210007274655,-0.031861262682884986,-0.04191573438551262,-0.02505119638717509,0.2947359608591784,0.043230833600368085,0.07898941531899409,-0.10288520397470008,0.2323367754796288,-0.13377366240986327,0.15352792503739915,-0.10955201960569812,0.2385848205229854,-0.16412606859345844,-0.08338377950813106,0.13369445543411307,-0.06142608102594191,-0.0033964867732366555,-0.09397241068867421,0.01980549590141531,-0.10330428692988522,-0.08410303268737193,0.3283140088965105,-0.044239090045441874,-0.05347614529655745,0.053116321239275885,0.16426168061012453,0.12824357378409837,0.007403398131636044,-0.05274393212164858,-0.09162520329137963,0.42509055483110586,0.15138239973606019,0.12210038199391159,-0.09248114585659031,0.014228323991569272,0.05563116499372358,-0.062288355498039,-0.0922106844788092,-0.03460566793375104,0.1752916435521988,-0.06540968196971098,-0.001103673046422461,-0.05480537532370458,-0.07272214195919302,0.0321262428767282,-0.005115161999372648,-0.12069881996654394,-0.010623002456749122,-0.07688329915291253,0.03137346403189189,-0.061297028858840454,0.019214308057053608,-0.03492382906482454,0.10398579215469655,0.09155250148433161,0.022170983774423347,0.197955155136105,0.08196383248326025,0.0023535463860850014,0.16578896668177023,0.008552022969711515
1,-0.12311825027231246,1.0,0.2021759122663685,-0.05065655318976709,-0.07862083013812793,-0.05724859029039084,-0.054653111942524674,-0.06880243059383204,-0.009541625723961505,-0.10864419558294078,-0.08406849655483403,0.0869109364690858,-0.09337677334978453,-0.06906806850510666,-0.05210454868123087,-0.10306717235425883,0.006589502571803923,-0.03432352638869498,-0.09954975855359235,-0.009402610371033859,0.0551202249537553,-0.03045712606455691,-0.0650339426461092,0.005361772015127981,-0.02948011987043543,-0.05681066752744403,-0.06390019188114815,0.3954098469001971,-0.06763713226833168,-0.023123619081235294,0.003723317610920227,0.03444796187844443,-0.00033191084522250953,-0.05628567877884037,-0.0732732800692335,-0.05507618606498904,0.049453162924393265,-0.08151958582568258,0.16528172315408302,-0.11563907939759299,0.40146369412659,-0.10289390494730905,0.3100253716890994,0.001641534968545317,-0.040526511577704566,-0.06184392572993845,-0.029457233896597407,-0.01120907597703722,-0.01345023608568743,-0.016879476726649176,0.15654883295160288,-0.10104729409868429,-0.049400778969603584,0.07596466923797807,-0.04795659088032897,-0.06180315981246958,-0.0510502989117925,-0.06507235451940963,0.02292376645578137,0.5393965492813272,-0.10020515074315911,-0.06893950573124208,-0.05919707128598158,0.06218691122462966,-0.014376807907220809,-0.07760272973285126,-0.05682268474377494,-0.04697633477890968,-0.039156091215414905,-0.12484963344173758,0.02235757765960037,-0.03918200134418104,-0.008620246842087335,0.10232432715381953,-0.001642016663174234,-0.020431621495372483,0.05405198934025254,-0.02158374318306159,0.04026312994592287,-0.02373390530292027,-0.036970742764215934,-0.06015770146016616,0.013359420124431611,-0.05467247745366152,-0.029289099143732112,-0.040909980647778524,-0.0719234703242846,-0.03410778827026888,-0.05179019464129442,-0.11085149735846564,-0.0707712981763018
2,-0.07691943965810222,0.2021759122663685,1.0,-0.017877091472653952,-0.04859930408455587,-0.042896576025127364,-0.0341179355614947,-0.05924663992133635,-0.050583622696051225,-0.07774185670904435,-0.053584911566717804,0.004689478592539749,-0.06250061930676143,-0.06375616970771363,-0.04357480710222411,-0.067732475594289,-0.041467882319650165,-0.020489687799256213,-0.07012357735789018,-0.004437794729556692,-0.037561525343292004,-0.02618776173200034,-0.024272580742722483,-0.057374254710593216,-0.014533529987372982,-0.04502230903773055,-0.002190222928051651,-0.008608758148247046,-0.05441103456101196,-0.0504132655776629,0.0019317905745996435,0.07132022846733987,-0.014042964045990775,-0.030865251322407024,-0.043231728320034996,-0.03946373466682705,0.14222065357124222,-0.06354345541314009,0.17958572249470667,-0.07262747366701677,0.018830921323316537,-0.06133308524848473,0.3305591317739218,-0.0268451850324283,0.012295801618267457,-0.03690020183420459,-0.023963151560368663,-0.03165203205914725,-0.01696819309810414,-0.06294797784104715,0.4865905131999496,-0.06593978694445601,-0.03887957258574173,-0.01159140432203841,-0.03884549474943713,-0.04357102991705793,-0.03846085488088276,-0.04143091556277402,-0.0411514920045227,0.044692699285119604,-0.06538788289413541,-0.03148675636112919,-0.053946022631813986,0.11972677705397433,-0.013821242541665137,-0.038725617806562224,-0.05788598477291543,-0.03827396407167723,-0.03146555023037832,-0.090257530153249,0.2258417974945269,-0.017927321484652946,-0.03076102324586407,0.14397015679664754,-0.030812644318550093,-0.019766409164688817,-0.034044726366768994,-0.035229574397548445,-0.026181557036766702,-0.00391181795769897,-0.03056933466971624,-0.04611794967100526,0.023283373390140798,-0.02994765123674631,-0.02228653322117457,-0.029738015778609517,-0.04866509825848763,-0.028917289272978097,-0.04203857755657407,-0.0736551530294145,-0.05433620268830355
3,-0.013292650993162349,-0.05065655318976709,-0.017877091472653952,1.0,0.12722548103496253,0.02228101540329884,0.09408181397632909,0.23153309763732127,0.12226238854889906,-0.046978287529724,0.14067224406944512,-0.02170286010498334,-0.09989130955307735,-0.03879367859633755,0.14085275405910536,-0.08463177650774636,0.006177814282015887,-0.011305802794790574,-0.08622908672758017,-0.00799854968784104,-0.07924663648590988,0.31127637885868986,0.14637638210358758,-0.0430809242714148,0.07003104419073528,-0.020192425440996715,-0.06483760307486014,-0.05860390453417019,-0.027718386859382653,-0.013426704491268178,0.04033046564643183,-0.00901946709381091,0.015657932547312483,0.021546472178084412,-0.07628925641561342,-0.044535832246239984,-0.06939333071835266,-0.05248405257115896,-0.06626346881520498,-0.0664962520452175,-0.04994454850896814,0.12064319304327326,-0.0016020676997448493,0.1101713202340989,0.018821121018710144,0.12346579920501669,-0.005478674468625256,0.10626578402127873,-0.020642836374178984,0.0536989847431635,-0.028778720091787974,-0.09344022746481301,0.10007878283498509,-0.03291312818873186,-0.035720703165318196,0.058923266498430965,0.045574124436433515,-0.03900781534076307,-0.02835941079918644,-0.035741669529137834,-0.07163794496480601,0.04929859462617146,-0.07194412010181467,-0.05265045909740638,-0.011815112334765962,0.10497656413086927,-0.0627359839899519,0.45540942223179254,0.2663318299190409,0.15540821196208307,-0.02631626982183765,0.10009642023551375,0.1839918979371687,-0.02699233250537353,-0.03805404509550668,0.020888706398981927,0.0049301613367784035,-0.03574271953339169,-0.011351360875404611,0.006025332048156163,0.0701982544924948,0.1302294459348429,0.35685072375230864,0.09902786822811574,0.04713282248293203,-0.03854490414903742,-0.020943462491723346,-0.04318291289304384,-0.031062125571832907,0.012620176995411568,0.11540739006012946
4,0.07588760085767915,-0.07862083013812793,-0.04859930408455587,0.12722548103496253,1.0,0.012454607429680086,0.8144511445606042,0.21935585198151816,-0.04710758541307776,-0.048492340841485626,-0.006046526705920801,-0.03730225575277937,-0.13820182425304745,0.17155917400102158,0.08207568073724578,-0.09566510292660957,-0.059961287561327514,0.04828231165683625,-0.10923431371877002,0.004897063798626267,-0.11683368857290885,0.06510611232170674,0.4858930816631235,-0.09279453490704843,-0.04443087750053653,0.24036374364086377,-0.0955405890093178,-0.09078490650935794,-0.0022793459059550743,0.18980346532431586,-0.017724036966170063,-0.025484087375324496,-0.035316133287743884,0.127913578002679,-0.10854000527297848,-0.019040916443472077,-0.08831307665009364,0.11447038668442912,-0.09523827417162872,-0.014093276244106865,-0.07040738368801072,0.37711861849006334,-0.08924532853829342,-0.04207778651636416,0.3244687050898355,-0.0075019551794072315,0.006529832843550011,0.06120754165395855,-0.02650728647312766,0.014000218742651782,-0.037698477800904115,-0.12531245372039726,0.1766496453904306,-0.04239189988016508,-0.07050230515552286,0.0431626535872964,-0.03187926447669184,-0.09804937841124198,-0.019543364007431844,-0.05814527744529735,0.11704500666970208,0.37533816148645854,-0.09195845432164725,-0.07044509850037763,-0.010618121846052025,0.12777222973310914,-0.09121019536641797,0.10065845328172571,0.3341231032247639,0.13035207505911434,-0.05106863210083927,0.44495543628540424,0.05700407714308314,-0.04637958831185433,-0.06284828407989929,-0.028118423073968408,-0.07147298352948615,-0.04247143556539459,-0.04793874974225762,0.18601583547063882,0.11356576275149949,0.06879251460700599,0.19717442909810598,0.06283538703067833,0.16149286189145506,-0.041366340003626156,-0.06901870317162025,-0.060654991828867036,-0.03886893088869776,0.14460830839520486,0.45075392244486423
5,0.09579089729219105,-0.05724859029039084,-0.042896576025127364,0.02228101540329884,0.012454607429680086,1.0,-0.028142686708981724,-0.06688958076876367,-0.01910156638461817,0.033707460507592796,-0.06367778242271571,-0.027035435812365533,-0.04785687135106499,0.04558948319716116,-0.049573101247701555,0.04688880669210632,-0.04171658475448811,0.07350293774015092,-0.021904251621489835,-0.005412560512299935,-0.057963342627606426,-0.031227679787542366,0.04089506793592154,0.030049969399407427,-0.059045125422772154,0.10921125636391948,-0.047805574576649974,-0.06699828894343424,0.2574077127239966,0.06940211974115254,-0.01606550511051619,-0.01995193936581173,-0.01879356021040449,0.016156686566343337,-0.04568769553190552,0.16702211407204198,-0.07090019052686994,0.02711373556870739,-0.06893539703981236,0.05686297727858653,-0.051029785741651096,0.075001684944849,-0.0812836831125808,-0.045570565517154535,0.13242816675320987,-0.05765173733772811,0.07096145480733847,-0.05194969430242234,0.059107949973684654,-0.0715575872492647,-0.04163290722952795,-0.054896744882657875,-0.047287343769052,-0.027198668226056145,0.1481138066240184,0.28481918212966073,0.2461684932929654,-0.056381539227044086,-0.04700791853781025,-0.04061896220056818,0.06898584912542281,0.07921998190436813,-0.03107201150012355,-0.05602828772820896,0.005877344095580009,0.05141212951453601,0.03659137028719263,-0.047775875470533205,-0.032069261515954586,0.010261539964792886,-0.0350072982507106,-0.010329180447840251,-0.038896674415871094,-0.03461827149126975,-0.008448467744977189,0.10437109258708699,-0.054117704945368786,-0.0020319887285143575,-0.038503580688664205,0.06905688006706602,-0.029077055229800773,0.13987122915368327,-0.09052637807916349,0.19282828832071425,0.07795207227234266,-0.0463366165509016,0.25365308829836447,-0.032410663149476326,0.25139726029846354,0.2457588199264299,-0.03338486208683808
6,0.049219645708988013,-0.054653111942524674,-0.0341179355614947,0.09408181397632909,0.8144511445606042,-0.028142686708981724,1.0,0.25489594110334396,-0.04264300998657565,-0.032357824662240534,0.02398389378414378,-0.025939395005727776,-0.09879870772952268,-0.028478435969057008,0.08502454796400796,-0.0666244234124427,-0.04822777611845097,0.04610792109910043,-0.07978232313331417,-0.0038777780163271047,-0.08102986065528525,0.022274971164041982,0.31113191537643137,-0.06604645391225566,-0.03086683893477247,0.10053716739232406,-0.06446314005264797,-0.06267587806600809,-0.03926395748240019,-0.01304580008975757,-0.013599066099971545,-0.01812883973469262,-0.01112139701137073,0.13415539451011604,-0.07887149946557155,-0.031320508006844806,-0.06209415269659267,-0.06723165757553538,-0.06583901502421824,-0.04368434388455399,-0.048671692998352334,0.3015613012226863,-0.06223611001715161,-0.04037938660407693,0.10441778156042324,-0.013696604187791388,-0.01475242083457649,0.11472342988308618,-0.020902384740779247,0.06018957459681682,-0.01591926271246856,-0.0866697562523569,0.20381537634746993,-0.02843215590433358,-0.0511949023491854,0.01572331126538603,-0.026698029523239533,-0.07157331167356659,0.004050229106017954,-0.040706481941488085,-0.030989754320364937,0.23064135796359944,-0.06601291027135331,-0.051960692375653136,-0.012234916208632155,0.1272540197281878,-0.06993495367683611,0.09058625890914684,0.3406529974094522,0.07640429909168828,-0.03836373493433652,0.22751023000506973,0.029480208152307688,-0.03174989234414835,-0.047156663901948184,-0.028236555439849383,-0.04755568903302597,-0.035794514690684225,-0.034258977423416444,0.08036567770546059,0.1004130481836423,0.04884774625748893,0.1965250596085228,0.08394602784784638,0.08570803990508491,-0.03691378712949818,-0.04792993923429288,-0.04231991242323256,-0.03664902144475024,0.037591230555439184,0.49162443112113563
7,-0.02983210033701915,-0.06880243059383204,-0.05924663992133635,0.23153309763732127,0.21935585198151816,-0.06688958076876367,0.25489594110334396,1.0,0.06796032694562178,-0.02430007683205864,0.1632263776639052,-0.024795496217095682,-0.11835380344801394,-0.07535918467377586,0.38341523701277586,-0.11202310426832536,0.05317594878623396,-0.02771875529205916,-0.1186836657005865,-0.01132898122805263,-0.08829892001081663,0.18338715323349863,0.18139275512291386,-0.06413182930860792,0.15351428106026954,-0.048868850496422436,-0.07064863947791059,-0.07178394712712532,-0.050353109328634495,-0.06869109943014375,0.043848059544522144,-0.008070201708124159,0.04191116972409781,0.009343134480700383,-0.09378498595603826,-0.060976351764782236,-0.08816246833713422,-0.06338818061900992,-0.08786282225657559,-0.1057412246006652,-0.0639123307518193,0.20326599336988785,0.070565153224351,0.18256500317447527,-0.05169213301247813,0.1613846627787281,-0.026264459653707578,0.3273657154166193,-0.027103330450507564,0.5360440430355142,-0.02811999140792219,-0.09909807269071462,0.02264656805098493,-0.042769681060855796,-0.05797164321780515,-0.0713343997571964,-0.04771007079837642,-0.055206428391195925,0.02286299014872136,-0.04815421865670228,-0.11162034107518588,-0.023566862997473438,-0.08630434525488032,-0.06339038407219627,-0.01708980096546711,0.03976393593260644,-0.05371674053043181,0.1887486783785547,0.2172688151330968,0.18793884019129736,-0.04143717120412798,0.0659272761172533,0.3467413001829944,-0.02291799748875989,-0.042255560968635385,0.01464069741200083,0.004801563755385753,-0.03859693746319948,-0.009957729226004231,0.0003106016654879232,0.17589827878268818,0.128041113153325,0.5862989843840062,-0.007970637368095577,-0.047739207914945625,-0.04269442590568889,-0.08892588292351301,-0.051077005379235166,-0.05990295320029381,0.02410491570745719,0.15368154879883894
8,-0.1097549312974459,-0.009541625723961505,-0.050583622696051225,0.12226238854889906,-0.04710758541307776,-0.01910156638461817,-0.04264300998657565,0.06796032694562178,1.0,0.00437414601966079,0.06248249943927758,-0.003086627728853759,-0.06589321461779349,0.06030868701871808,0.11441991481606972,-0.03207745517333335,0.4575868684685872,-0.01722015104190938,-0.10796340243585043,-0.012159814562612108,0.10882573802137069,0.0050118447439773004,0.11048210011781705,0.16602311128055636,0.08028472510166575,-0.016132311507331135,-0.06533407845781736,0.07763408113129364,-0.045328218067979875,0.08435718527282804,0.01998055533891878,-0.014261672398559137,0.3125764331632969,-0.05324107594918007,-0.023524961325901636,-0.07076395709963267,-0.07203237653510805,-0.10223207106796657,-0.08255012413558441,-0.0906876599007871,-0.04822198441682971,-0.07838923256607619,0.045855344593723986,0.3071873157186063,-0.04689718025113247,-0.022661774516511256,0.00025147837814954214,0.19493543793298979,-0.02114041090693407,0.32271343169913663,-0.049121200535089955,-0.10033478733903976,-0.01883718692856567,0.006237302165274535,0.03791632824247201,-0.03082638592621463,-0.015275160240103166,-0.06268122745676863,0.1215550581138219,0.14479110625256641,-0.12678715580983813,-0.04714215859086011,-0.026231086218200653,-0.04343842798678669,-0.021609151155571382,0.10212085404025964,0.15692218979071476,0.17641858048700015,2.772821402193806e-05,0.0026029703049053436,-0.047485860584408124,-0.019868818335508777,0.14311871846001034,-0.024699326183174795,0.004739637201100235,0.049409515660862324,0.5877683512818921,0.015277370016421156,0.5114103304923138,-0.013938538152209395,0.05641811179401739,0.16405148956532045,0.007667843501379492,0.042921789955438605,-7.097386506174771e-05,-0.029111400164743492,0.03805394908232138,-0.03576247812827578,-0.030042534231238198,-0.032868516307102955,-0.05396568833719477
9,0.15703145155686157,-0.10864419558294078,-0.07774185670904435,-0.046978287529724,-0.048492340841485626,0.033707460507592796,-0.032357824662240534,-0.02430007683205864,0.00437414601966079,1.0,0.07646442999367795,-0.04358140210409488,0.33729066970619714,0.03879932163429782,-0.04638332669576652,0.3297751669532057,-0.048271587986217696,0.026882960031235165,0.21969795835640565,-0.014447244790878099,0.10799780810334814,-0.058580083559948,0.003926631699125081,0.2634295900789432,-0.022194717424817812,0.016625705827969767,0.15303330805309287,-0.12153506735734788,-0.05009605447285125,-0.03363400057047039,-0.027752086076461187,-0.0389317603342536,0.049833955078172884,0.11131063805811467,0.3332780217355593,-0.06444239060830836,-0.08402668634087375,-0.04046278836125053,-0.10763118545713048,0.1519191669812601,-0.09307049955390587,0.09978430924055808,-0.13989005051670977,-0.0611439319117921,-0.01941247582690167,0.02739014585372799,-0.021226755004239876,-0.022198247376951998,-0.01766160775556661,-0.008789121176322898,-0.07148412861087403,0.1416803183079441,-0.042950727424257415,0.08837482605334486,0.42975546145093,0.320832277185674,0.06525693842477237,0.13320685950920952,0.07294711646466129,-0.08040331837122168,-0.02257908812747803,0.1649126715825296,0.23508673919565987,-0.08120179314204903,-0.017407611024276168,0.27715684708118193,0.06549418228050383,-0.09088946118617126,-0.06584127173894401,0.22457264021190898,-0.07307313605996922,-0.03217845656003838,-0.06752896758287852,-0.06286845325109874,0.04427578183986212,-0.009606744967575673,-0.08173452163217826,0.006538310342700172,-0.05438015427672109,0.015217438770340163,-0.05588633158802906,0.09329922608099464,-0.04101903020304238,0.3088365758316831,-0.031563923121067775,-0.009120487205075646,0.4308179946403986,0.02848778887707891,-0.0022797346815315762,0.014279489809439185,-0.050496250311917394
10,-0.04155113155350573,-0.08406849655483403,-0.053584911566717804,0.14067224406944512,-0.006046526705920801,-0.06367778242271571,0.02398389378414378,0.1632263776639052,0.06248249943927758,0.07646442999367795,1.0,0.09467065052814325,-0.08774450286877558,-0.06925989949539062,0.036208385772343706,-0.06891057426956332,0.004171631309919244,-0.02039675478681977,-0.0820668756768185,-0.010476513733694712,0.03392927892428257,-0.011816545692935589,0.025755251305684165,-0.049413175632572644,0.24597615093967382,-0.02545966449819193,0.18903887332304156,-0.05766815942795342,-0.06030071206707387,-0.06857559619738475,0.03689733531624879,-0.025352683954606808,0.10199199954297952,0.03592884829612662,-0.050241985108326725,0.03509197281349029,-0.08769640372541798,-0.00032942319040159566,-0.10444360620900547,0.13711167307671177,-0.06147309365806762,0.09553903282385756,-0.018396518105977738,0.06502395102951841,-0.05123700178371904,0.34610355107961877,-0.017417665200949742,0.10962134015090581,-0.023512615333483484,0.11987819560314071,-0.04616086999356504,0.03318736555709094,0.06013758578717944,-0.030883206352234155,-0.05207069336391677,-0.03340069507253664,-0.05752588664274767,0.2573991046401396,0.11136863941314548,-0.05736658673715392,-0.08689773323057126,0.059853521776250335,-0.07111065583003806,0.08494632124649859,0.004880192583513902,0.08941750842980803,-0.018014969132631502,0.04117912588766568,0.00763447103756432,0.21941899932259215,-0.061567585330418194,-0.02180354837120522,0.001437296533261446,0.03348155272494083,-0.046240253563916534,-0.007937325046556296,0.003626186700848972,-0.004198404311660604,0.043251699479962664,-0.01694278376752754,0.033730260269574854,0.10457845481585717,0.340566813070348,0.00951616400466123,-0.06863971977835165,0.0331081125545645,-0.06023230025627678,-0.024746315648468055,-0.04926109017824357,-0.0418262337726417,0.10417703586023758
11,-0.05696268175560852,0.0869109364690858,0.004689478592539749,-0.02170286010498334,-0.03730225575277937,-0.027035435812365533,-0.025939395005727776,-0.024795496217095682,-0.003086627728853759,-0.04358140210409488,0.09467065052814325,1.0,-0.042793776479856764,-0.036745858878606416,-0.02421335095488772,-0.04683575861339298,0.020246792278387972,-0.015996913314613777,-0.046549719897650624,-0.0037000338343290934,0.007359284278030413,-0.013891532062772587,-0.02719094689626331,0.0037202966444547514,-0.008258617200324588,-0.02452771572151581,-0.017926380092819518,0.11941030545676265,-0.031408500892728175,-0.028519831393213454,0.009162614566250048,0.05417678473593476,-0.011675448185984432,-0.02574022123303115,-0.031319636711854115,-0.019538518420166684,-0.020272643968508818,-0.02991483023128062,-0.0035878870968286667,-0.0456490072930677,0.16816783920420286,-0.02973925100059366,0.15334880726631175,-0.01187185285566033,-0.018640144570730773,0.005110099108284935,-0.012570914822004276,-0.00796419171076283,-0.009361057702934385,0.007463768323815126,0.06461165613910824,-0.04104678146740945,-0.021374632879700473,-0.0014210668417583613,-0.02520090053977027,-0.02796612915397368,-0.02422132614945486,-0.010578474559774283,-0.0023146481540399634,0.05854905899660534,-0.04814919844155156,-0.028151480799808806,-0.025334210054358854,0.1624295465664748,0.010094251179016541,-0.03236892618284791,-0.013544938655042967,-0.017577451641391826,-0.016651435084748385,-0.055910180686833774,-0.009355616501443204,-0.018694303324650396,-0.009733979212726476,0.46164307440296726,-0.014253109578566264,-0.01105268036546347,0.033053612348277944,-0.008728511078440328,0.03617289409008123,-0.013249921091545682,-0.008130017062809615,-0.02791570749888265,0.010555891183989386,-0.02503009562087117,-0.022537204477090372,-0.007920866229483351,-0.0339293352271735,-0.017269352609672484,-0.02384132964972689,-0.042771151133381244,-0.027806979718324146
12,0.2579232208897144,-0.09337677334978453,-0.06250061930676143,-0.09989130955307735,-0.13820182425304745,-0.04785687135106499,-0.09879870772952268,-0.11835380344801394,-0.06589321461779349,0.33729066970619714,-0.08774450286877558,-0.042793776479856764,1.0,0.11817242779551598,-0.09634921048218986,0.3182025457516945,-0.07534562452698317,-0.010560354345779278,0.575417446061411,0.012127187487994646,0.22818673293359076,-0.056540263166212607,-0.11258167671392315,0.07900947169655616,-0.10465518766689096,-0.08419388555770926,0.13719401051100333,-0.0997134474846275,0.005203480170605139,-0.04538052537771044,-0.028915780863488904,-0.03582958053126305,-0.042866658409951505,-0.08371565024719974,0.5339679245906197,-0.07091697974488151,-0.010326147297922968,0.11864043181115985,-0.055476504954881434,0.05621742965734077,-0.0778140939320641,-0.16995426308270462,-0.13076844813143665,-0.08122261194577438,-0.06827339337696303,-0.10376186641196514,-0.03969817648621764,-0.11504424771533744,0.01202684570008361,-0.09262566131851223,-0.06947430198735272,0.4448299777662448,-0.08742813906397111,0.05980789944686529,0.06589801651589498,-0.06367621866361828,-0.06976023717789329,0.3021128172270341,-0.01855291117804999,-0.07523993526688715,0.12907278370048586,-0.07019400160960168,0.6807138888129958,-0.052530707312323593,0.003063364405518575,-0.019386284184065572,0.19399716583116416,-0.09469469089357352,-0.057727000308693245,-0.023866538231769936,-0.05575933502331156,-0.06673733016867808,-0.07050322967446729,-0.058153531882855256,0.09088305606651577,-0.03805355560714596,-0.09468010156520387,0.031016411550861996,-0.06778419798171234,-0.04422422237463949,-0.07137454370126052,-0.0752756577983319,-0.1610564077124027,-0.07970813127371648,-0.08035791064203698,0.07842472834629355,0.35735453353340274,0.09933431450611989,0.04656102316525865,0.15787783069639916,-0.12781526296994666
13,0.08026485308503081,-0.06906806850510666,-0.06375616970771363,-0.03879367859633755,0.17155917400102158,0.04558948319716116,-0.028478435969057008,-0.07535918467377586,0.06030868701871808,0.03879932163429782,-0.06925989949539062,-0.036745858878606416,0.11817242779551598,1.0,-0.07410874833014668,0.08921139764199745,0.04109928334997419,0.05392411440251278,0.06257617854630586,0.0005133765455492875,-0.04884426698256397,-0.04778700547068268,-0.026775291879946865,0.07633378784143402,-0.0771066254923633,0.16398106658428813,-0.06263400584515993,-0.07434670413261397,-0.01873815941561678,0.7949506721003814,-0.012973839862651,-0.02994888399897726,0.0635064718299148,-0.01686051059746676,0.06395143656961041,-0.034951139588739105,-0.0729245375293537,0.5592576907768207,-0.10399495635394261,0.04166729911148147,-0.07024041464399886,-0.06117495367395519,-0.1068729200999835,-0.03801513328941819,0.017407484131586597,-0.08120099588642404,0.05719297688196273,-0.022279995134499686,-0.017393297016784277,-0.09318948461870322,-0.06357313005255266,0.044786135717308634,-0.05693075897458964,-0.037437731505475094,0.204663495938208,-0.010479746088659122,0.02694090176066398,0.019090075297420663,-0.04931248981932003,-0.039893424106559605,0.23754116458809008,0.029487461078969466,0.11184564539105737,-0.0739297051606824,-0.005244143287065441,0.03733925279109337,0.2552685590292343,-0.0738628336944837,-0.03618788031907563,0.07995430050178216,-0.0532263597153819,0.020113669673267408,-0.05487579981735573,-0.05110523853276838,-0.011954227824655612,0.05068009151134675,-0.018041564640108504,0.11918865320386535,-0.039192668613723856,-0.01007132409759379,-0.021693687953279066,-0.0010608250773358999,-0.07532640833664606,-0.003696533664519765,0.09367142720595929,0.025290131609530697,0.14379135105322297,-0.010871497418415914,0.04856585716031323,0.19210833658731913,-0.03822574705401538
14,-0.04804761191545796,-0.05210454868123087,-0.04357480710222411,0.14085275405910536,0.08207568073724578,-0.049573101247701555,0.08502454796400796,0.38341523701277586,0.11441991481606972,-0.04638332669576652,0.036208385772343706,-0.02421335095488772,-0.09634921048218986,-0.07410874833014668,1.0,-0.09648112390944558,-0.014706928525025476,-0.019728883874429705,-0.09108487645500704,-0.009368034367057673,-0.07376876561330376,0.1575042668091566,0.24131875227608252,-0.06533777150324749,0.10148481835023213,-0.04500820929130337,-0.06500039005438987,-0.05848215863274497,-0.05009135018469589,-0.06047252933941334,-0.01182042338079152,-0.01090683682103738,0.0398386029741975,0.004312842386546521,-0.0748436906822337,-0.05357910132279363,-0.06631606888564723,-0.046593810000279776,-0.06327587897194425,-0.11004881200747985,-0.04663714309923465,0.05077104043926267,0.03569247843832177,0.27900821726255237,-0.04008401438314796,0.0881187694524404,-0.023125654569483352,0.0981781459336939,-0.020901444281190035,0.25838655403551825,-0.02613461083765617,-0.0953965831226043,0.04707270636286362,-0.027322551398466656,-0.05285525759569313,-0.05472755010987958,-0.03875821707983154,-0.06352944565702563,0.021343317403454295,-0.038066450205946775,-0.08472754583371173,-0.051246732518508156,-0.06981472384480339,-0.050744437155403,-0.015283608671762787,-0.015174110503520336,-0.07539018679977573,0.188451539404868,0.04590085569018185,0.009951913237300335,-0.03103363656329265,0.13115742960863114,0.3809213650472848,-0.02616786655345197,-0.04254428750881424,0.01870219616738692,-0.03115606372896637,-0.03426116832810723,0.01962621649608142,-0.002405261561265761,0.1336407763242949,0.14818069703242837,0.37647322958724083,-0.019689880674811255,-0.04659044390859399,-0.04150691290225704,-0.07413946948396095,-0.04113758633497737,-0.04814592778468457,-0.03650479735232176,0.07447072397089324
15,0.47573703010131313,-0.10306717235425883,-0.067732475594289,-0.08463177650774636,-0.09566510292660957,0.04688880669210632,-0.0666244234124427,-0.11202310426832536,-0.03207745517333335,0.3297751669532057,-0.06891057426956332,-0.04683575861339298,0.3182025457516945,0.08921139764199745,-0.09648112390944558,1.0,-0.03446404540982957,0.04656542432096795,0.6021555995421526,-0.014261905211984165,0.01843219349001406,-0.05829461457621446,-0.06112421038481534,0.1308878635239648,-0.10320438064931844,0.027837381670417508,0.11413544765657431,-0.12013290676021979,0.00015986116404444217,0.05073425711088786,-0.02791252266645105,-0.03687153440789098,-0.016369198830477452,0.06423912714924586,0.13901129317297628,0.10761910535400229,-0.08258443015794772,-0.03485625675084246,-0.10611434587703114,0.3617252816419425,-0.09230162575239753,-0.0157838957964404,-0.14535491344480833,-0.07844680147891744,-0.01787407674410147,-0.09854717134116117,0.0009778582143198174,-0.08822537556730853,-0.010220007703892383,-0.10210204624376623,-0.07525696072300841,0.3871921473133597,-0.0867270926406174,-0.016746076577143,0.2777156211021017,0.12048744900889713,0.12592570108755513,0.04188106228826413,-0.03602044852108926,-0.07735139821133734,0.018464519739950547,0.04856086580620467,0.1657123803824752,-0.08550750301933613,0.004520087468753858,0.03518861830277437,0.2602473863419077,-0.09559436157340748,-0.0702092386891588,0.15246981037290702,-0.06300487810549782,-0.05551965428042123,-0.07406680234672414,-0.06231864067811352,0.12086968516103416,0.042351327239983944,-0.08348130306203791,0.03859902107600266,-0.060089857895060245,-0.02472787367331376,-0.06255663437680234,-0.035085577531008466,-0.17433381167675588,0.06231921439029474,0.009810390091458492,-0.01115995657393581,0.42049076707613886,0.08885090142516433,0.041931136313075004,0.05748822078162587,-0.09915274518010647
16,-0.10198384315458564,0.006589502571803923,-0.041467882319650165,0.006177814282015887,-0.059961287561327514,-0.04171658475448811,-0.04822777611845097,0.05317594878623396,0.4575868684685872,-0.048271587986217696,0.004171631309919244,0.020246792278387972,-0.07534562452698317,0.04109928334997419,-0.014706928525025476,-0.03446404540982957,1.0,-0.022180777680674408,-0.07825770944843108,-0.010769759994716521,0.04686137907653914,-0.02740883062471392,0.02513830878121246,0.27853716352315144,0.06607869521431116,-0.028851139205280683,-0.06519274155819073,0.24844620620997532,-0.04648002894172101,0.010779861962238275,0.07789184451286049,-0.011257020302824166,0.28108813036929925,-0.05384809383304166,-0.04534052412600138,-0.054255284794766455,-0.06331814782002258,-0.08650677376899454,-0.06914626894591328,-0.08622492254253178,-0.043592196896655055,-0.07975593584529583,0.16221518129244616,0.33124496827537175,-0.03606849262627382,-0.04393830276910457,-0.023167217669864272,0.32545652316464724,-0.004009603617290224,0.12332812354396494,-0.046675374922672284,-0.06570656626318347,-0.041568528696060654,-0.031439465939746114,0.02656755377423959,-0.04977414583811289,-0.04203662684918624,-0.053937631916568446,0.07278600830785245,0.12313964837881891,-0.10805745890375057,-0.055504302424363564,0.0010151466865865105,-0.04530184705240526,-0.0181094241581826,0.07231990202411913,0.19443231009872824,0.06696419084248512,-0.02366980760661951,-0.06543223649465622,-0.04135405308971868,-0.03357001638073723,0.060538130571903194,-0.022290370496144296,0.07995079902142932,0.07247607619196164,0.7465526623802948,-0.008624653002994687,0.1756801556420503,-0.015387113188750622,0.03031608032515915,-0.021817840904363867,-0.046303035963538124,0.0018271689262275292,-0.010643600799247659,-0.04052890661357465,-0.003995622980364578,-0.03270255435433028,-0.03801089251354166,-0.023493028060513836,-0.06531673442067201
17,0.05306138842596382,-0.03432352638869498,-0.020489687799256213,-0.011305802794790574,0.04828231165683625,0.07350293774015092,0.04610792109910043,-0.02771875529205916,-0.01722015104190938,0.026882960031235165,-0.02039675478681977,-0.015996913314613777,-0.010560354345779278,0.05392411440251278,-0.019728883874429705,0.04656542432096795,-0.022180777680674408,1.0,0.021392705335999827,-0.0032952158678673897,0.0029148221581986183,-0.01582893705518751,0.01045488030071082,0.005923315073986676,-0.02947827274369466,0.12578825624506723,-0.0015028756424882456,-0.04195893920510188,-0.012746566712430518,0.055942130759727426,-0.006195037965966715,-0.011405385011252695,-0.01647564502536155,0.11993481914973718,0.003701731620592055,0.05481189690245088,-0.03707529314104025,-0.004394414586444731,-0.04485851879228129,0.17424688889805606,-0.03260342113176287,0.06419601840768363,-0.0391062143684366,-0.015858653016915386,0.029754187618464226,-0.012690013477835684,0.009255578462600151,-0.018183712915910314,-0.003243835189155958,-0.024493751855208284,-0.019797286619748486,0.04038580411329884,0.029604377385947643,-0.012190880888311901,0.17199771647665038,0.07928341163929173,0.0408792450915715,0.0102985020738034,-0.01506098378331948,-0.019066879732687333,0.03719939610672536,0.07628375139739779,-0.0008410090609651238,-0.025023045040662027,-0.005295114852772703,0.051992870536781276,0.12159961746186111,-0.022094611760931276,-0.02106617104066834,0.08639828172682704,-0.020694012205602262,0.01499400601514007,-0.024257348615375686,-0.02070866323718578,0.009545573125119031,0.06582957582748787,-0.031601347411325545,0.03439131850851224,-0.016719065852125462,0.0775046735424463,-0.0069891688488908175,0.031012438721293632,-0.027066771925500544,0.06875871963744108,0.021642067138554235,0.01116220076843536,0.09165942556336615,-0.008897907418676392,0.015413508272085414,0.08288892748469787,0.1068394418412896
18,0.43987966898874287,-0.09954975855359235,-0.07012357735789018,-0.08622908672758017,-0.10923431371877002,-0.021904251621489835,-0.07978232313331417,-0.1186836657005865,-0.10796340243585043,0.21969795835640565,-0.0820668756768185,-0.046549719897650624,0.575417446061411,0.06257617854630586,-0.09108487645500704,0.6021555995421526,-0.07825770944843108,0.021392705335999827,1.0,0.0010546166115567046,0.02064103334548323,-0.05583071650484561,-0.09232332637338374,-0.030045375405389832,-0.10566065877053593,-0.052684387589585435,0.15434096481348644,-0.11697347590864392,0.0985490938619339,-0.04591118784527793,-0.028503854601180052,-0.03543193601727506,-0.05503367799216528,0.05116373614827217,0.22351321612206793,0.09393440839266451,-0.07388393498455278,0.15595221887390653,-0.09634385701827172,0.318351149905119,-0.08821295118482857,-0.07085982133686863,-0.14112562325536065,-0.08951001179332294,-0.04551253449731224,-0.10676067695221889,-0.03234881721868328,-0.10826259098665386,0.011385634172535259,-0.11868831536866517,-0.07886996564536475,0.7436718136773304,-0.08617531304308401,-0.028630918837217342,0.03013855795368686,0.00766996382226943,-0.02678433802615716,0.16184935112554047,-0.0799605040895246,-0.07552104400549887,0.2126859340178343,-0.033108433635189824,0.3627555348588963,-0.07996937397711744,0.04656257263617987,-0.06220189358117789,0.031001783714825037,-0.09311488116707972,-0.0530694831362552,0.026949583763912918,-0.05296475857232686,-0.06356166372194676,-0.07217619383565763,-0.060603465030722545,0.13733123246054138,-0.04500965476199224,-0.0983394502793292,0.006251650424608806,-0.07264293816874783,-0.03708027761888544,-0.06730996933941402,-0.07174622553548837,-0.16294505270107398,-0.04654680145280312,-0.06649509772303316,0.06508799007098698,0.2084668114420622,0.16281542367048069,0.020940212810230042,0.1170259376416108,-0.1066238639467609
19,0.021430927638320354,-0.009402610371033859,-0.004437794729556692,-0.00799854968784104,0.004897063798626267,-0.005412560512299935,-0.0038777780163271047,-0.01132898122805263,-0.012159814562612108,-0.014447244790878099,-0.010476513733694712,-0.0037000338343290934,0.012127187487994646,0.0005133765455492875,-0.009368034367057673,-0.014261905211984165,-0.010769759994716521,-0.0032952158678673897,0.0010546166115567046,1.0,-0.012500398124732226,-0.005544463489551286,-0.004508441140092902,-0.01300633123079043,-0.010894770068814964,-0.006374367668301054,-0.009341216555493059,-0.011050285763027903,-0.0026830437960758567,-0.0013326862308857012,-0.0027595304756604174,-0.003434047666127899,-0.0038732527474658216,-0.007735785497284172,-0.0036164552114908446,-0.00902808537530711,-0.008072420087920185,0.05597142275045623,-0.009996917902097389,-0.01701348340183707,-0.007287325193454529,-0.009332865616759688,-0.01204954176154174,-0.009223232664387307,0.03304520112971212,-0.011559077925881464,-0.0031775792242201735,-0.011935861801398419,-0.00024573901269830305,-0.014928656002604936,-0.0076876908732792315,0.0038271635333408426,-0.008521754447269098,-0.00711133219885593,-0.008230081747362441,-0.00841330153409061,-0.008186158499519558,-0.008344574060897544,-0.010062835657410799,-0.007337511920100291,0.06822882511812633,-0.007386631516590124,0.016022215511721328,0.000804230866563637,0.00188643133793927,-0.009792306468101086,-0.012890868088624158,-0.009334733228057245,-0.0008884443931775742,-0.010428414943776871,-0.003647131292781028,0.03552561411476248,-0.006850476940444794,-0.005599765181442587,-0.008294331325723337,-0.0042008355439626015,-0.01051950813148323,0.004594777655537642,-0.006825644302459513,-0.0025651374355320066,-0.006091978293463642,-0.005455831789338983,-0.013623974482590609,-0.008036093284660959,0.01769534989427125,-0.002400210720204713,-0.0014424489931463918,0.0028436929798263265,-0.006201435333912487,-0.008937908937012736,-0.01062534773538844
20,-0.07096700764869848,0.0551202249537553,-0.037561525343292004,-0.07924663648590988,-0.11683368857290885,-0.057963342627606426,-0.08102986065528525,-0.08829892001081663,0.10882573802137069,0.10799780810334814,0.03392927892428257,0.007359284278030413,0.22818673293359076,-0.04884426698256397,-0.07376876561330376,0.01843219349001406,0.04686137907653914,0.0029148221581986183,0.02064103334548323,-0.012500398124732226,1.0,-0.04559781226958838,-0.07675932564371801,0.296991464402087,-0.05556149513300475,-0.08269990685737663,0.16057818679217847,0.2729727888833706,-0.06580393708661345,-0.057983964850189904,-0.01978579376067824,-0.02651911713735903,-0.03763166253402753,-0.07655905158801991,0.3830699965086539,-0.07250994780854501,0.12787688389518714,-0.0679825340754192,0.05039366261370094,-0.030185300157890317,0.0660737250278765,-0.13870321746637226,-0.007255090846123613,0.007383615842881941,-0.06055935543434829,-0.09362131222847542,-0.03307888593337623,-0.0669349677082067,-0.02551868624773211,0.14457395868829898,-0.05247536918876165,0.03432598055178011,-0.06943454048480005,0.35591739330755173,0.06118078142753777,-0.07389439695814404,-0.0709955349379723,0.28550177527818643,0.2448492914325061,0.027712262103318133,-0.11319984079654073,-0.06475941639115135,0.12704216104996294,0.090937285054769,-0.012311869306748113,-0.04904240563898725,0.1641026556459888,-0.018159641069601627,-0.054031170417419845,-0.10694787161584382,-0.04802602838011536,-0.05807731632922758,-0.03997954327541847,-0.028610484069919728,0.05675855232086188,-0.04465324830798237,0.138084523416126,0.05956950656404078,0.13281854273042282,-0.03881272762183181,-0.057991804517106074,-0.08197502270266291,-0.10557742720523089,-0.06609074236391096,-0.07825926827850066,0.043292901021760394,0.060089395121940906,0.07334350145109353,-0.02893826543444002,-0.03671174397567046,-0.10766106174569254
