,0,1,2,3,4,5,6,7,8,9,10,11,12,13,14,15,16,17,18,19,20,21,22,23,24,25,26,27,28,29,30,31,32,33,34,35,36,37,38,39,40,41,42,43,44,45,46,47,48,49,50,51,52,53,54,55,56,57,58,59,60,61,62,63,64,65,66,67,68,69,70,71,72,73,74,75,76,77,78,79,80,81,82,83,84,85,86,87,88,89,90,91
0,1.0,-0.07493000152320009,-0.043657277167753764,-0.011243515993989732,0.019079922124236332,0.10052930092977708,0.06028755705283786,-0.03180422488755419,-0.10518766380531613,0.1746732978875505,-0.04720944834013872,-0.1485944712090236,0.21632611137460217,0.024879844458716476,-0.05020085222559575,0.46763561263535813,-0.09413907216801651,0.08153067170775503,0.3789563747659582,0.020972191162188313,-0.07545927985898515,-0.04782798074428733,0.05127157935427818,-0.08170267460924209,-0.07884948674204395,0.050327818625024015,0.07334924295618264,-0.0005857916697064448,0.16160892602737553,0.03600562649426765,-0.03240610461430589,-0.041748093304520145,-0.1245199816547992,0.33305211235019766,0.10251491702766594,0.06315858373035979,-0.10090269374824462,0.3236591282952065,-0.13416805248516692,0.15521595428080676,-0.11000497254015876,0.2602035606239208,-0.16672665963854283,-0.027546988755824967,0.08880574955783174,-0.08592956443389799,0.027539762163820293,-0.08928752849871338,0.01844566255283618,-0.10553120119347087,-0.08036103219294508,0.08686139506165498,-0.07621539700224408,-0.05647989311398953,0.09477607772814836,0.1787458873349212,0.13063983381267336,-0.0014866787281641175,-0.05768130380607811,-0.08504296731323543,0.4114732366117242,0.14320295531921487,0.11331348474133428,-0.09242907316278708,0.014089403646279235,0.17388954964608885,-0.0654041085177145,-0.09292940227932121,-0.041748495645416675,0.1956824245330097,-0.06621095482680256,-0.0003838785431778944,-0.04869452925099253,-0.0731994488504773,0.024704919293973445,0.0043844214020015435,-0.09364875331505776,-0.021398904180013792,-0.07844268954560414,0.036736329325596256,-0.06061391655299337,0.02803347426868025,-0.04078753863741265,0.1222695443111539,0.09974495406133604,0.03468422842964667,0.2279098600227299,0.07638182854943931,0.0023876606029187863,0.06315130835673086,-0.04488829975008065,-0.12049200631664374
1,-0.07493000152320009,1.0,-0.014996069988358077,-0.015887394551850568,-0.053022368996529456,-0.04242439828728055,-0.03299278321772949,-0.05811259645970197,-0.05173684553366674,-0.07167797220446008,-0.048048061457278385,0.0032294705646186556,-0.0581906255248214,-0.02984547127058513,-0.042557967155895,-0.06451460767217361,-0.04238490753041186,-0.038034052880081395,-0.062508039437492,-0.003274656439429322,-0.035852816797137435,-0.02590117898206174,-0.022793813605955688,-0.05232284060110233,-0.01748472458911734,-0.044031422124804945,-0.03904427900240882,-0.023418266938849512,-0.07203363705531886,-0.05554032069803523,0.0004668434653045178,0.0739796779602767,-0.0376775551536752,-0.03715193288482342,-0.04515006726889701,-0.020344305459743306,0.13554012225920556,-0.06804015352214061,0.17137343805339206,-0.065708885403846,0.01592651105168122,-0.062283167838030035,0.33268952458486195,-0.012007007274387527,-0.04615762549829566,-0.030710360899458826,-0.05476499139659981,-0.03201712362902021,-0.01703290328191885,-0.06339156906152238,0.46453672358167747,-0.03750301718308818,-0.0339483310901548,-0.013801766225594338,-0.06841125505146153,-0.04297470849588236,-0.03802458831457209,-0.03500392134471192,0.00488796186222854,0.036661485192771286,-0.06123162038814753,0.013840033681104608,-0.05353359152499748,0.1112436707946011,-0.013520499597819556,-0.030274624035388702,-0.056499918203452376,-0.03830113900592835,-0.030005838727971426,-0.08632533442793974,0.22258473915132815,-0.0158449759586354,-0.02897417974796923,0.14571718410038642,-0.031398987284951024,-0.018144558693430193,-0.010138331988874252,-0.036491641987974485,-0.027339428297087735,-0.0027918010386578838,-0.03058464790570241,-0.04689547827858365,0.02687992929397437,-0.03049798382073853,-0.021669273645853464,-0.029837927661871003,-0.04330368182798503,-0.029807128221029468,-0.04138098809777209,-0.03859678221464409,-0.03755346384597588,0.19657090719674894
2,-0.043657277167753764,-0.014996069988358077,1.0,0.02644083719193914,-0.016328093637106036,0.00806181716320135,-0.0013035030958891635,0.024589438538619314,0.1124684671512509,0.03656915861300871,0.04595923003742504,-0.027019512259056303,-0.03120658274640741,-0.024144792612686622,0.04433495064448011,-0.002900361733403546,0.3820260034746274,0.1491401258984425,-0.055388680170485705,-0.005896445731296369,-0.028722783286580934,-0.016737583590679415,0.006739089106092496,0.07447898519804624,0.08482583860593727,-0.00589584384732925,0.035338321048815985,-0.0049454675323907646,-0.02388253415343996,0.032337622818959806,-0.004128138173630019,-0.01024995677996712,0.2794307040801203,-0.020418862145925865,-0.013390164995770388,-0.012961455182876528,-0.019933278965650017,-0.037598583006719546,-0.0359573350899257,-0.04435982097738144,-0.03300222428083659,-0.042395578900353406,0.02136919366983774,0.004602340182815349,-0.02935159385043923,0.09827379564095451,-0.02495057457340128,0.20468620319420056,-0.0013803633443333452,0.026561029663885946,-0.006374204308369998,-0.03183094132236482,-4.073407863722581e-05,-0.01761509342848585,0.09181579840165038,0.0029552356341985297,-0.013647973540957366,-0.024107298402774674,-0.016090298529159486,-0.0005749570173028884,-0.05668269999959401,-0.02836657438710271,-0.01950449006130213,-0.03238502015703258,-0.011383425794477632,-0.020555264107724187,0.058383149383036924,-0.02090838759837367,-0.0008831254299175237,0.05280625846680241,-0.0207215170243098,-0.0057314253702142924,0.030929757410917254,-0.01403883518391261,0.012078265439090222,0.04924769922236716,0.13728400846876734,-0.02166218776721587,-0.005283064800839666,-0.012552997769803608,-0.01101748165440885,0.042464914591243325,-0.003326694654151097,0.021067199481693097,-0.012273055219706043,-0.018368093292637645,0.06314365835664407,-0.027619875722237022,-0.010645053227959118,0.044665661962937246,-0.028088501157012148,0.010779728754803854
3,-0.011243515993989732,-0.015887394551850568,0.02644083719193914,1.0,0.09287384876050571,0.026389751059394895,0.0914735429749167,0.22986392525969235,0.13617493666925323,-0.036733119624986585,0.1350228987281927,-0.060840089002508264,-0.09742591935014354,-0.025628252857131505,0.1382672689936154,-0.08196934780327514,0.013588670428820995,0.1076156601950954,-0.08316633415906374,-0.007512123242122155,-0.07722008607316883,0.3129434539927046,0.14524250167475186,-0.040644268863290374,0.045458484342785266,-0.02330756882453025,-0.033276486846263637,-0.005521132651471656,0.015429301583456179,-0.016330623756238255,0.040917933351463286,-0.008551096549928786,0.013654870080559267,0.014400488499864653,-0.08004683823976515,-0.012012235775610424,-0.06795928473806286,-0.06433348374568312,-0.06432608042259011,-0.07319191343192309,-0.04841967262480612,0.1092115780154467,-0.0019687420260133814,0.017666129459088582,0.1148511903407621,0.15199116550861266,-0.02645349096621613,0.1010375772969981,-0.019868580605413376,0.048506520933799646,-0.02770754546972863,-0.04922015419199279,0.13071829703172536,-0.033252034287828976,-0.039504381754689,0.05974625292952619,0.04540973464778959,-0.04253694349540492,-0.023144084762803347,-0.0319497305028795,-0.06618566096227056,0.018940560738341612,-0.069208676484396,-0.05282263433985317,-0.011870045320535564,0.05170558329613853,-0.062207900940876956,0.4462090882424668,0.26198136017801743,0.15076690082201039,-0.026042858582275365,0.10012548171239422,0.16941005382427599,-0.026695125281095265,-0.03545359031415485,0.029693087082371398,-0.022709850279063925,-0.03651727154030135,-0.012447025810207799,0.0027256806496446296,0.06470555416206253,0.13018122035255425,0.3464400291780134,0.10173611726527038,0.04737145402705477,-0.04277134965218421,-0.027766748495080186,-0.04186543411729869,-0.03019104075415999,-0.033561017174492495,0.10123624288519423,-0.0482393663198965
4,0.019079922124236332,-0.053022368996529456,-0.016328093637106036,0.09287384876050571,1.0,-0.03127979372977024,0.4768453598351752,0.14664046755638227,-0.03876186022534915,-0.06296064880947848,0.09623273729782057,-0.08281296220354215,-0.12940119702454583,0.021920052703268286,0.07398656843818874,-0.10475980501592264,-0.06522126894238399,0.06589504276605412,-0.10448621737847068,-0.01061532839460656,-0.1064242899783923,0.08410719684821091,0.17661332751542524,-0.08771358082859187,0.13050426648321756,0.0955040637435611,0.24084419078272812,-0.00748575187812051,-0.049882558132855595,-0.01692053591126849,0.0010580498455292544,-0.02122503195522317,-0.07157827192699504,0.11407020217032751,-0.09743410698573746,0.11348334619139984,-0.08921985733146512,-0.017832676158743486,-0.08724977397997019,0.03423506844879025,-0.06427533309271849,0.18144548789249626,-0.06098647757781714,-0.024020171676640813,0.3441503280882535,-0.06668414776826867,-0.04708525808852092,0.052382274473242466,-0.02317806840298131,0.051603641523262425,-0.04048029544432432,0.06335700709316212,0.23086813989483412,-0.027250131413268486,-0.08419591618669017,-0.02544950782224051,-0.049351467890611844,-0.026917327849545463,-0.029386887508581268,-0.04671583646145146,0.020541290848697148,-0.00402260619599612,-0.08173438546572065,-0.0677275903604827,-0.0027178988215076413,0.10473821513653463,-0.08918230455081495,0.10006220597009284,0.2899347403192046,0.18798929674867204,-0.05031305648268114,0.17485505448857397,-0.011047510830691765,-0.02834964068369491,-0.06321645176217877,-0.030752685770961595,-0.0509549082874208,-0.048154967289078365,-0.04104923698099952,0.1399815323499213,0.16439801032813772,0.0029127184672091116,0.37482389420911777,-0.052871465750924516,-0.031839717775104366,-0.040465857116803644,-0.10937435480445384,-0.05545280559372592,-0.03982274322402529,-0.0702193485961943,0.4457206227621884,-0.06878420887893338
5,0.10052930092977708,-0.04242439828728055,0.00806181716320135,0.026389751059394895,-0.03127979372977024,1.0,-0.026475838839683505,-0.06618890629821991,-0.022854298534768065,0.035173071520266816,-0.06334247872732746,-0.06906972041528653,-0.04888113181964461,0.00541226914456549,-0.050034235437734394,0.0500273565642359,-0.038562228925249145,0.05358365302117109,-0.04121806860391443,-0.00721080156765786,-0.05829966299474743,-0.030949806700315205,0.03446158734184218,0.017023317587170555,-0.05733456284319832,0.11270779308630934,-0.07512658309255575,0.07010405572564715,0.24654728518511124,0.08150360793306749,-0.01589036675046532,-0.019647184385505254,-0.055658432672043956,0.02872940750217449,-0.055647349458875596,0.07210762143905097,-0.07128333946160768,0.028614993220758694,-0.06855248845470724,0.04868412941115108,-0.05061630361224648,0.06980196939619943,-0.08090130222434272,0.014690741508269427,0.034187212963678236,-0.05172833245739134,0.25659255409295445,-0.05254651445951669,0.056863103948386895,-0.07160881247111339,-0.04076231599598125,0.163499928983532,-0.05350555387975332,-0.027956321895093526,0.06696893953777833,0.2835177273434043,0.24417146931000303,-0.056766809088963116,-0.0269766345968269,-0.03731349926068584,0.06899328578934158,0.12551986583436414,-0.031082423907660445,-0.05728792212469845,0.005682817827562694,0.08173899861054346,0.034403444445583464,-0.048625641662945064,-0.03350181905757736,0.018352606257117876,-0.03545291689123804,-0.013942639076727475,-0.03303638304588617,-0.0344067248311489,-0.007430305808116468,0.10847023781038709,-0.0412241163415395,-0.0040816186444200386,-0.03867781511909009,0.06545807449027771,-0.028697464515680365,0.14045886555054063,-0.08877622583178704,0.18944653763001873,0.07572839640636533,-0.04738121022769783,0.23578724737103385,-0.032430950126356585,0.24765790462352222,0.15301891069383566,-0.046494570898947665,-0.055424732448837506
6,0.06028755705283786,-0.03299278321772949,-0.0013035030958891635,0.0914735429749167,0.4768453598351752,-0.026475838839683505,1.0,0.25567643599232054,-0.03508813199816846,-0.024101507783537528,0.019335591568605686,-0.06834669869873239,-0.10282768682066384,-0.01790358854533939,0.08386545502945142,-0.07005639790569285,-0.05221463274516742,0.13064016457663769,-0.08708772139685347,-0.002446322588189445,-0.08214026866494377,0.02360213847345495,0.3247555241039535,-0.05926019611943474,-0.03488242084475972,0.10431343072103243,0.005257958233139123,-0.013967216104932168,0.05368296405703877,-0.006767706354889621,-0.014043576216108088,-0.018392520509624873,-0.0521001638721146,0.11802478999074753,-0.08532052604228453,0.04842559172065825,-0.063743255273205,-0.0746269940326052,-0.06745310765781828,-0.04284502124635419,-0.04974799902503109,0.3064650932841637,-0.06494277288351111,-0.01625197858108752,0.5664911125867771,-0.027024019770166656,-0.0375492764379433,0.11034070131082432,-0.021201632268330543,0.060429368426652814,-0.015743864407757685,-0.032517521852145244,-0.016754906780233433,-0.02597075221906668,-0.024448095767917427,0.017635819632332628,-0.02858982304748392,-0.07330545919674239,-0.026691990979606277,-0.03840192913048244,-0.016750635020060238,0.11564465070215818,-0.06620290921786001,-0.05473703979619749,-0.012180878498857909,0.2406164666188208,-0.07179358041590297,0.08838492868296999,0.3547240598789152,0.07318899980493966,-0.04008074976311999,0.24179002770031094,0.020314052032283793,-0.032567868738432926,-0.047583396843165315,-0.030045298541218186,-0.03466543177501941,-0.0352369619581894,-0.03545134381946899,0.08531234612278728,0.10197318360441135,0.04998758978324068,0.17613176366787237,0.07931882975149758,0.0930628457393512,-0.0405656294229088,-0.05875154331771,-0.04306684635943353,-0.03662259110438554,-0.05282377424338656,0.19722605742483873,-0.05436178565008473
7,-0.03180422488755419,-0.05811259645970197,0.024589438538619314,0.22986392525969235,0.14664046755638227,-0.06618890629821991,0.25567643599232054,1.0,0.0757787751670217,-0.03297386991004363,0.16140571775863913,-0.07661575133096474,-0.11578284445295933,-0.044165693778984355,0.39338766539604736,-0.10935645211692453,0.056489237059108306,0.0368125266783937,-0.10965820902570753,-0.011927025459780752,-0.08457239004649533,0.18367407691976867,0.18197551132406595,-0.05854108546035575,0.1338025846151921,-0.05114331780899547,0.10263169969580908,-0.026247867889638565,0.01756679054849073,-0.07169563042381294,0.04227350096264852,-0.007425653039462672,0.0020823727439183105,-0.0166756340261232,-0.09754454353572906,-0.02751039428758314,-0.08734723543088752,-0.06684620336358013,-0.08713590540925287,-0.10758003176033559,-0.06374548338918454,0.20899585375165697,0.06372363655049368,0.03987461935248686,0.16182194915350812,0.21076021598287856,-0.052912733251371226,0.3065437336941238,-0.026678551785553097,0.5498271799771518,-0.026443903162485422,-0.0639192497376774,0.15713495273043498,-0.03929967709029679,-0.077333287337117,-0.07074667151633461,-0.048149620993579625,-0.05086716687737608,-0.026909131621382414,-0.04289335009540643,-0.11489759761462587,-0.05002975780977609,-0.08233644884295922,-0.06429759588263054,-0.017056976534036115,-0.024476188765786982,-0.05991090542915802,0.18418075699533193,0.21735908797584794,0.16696097276159605,-0.04402080669505707,0.06862951481482248,0.2896936075091683,-0.023587002442397094,-0.04135945436351432,0.017088201542467655,-0.03383591696820972,-0.04100101541975784,-0.00920232597232587,-0.004365365171938921,0.16730194959222794,0.13000122833827066,0.5522614973119322,-0.007497518792110122,-0.04825721210201254,-0.04755817682857598,-0.0981454828500225,-0.050364511862032245,-0.05833987448503175,-0.05784542056115961,0.019601374001942066,-0.0668394133545953
8,-0.10518766380531613,-0.05173684553366674,0.1124684671512509,0.13617493666925323,-0.03876186022534915,-0.022854298534768065,-0.03508813199816846,0.0757787751670217,1.0,-0.007306666449046529,0.05559689244408662,0.04509188713879116,-0.06004046428954348,-0.04810967059986176,0.12965670028150048,-0.03808261804071966,0.428299036712737,0.07336929508940895,-0.10669310086021262,-0.012236234832950943,0.12510862469984355,0.014604020176402013,0.12684764315057062,0.17270982748889607,0.07032960324788451,-0.019776471931841844,0.048490647884088287,-0.0001529980379854439,-0.033549300418729375,0.11295681805987409,0.01848817525083335,-0.015188109950497419,0.6542426318829413,-0.05751892535316917,-0.04410588322869838,-0.015332448089150623,-0.07500891116916553,-0.11036413526567979,-0.08451094116604915,-0.09544014732423334,-0.044982666564817725,-0.06426480055050052,0.04072200764484564,0.05206453052823785,-0.02876015592709205,0.33136876842528695,-0.04678210915437354,0.15114453797634778,-0.02330775404855421,0.3494105228477587,-0.05087391482832536,-0.07287768891699803,0.003711342978096805,0.034591150776641044,0.08590425507871105,-0.03142197970397018,-0.0058020736243064915,-0.06468913061805093,-0.011621947300582722,0.13426750265338558,-0.12439868105550643,-0.04449247576894339,-0.029315781262334605,-0.0451668526287857,-0.02171004048414019,-0.039523073719383996,0.14174463035676144,0.20357055298759638,0.025741832188550397,0.0011848692641824683,-0.04919945063182336,-0.010177513457875056,0.14132996328148406,-0.023926105227736097,0.0026625910173561245,0.04784585886958751,0.16225225623076509,0.02686006623808263,0.5088246680878761,-0.011753647336437514,0.06784218368792908,0.18055537139901245,0.029740506658173276,0.04420406752342235,3.228514843921855e-05,-0.03589996270656097,0.016850418858330874,-0.03434406113428235,-0.032684527852982634,0.03172866523158111,0.0024313881484397835,-0.012023744673377076
9,0.1746732978875505,-0.07167797220446008,0.03656915861300871,-0.036733119624986585,-0.06296064880947848,0.035173071520266816,-0.024101507783537528,-0.03297386991004363,-0.007306666449046529,1.0,0.057563134722648755,-0.11963747030414965,0.34528787619542406,-0.030622326398634422,-0.05078778247005725,0.33272434408386775,-0.03538742045269361,0.28170121313200264,0.1915018194517778,-0.014118905065056512,0.10964933804630501,-0.055823953734915194,0.01877836164540941,0.20330737329165516,-0.030521482535090495,0.022039496138493445,0.12780162086952324,-0.019370455658039167,0.018096729183599024,-0.024321701984726125,-0.026794770628292598,-0.038014465331034746,-0.07996342891546115,0.16165146263202523,0.30149239292956265,0.03361302769092831,-0.0746384152506884,-0.03214236338587514,-0.10216452878166704,0.1582324490089948,-0.09118143265097248,0.12399297674532328,-0.14099240065253105,0.005890666712920143,-0.034684358290709566,-0.06161758293618813,-0.04050959066409616,-0.021721182005515864,-0.012832199357492746,-0.024609063625906265,-0.06831599441646787,-0.05609490694228938,-0.0203439145187702,0.08165852082498473,0.07143650029403625,0.32483140464974947,0.07325755362938899,0.11824770850004933,-0.0447599974411782,-0.07285630133303912,-0.004780762270178553,-0.006724452756558325,0.22339148585309354,-0.07315410626427722,-0.015949859434906517,0.18119272574110848,0.05176335280332583,-0.08799668532047446,-0.06315880823530959,0.21439444457304968,-0.06928740026204816,-0.028402896661494405,-0.05775202288515373,-0.06363648516490208,0.045606219914180304,-0.014894245691747285,-0.07825644945842414,0.002385407269117538,-0.057886286870284985,0.023131737740727937,-0.057865407162554464,0.09470981629911168,-0.06330079355677498,0.32565607347945036,-0.02366458916547806,0.013183732199023723,0.4411188210602507,0.03176004007430541,-6.0780082339052105e-05,0.43318148064541373,-0.05510296063117276,-0.10359596656551961
10,-0.04720944834013872,-0.048048061457278385,0.04595923003742504,0.1350228987281927,0.09623273729782057,-0.06334247872732746,0.019335591568605686,0.16140571775863913,0.05559689244408662,0.057563134722648755,1.0,-0.0535337824137402,-0.06983448837880962,-0.021632040766755713,0.04388009984116181,-0.0680280255633971,0.018021189845536446,0.08128881574155954,-0.06099286766612541,-0.01158921032689851,0.03659787928333,-0.009014248079818456,0.0252947503193302,-0.04105753909907862,0.24722196967736745,-0.025776278992721634,0.38855166714041045,-0.01732912275916643,-0.03925424677773007,-0.07303684507266782,0.03357885101310074,-0.02542291934308502,0.0071972395364149665,0.011480248323299842,-0.027448764856256178,-0.022704465832438583,-0.08379093120954825,-0.010898569703997546,-0.10216730692400003,0.15763267495026229,-0.06211388605396726,0.09576407235343998,-0.010787523293844355,0.007542498125012182,-0.019257447057758347,0.07461709998205465,-0.05930309090080951,0.10619067895291885,-0.023550913951585813,0.11724536153364132,-0.04676310464404871,0.036292699270734655,0.3220043452114322,-0.03001398452450533,-0.0747529337867891,-0.032544942685572696,-0.06040902000361997,0.2696252206420253,0.09136005674664374,-0.050798167050239366,-0.08500688045411632,-0.051369657584491524,-0.07342581637433507,0.09385219805383221,0.00521922654683702,0.058077906363657915,-0.028878575576015267,0.04417300184036413,0.007298121058178445,0.20099397504033217,-0.06130230024879903,-0.02125211061429826,0.001742468219713464,0.03379918428854556,-0.04344980515031584,-0.006821876183802112,-0.0650241986316202,-0.004344391363996916,0.040471167112510004,-0.018689327390915174,0.031765463346118884,0.11150880108756765,0.33460708811936135,0.008427290483624691,-0.0690876147147419,0.031978745310225425,-0.02965482872244929,-0.020669652682889915,-0.04916481368480654,-0.050943354103059675,0.05143547504882788,-0.0828335199324986
11,-0.1485944712090236,0.0032294705646186556,-0.027019512259056303,-0.060840089002508264,-0.08281296220354215,-0.06906972041528653,-0.06834669869873239,-0.07661575133096474,0.04509188713879116,-0.11963747030414965,-0.0535337824137402,1.0,-0.09192161326423287,-0.04575479657100556,-0.0615616226406095,-0.11992198573305962,0.08269065842175424,-0.08099529490459956,-0.1098013306060777,-0.011329608463992214,0.30454128568245203,-0.037768285757050796,-0.07432651494978598,0.2517907945902857,-0.005692181182123689,-0.06861604213254792,-0.07969721977241118,-0.03432033471244032,-0.11915369785159151,-0.04048940985080712,-0.00016354427046095122,0.0218901275770066,0.2217689015423256,-0.07409244053651232,-0.08204014128047266,-0.04331981143467194,0.11281588073255866,-0.10642786939612658,0.17344289115361397,-0.14080895223309603,0.47804403047290445,-0.10836427593720412,0.17262660983332337,-0.021595868823991483,-0.09751134225456826,-0.029906934335647214,-0.08102718580355578,-0.04112156608296284,-0.023534485955095975,0.0859980340201557,0.04398967571584793,-0.06855481272608846,-0.026083673735542073,0.18627550915364605,-0.08795537889497099,-0.07485060268395993,-0.06027438285549025,-0.059686131653003335,0.11946005773179921,0.2930754096962856,-0.1244833483107293,-0.047615890044122665,-0.05178727837492185,0.12170850937545537,-0.012629986806046902,-0.0855415392083871,-0.04589512581810406,-0.051247219274144246,-0.04477182692430537,-0.14678571091496007,-0.040125441529273574,-0.047936987778175656,-0.017268978089422515,0.11720625261793677,0.020323943405228438,-0.03399068650468782,0.31519301049808857,-0.005166956826943269,0.2315635024605749,-0.034784015145856564,-0.03327571395159522,-0.07640140278371124,-0.0036868367522321695,-0.06133509168374258,-0.053424900621460575,-0.0470383887119003,-0.0955272835004829,-0.03188639028635852,-0.06320985657125419,-0.05042306504414297,-0.059365708810698414,0.4169394393637019
12,0.21632611137460217,-0.0581906255248214,-0.03120658274640741,-0.09742591935014354,-0.12940119702454583,-0.04888113181964461,-0.10282768682066384,-0.11578284445295933,-0.06004046428954348,0.34528787619542406,-0.06983448837880962,-0.09192161326423287,1.0,-0.042939257732712954,-0.09839217625072649,0.29904825560899523,-0.07336606591556753,-0.005556988174363935,0.5230663234340973,0.0027429868614500036,0.2795752493893121,-0.057392094640460384,-0.11498761057354455,0.0500687156216263,-0.09953029001186625,-0.08587370012050462,-0.005751545571805544,-0.041458133643845554,0.12971147144028872,-0.01511018734588725,-0.02908013977374014,-0.03618336643400282,-0.09295974350443925,-0.048057051485254645,0.5777430740666935,-0.012276822646821494,0.013890479384612742,0.20485257037299154,-0.04407641260906843,0.07007651857821846,-0.07615784792506633,-0.17179499926012928,-0.13148854573665508,-0.03322938078774152,-0.139310609393705,-0.09021393749595345,-0.008086333521997079,-0.11517492332860223,-0.01031398543543722,-0.0918497594863984,-0.06836575793197892,-0.06380740322324267,-0.1002340147514616,0.07125835107259268,0.1717601169465791,-0.06236217161229084,-0.06863606968352451,0.298840066385052,-0.04164565745486303,-0.0703989999685472,0.06376426157908734,-0.06449648904570597,0.6671650576548814,-0.034869826198451304,0.002556937034919733,-0.0754243289344024,0.21267207004227842,-0.09653818584038847,-0.06166037227077152,-0.032278267353312975,-0.05214369644471396,-0.06832943659170676,-0.06188759413091316,-0.05859482311016712,0.103991577830159,-0.04171197188739552,-0.07600218447131418,0.03615089319328313,-0.0661247998390553,-0.04580993539645552,-0.07198703086998062,-0.0799941305384918,-0.16565508184410094,-0.07805995622706205,-0.08390831778995614,0.09929437370652272,0.40746359657474074,0.1354419353926157,0.03276857063804378,0.08003068502997655,-0.08831237063353503,-0.09251872213610479
13,0.024879844458716476,-0.02984547127058513,-0.024144792612686622,-0.025628252857131505,0.021920052703268286,0.00541226914456549,-0.01790358854533939,-0.044165693778984355,-0.04810967059986176,-0.030622326398634422,-0.021632040766755713,-0.04575479657100556,-0.042939257732712954,1.0,-0.034760746030267166,-0.03828260324907359,-0.04059102218839085,-0.034259319659591905,-0.005033206253501746,0.01269224612088014,-0.042610123922837126,-0.022630665074029107,-0.04304478968037574,-0.046392170494661204,-0.03116942307354516,0.09885791255175304,-0.026831319721148557,0.021389045999212132,-0.010020518256419458,0.3499833765987053,-0.006975940023814047,-0.0138802619322789,-0.04195476376159671,0.014915490323701593,-0.021670238103644802,0.013800509819695595,-0.04635876636338419,0.2465908889367677,-0.04767941734863729,0.0914981038336776,-0.03443071092953827,-0.02487246101685632,-0.053580645101218086,-0.014504332136086462,0.2343149013484736,-0.041727640699959476,0.004057716553171017,-0.0442555317959138,-0.0038977829508341126,-0.051709138878428235,-0.03414812887364998,0.04444977236422822,-0.021815218885378955,-0.023315067014706124,0.2627932663467521,-0.026705063990540318,-0.03234410631654093,0.0009543074825526391,-0.01574034894628301,-0.026332713924239075,0.3456190086032519,-0.012294268859982915,-0.023700072008882044,-0.02713527793326003,0.010023877080868458,0.005258107311182651,-0.05087644289331581,-0.03691511953371352,-0.014344235738058462,0.14488361953523854,-0.015533532368305037,-0.010521109795738932,-0.02590814237457969,-0.021545326460266787,-0.02790720970318413,-0.016887305357519575,-0.029670949137815567,0.002247389216383743,-0.027471469944797988,-0.015954542454327675,-0.009952818074016427,-0.02851842725458218,0.025026176133603046,-0.037755197893404806,-0.017212740201899807,0.018010930063616735,-0.054990735392901086,-0.021360345659244606,0.015843959798385585,-0.035653962664567884,-0.02410815346211435,-0.03682215470142736
14,-0.05020085222559575,-0.042557967155895,0.04433495064448011,0.1382672689936154,0.07398656843818874,-0.050034235437734394,0.08386545502945142,0.39338766539604736,0.12965670028150048,-0.05078778247005725,0.04388009984116181,-0.0615616226406095,-0.09839217625072649,-0.034760746030267166,1.0,-0.09479175036849008,-0.01593571705063938,-0.017218441628850913,-0.08661273266122177,-0.009392091390753384,-0.07316195916622469,0.1561461489217669,0.24648868624076625,-0.05452479189736062,0.08963606815281366,-0.04545906049452679,0.03141652387115288,-0.02353816424771802,-0.04307673895229221,-0.06560372565806533,-0.011266389823707739,-0.010557754257959472,-0.02231473782356271,-0.013438143009333431,-0.0839991611621215,-0.019346762780903314,-0.06684360480556675,-0.051225737873419414,-0.06363935259175824,-0.11201471505564045,-0.046926889394123324,0.05230214182349091,0.03464532429453002,0.06330102810555813,0.08184355876951899,0.36829172343397953,-0.05074569637734441,0.09798787703622838,-0.020977297736277465,0.26669893319297416,-0.02498844563532527,-0.05550272675983256,0.09074560932188454,-0.024532623830075154,-0.07925802150249019,-0.05452967273035486,-0.03873356056572713,-0.06534018324003518,-0.02438463085733958,-0.03454069338309691,-0.08746164526697367,-0.03898088093293696,-0.07005088565248986,-0.05283626893587755,-0.01535271487915137,-0.05113821704696837,-0.0748955715133605,0.19269647373218163,0.046339589265019174,-0.002695725859405071,-0.03252639346915724,0.12913931611644358,0.3518601821540869,-0.026224519168298287,-0.04172018367487246,0.029315603403538795,-0.028628875332351256,-0.03584099100511503,0.019872079024042782,-0.0035351253982704237,0.13291519673449273,0.14415217158849736,0.3728027003653711,-0.020066162197602738,-0.04685684178331447,-0.044924671681135904,-0.08388222092061504,-0.041231944394239134,-0.04819945590016836,-0.05276776297870642,0.04947403595169478,-0.05028140508850074
15,0.46763561263535813,-0.06451460767217361,-0.002900361733403546,-0.08196934780327514,-0.10475980501592264,0.0500273565642359,-0.07005639790569285,-0.10935645211692453,-0.03808261804071966,0.33272434408386775,-0.0680280255633971,-0.11992198573305962,0.29904825560899523,-0.03828260324907359,-0.09479175036849008,1.0,-0.027246306465107385,0.03620033389057717,0.508961584767545,-0.013886023311578533,0.018818409713063318,-0.05681801178496522,-0.062098733370069305,0.09019199614219169,-0.09695155445839929,0.030817531539937423,-0.016291279044551753,-0.0003420562120481209,0.05374706803285968,0.08057157141324234,-0.026892879523234922,-0.03573658929797414,-0.0817294122161762,0.0943599301536897,0.18236982793556886,0.043281362584921226,-0.07751121760691981,-0.002127758888091311,-0.10208557722368304,0.33105207184876706,-0.09009887165588829,-0.02340468585549347,-0.14305810616896203,-0.01669921247452637,-0.09901890118933437,-0.08433306522287523,-0.0021610090930568454,-0.085509272421494,-0.011726675758016072,-0.1019607811462548,-0.07211062161714102,0.10540605614929234,-0.09736276367989351,-0.018408515178368133,0.15791378780192797,0.11468519940898261,0.12450934988277645,0.0371494962588537,-0.04639351361161305,-0.06989309216723898,0.01084074712592236,-0.021392292172844777,0.16767914878611795,-0.079929112199769,0.004145369786459505,0.048236101603209056,0.26617062471336195,-0.09387413943605791,-0.06632847535878797,0.17064269799231427,-0.05945335746875682,-0.0544322044238786,-0.06316188105629506,-0.06111440673356394,0.11902369553484063,0.043259423791629475,-0.07541066281657169,0.03718979141750359,-0.060256126552779184,-0.027375960663717912,-0.060310668614372016,-0.03642401945405062,-0.17272093176649322,0.05517914729488488,0.009433599658680476,0.009365287253860604,0.4311647179886717,0.08032085061264009,0.04116670370079577,0.2983492509344869,-0.08660564976731136,-0.09836113751604966
16,-0.09413907216801651,-0.04238490753041186,0.3820260034746274,0.013588670428820995,-0.06522126894238399,-0.038562228925249145,-0.05221463274516742,0.056489237059108306,0.428299036712737,-0.03538742045269361,0.018021189845536446,0.08269065842175424,-0.07336606591556753,-0.04059102218839085,-0.01593571705063938,-0.027246306465107385,1.0,0.08853193054973016,-0.07201557839491787,-0.01043456964068937,0.04195902135838099,-0.028855912220515097,0.025691745613960495,0.24597065278776306,0.05772400632214103,-0.025773067977655315,-0.008632724889283617,-0.021013751316519058,-0.02087720538147446,0.03685509940052261,0.08664220621824428,-0.013378501267163318,0.6998534129888464,-0.054380681962935364,-0.04362374077114614,-0.020011659439289925,-0.0629646183480117,-0.0841178725333633,-0.0666621351073587,-0.08100787723366706,-0.04381806290254596,-0.07816549331448502,0.13177660427707982,0.10084877068759555,-0.05742386283519975,0.33467144444618,-0.04365578358023302,0.3486771921658567,-0.0032960341581827995,0.13188486279923067,-0.04454852964776912,-0.05055271002233218,-0.03128990382633757,-0.02576850609447888,0.09016604716738537,-0.045619583361290225,-0.03944866725137346,-0.05307742923402539,0.003795435245086999,0.08127217322780653,-0.10451849754769915,-0.0338293051694086,0.005021022417991231,-0.047097145354795485,-0.01745425528071541,-0.05499678464675142,0.186909594808688,0.07351931527907207,-0.02882853960402573,-0.04280109657584011,-0.0420745392062013,-0.0346768167538376,0.03755875942356045,-0.025154137924626816,0.07009216394429763,0.07425873756715107,0.2322826373244956,-0.007319930797557186,0.19813795458005856,-0.013584222732901894,0.03510244763291491,-0.01384954567980123,-0.04682339299281815,0.003898997483866919,-0.014309076788585307,-0.039062263839756806,-0.007858009458686314,-0.031134817979887337,-0.03463678811460087,0.03251401644911727,-0.04267901784515324,-0.015293982109244557
17,0.08153067170775503,-0.038034052880081395,0.1491401258984425,0.1076156601950954,0.06589504276605412,0.05358365302117109,0.13064016457663769,0.0368125266783937,0.07336929508940895,0.28170121313200264,0.08128881574155954,-0.08099529490459956,-0.005556988174363935,-0.034259319659591905,-0.017218441628850913,0.03620033389057717,0.08853193054973016,1.0,-0.08599650934716432,-0.007581488401098375,-0.049303718262810076,-0.030880167657086868,0.12517269536504097,0.17560819268773026,0.03579312281907289,0.08530074947179062,0.11672669937454436,0.020289471823204577,0.08479934201341026,-0.0008043375197495442,-0.020601256502961993,-0.027476631822312903,0.013612785074607845,0.23150153816163135,0.010699012118999315,0.06356814344095986,-0.06615027179121762,-0.07614816889204859,-0.09813674780621137,0.02651528317586744,-0.06567951458010635,0.303010278606278,-0.09966606973698963,-0.001164325670692758,0.11468461616952284,-0.03771855717458164,-0.02848589431322893,0.03372338170097917,-0.02618228587985984,-0.010096500135633424,-0.04537144898903963,-0.04304398403326906,0.02453207382764451,0.029727247743137352,0.06836871058325558,0.34403708465869953,0.2095831881435484,0.041831966803080343,-0.037712040820920306,-0.05859810141147331,0.01122304718712455,0.10456696873798957,0.04057860089943503,-0.07067277250530833,-0.014833186866274814,0.2982557727977757,0.06544004277327196,-0.04343662808854959,-0.03717670968241009,0.30386454752203684,-0.054607987258013725,0.010950439506491865,-0.02632506637997878,-0.04812708121582722,-0.03947849520722129,0.0018668625581279349,-0.055135771895345256,-0.03307427493676471,-0.030670191849616946,0.13135945408197597,-0.012247977108375063,0.2662363256837088,0.04762675529441929,0.49493434963461397,0.07056662651594661,-0.0503144603894948,0.1790994886515061,-0.05855707951875958,-0.017784490279339253,0.14572412085791975,0.08062074059965142,-0.07794538838069068
18,0.3789563747659582,-0.062508039437492,-0.055388680170485705,-0.08316633415906374,-0.10448621737847068,-0.04121806860391443,-0.08708772139685347,-0.10965820902570753,-0.10669310086021262,0.1915018194517778,-0.06099286766612541,-0.1098013306060777,0.5230663234340973,-0.005033206253501746,-0.08661273266122177,0.508961584767545,-0.07201557839491787,-0.08599650934716432,1.0,-0.0036617156871850513,0.018577635848500453,-0.050911291324003564,-0.09699205408496048,-0.06227600546164989,-0.09222340175489183,-0.05995988738922558,-0.01983674365246007,-0.03488352245894315,0.09266944322151924,-0.044352957841406505,-0.02619827901444191,-0.032157036681164985,-0.09345648388563428,0.00729701978567366,0.3492443675002078,0.007164565119985134,-0.05737119757682048,0.26564556522014093,-0.08532247172369553,0.3294866011946396,-0.08122056829657649,-0.1311209306786091,-0.12943733887637504,-0.0313303880680738,-0.11407142993933489,-0.09339100079767751,0.09663236073225338,-0.10229751465112069,0.022744854643255985,-0.11239476815131849,-0.0746312598889888,0.11670321461145275,-0.08797308745961045,-0.035565385643605715,0.06936277230307092,-0.027664414407876863,-0.05304763293369612,0.18472155955233002,-0.042077103103995095,-0.06382009693444594,0.1443246852476776,-0.05986692901244357,0.3645683788767631,-0.06405045852836078,0.04783116829487196,-0.05381805632577436,0.010218768053277198,-0.08565032342659223,-0.04980203662285331,-0.006090504242223254,-0.04488103844177325,-0.05836612662444232,-0.05764545636710869,-0.055454664720437155,0.12843104505423197,-0.051150582253197865,-0.07037766342719538,-0.004009135805576387,-0.066395081671598,-0.03702370482650967,-0.06174362384957973,-0.07608778876444786,-0.15113198903770925,-0.07540976984055323,-0.07694801742744664,0.11683961571419371,0.182497792549768,0.174532957055132,0.016426265508690287,-0.009656863245430284,-0.0783937092132042,-0.0889231950164972
19,0.020972191162188313,-0.003274656439429322,-0.005896445731296369,-0.007512123242122155,-0.01061532839460656,-0.00721080156765786,-0.002446322588189445,-0.011927025459780752,-0.012236234832950943,-0.014118905065056512,-0.01158921032689851,-0.011329608463992214,0.0027429868614500036,0.01269224612088014,-0.009392091390753384,-0.013886023311578533,-0.01043456964068937,-0.007581488401098375,-0.0036617156871850513,1.0,-0.012602122894217372,-0.0055941666676571095,-0.002946174124894029,-0.011447357231648038,-0.01063044958216307,-0.004222373730291658,-0.013222574599556386,-0.0030905459913664695,-0.008007070305213864,-0.002249537978186145,-0.0027408105464680164,-0.003448750740961315,-0.011094927448503818,-0.004397659171785768,0.0010106722485579852,-0.003012134409437785,-0.008026405229352815,0.16029604534602482,-0.010121728282465861,-0.012949497282363607,-0.007223766545449295,-0.00682634149646673,-0.012146284657108437,-0.0035595081777199233,0.009640734885682966,-0.010155882146423465,-0.003201520945608752,-0.011948661003559166,-0.0003421396229707312,-0.015187139645213076,-0.007290354296412045,-0.008606607355591055,-0.010950208052849495,-0.007314779628118507,-0.0027001836032408922,-0.007774239190375174,-0.007534094635171398,-0.009406558924932917,-0.003737308773878986,-0.0067798878701103606,0.03628747316341336,0.03638554992589925,0.015752297185515195,0.0005265904161048314,-0.0019854581965654404,-0.005980589102594479,-0.013057969719990813,-0.009495649858182147,-0.0068832564808303,-0.012938679935722463,-0.003630745958122662,0.036488665295175506,-0.00590542978798045,-0.005662116041506363,-0.008256269765019888,-0.00316873498971665,-0.007746474056214284,0.004147973754947961,-0.006903042740522884,-0.0018471875944578685,-0.0061369689353317994,-0.006719407718762962,-0.017599722715471,-0.007768641542784217,0.019195013251836306,-0.004255603073213642,-0.0032090622632804213,0.002390297732438486,-0.00630487471651884,-0.00752932068448322,-0.008144796648397477,-0.009210978663293158
