,0,1,2,3,4,5,6,7,8,9,10,11,12,13,14,15,16,17,18,19,20,21,22,23,24,25,26,27,28,29,30,31,32,33,34,35,36,37,38,39,40,41,42,43,44,45,46,47,48,49,50,51,52,53,54,55,56,57,58,59,60,61,62,63,64,65,66,67,68,69,70,71,72,73,74,75,76,77,78,79,80,81,82,83,84,85,86,87,88,89,90,91,92,93,94,95
0,1.0,-0.12132298978583306,-0.0606810720296873,-0.01691710452685378,0.034365852630214806,0.10578116914801176,0.07260544984292924,-0.021019232647176526,-0.10013280023182472,0.1465246008357446,-0.03602911102208843,-0.1398995680777616,0.28125735449177797,0.028716807827655472,-0.04544335495196046,0.47383770393895186,-0.08386427717536943,0.07376092644526523,0.15272043376664532,0.021342541012945603,-0.087096774140013,-0.043250237940175885,0.06668428897429005,-0.08032319694804921,-0.07067008214073,0.06459780512461545,0.06948295084994265,0.000859504379289649,0.15603177086477837,0.04122977295377596,-0.03127708783448764,-0.04069726693336233,-0.04297896448968886,0.2439410246617138,0.009643869189414643,0.0648463414012104,-0.07680576954806353,0.29340460539936297,-0.1335746902234241,0.16254354437236573,-0.1065201129192535,0.33276963629610057,-0.07943301943392873,-0.033836746124789575,0.10815973161953109,0.028332128829653115,0.02845550115816077,-0.08017019152889657,0.01830007849678674,-0.09568726318635506,-0.07696203758190037,0.09146002454291319,0.29467903934090917,-0.05591680377783324,0.08905750504855224,0.1834250858147925,0.12316655998929779,-0.01230114402022085,-0.04924004213230798,-0.09815038932735749,0.410317445912903,0.15497958868527728,0.053145557242128216,-0.09634431713110386,0.01055703507318401,0.1852825742263587,-0.09663315415506352,-0.0035741192560053425,-0.03584575820551403,0.04543844167016207,-0.07804442892317309,0.0047449937336469395,-0.05373273358724631,-0.07150348522473265,0.028026781648515367,0.004355748133765452,-0.11095273872070754,-0.018790353454752436,-0.07688751961140369,0.0441680034993054,-0.05716594549603138,-0.0732921741341637,-0.06997433928396257,0.12720360534816993,0.10662018783255116,0.015494033571182344,0.3875242442430754,0.06926551549843449,0.0012361394732101042,-0.014126140876459435,-0.03967562677747487,-0.1213060743718404,-0.1620890247142177,0.1723939598362594,0.1534113174748833,-0.0815585567364476
1,-0.12132298978583306,1.0,0.19047048718009438,0.013887414916140732,-0.0712434565144585,-0.056240962036462956,-0.055946936338714476,-0.07326883237046036,-0.015331727803440841,-0.10953002371930089,-0.08550057774086989,0.40408323249040184,-0.10773089511118956,-0.03607184634717368,-0.05275077077062044,-0.10534859817124294,-0.045275259549333445,-0.07736381225410677,-0.07706598658714334,-0.009407483543904244,0.06369407763815343,-0.0312436676430863,-0.0651063331611774,-0.058625527733966634,-0.03176344946682733,-0.05711979582645877,-0.07758270469362918,-0.029752600496207766,-0.11076054599719996,-0.03351640468016247,0.002508318586471076,0.03396478199850769,0.0038734836979872986,-0.12327520922463535,-0.07680199401782453,-0.03590057609490416,0.03487143777530875,-0.09233707659386216,0.23150484099382512,-0.11719981562698985,0.42601661176479166,-0.05227026750010863,0.44000088058562864,-0.013176514383177226,-0.08079773776681876,-0.06170017029145283,-0.06874410125562824,-0.016057606579703978,-0.013918181031970081,-0.02428070600233794,0.13807745617816602,-0.05502943647240306,-0.10171747233558397,0.09064240902122471,-0.07471029652514527,-0.0618419700535444,-0.04913838386052881,-0.06614340241062541,0.07359232371675356,0.38114336132449755,-0.10294321525517194,-0.03912838843070031,-0.05311379663872791,0.07698826225237493,-0.014277419331413736,-0.06577551799136189,-0.019191813792004755,-0.04899192526573125,-0.04005128538865861,-0.04555394661866433,0.11624405200519133,-0.03913615451225814,-0.010154023651571857,0.10725736100103671,-0.0007248428923538816,-0.017479004441523623,0.0388006959281033,-0.020468676138892687,0.031101563635449078,-0.02321914293477794,-0.03765446962234971,0.004694892431807717,-0.0608686372005159,-0.054596329251371756,-0.032312129708143525,-0.043349073707535234,-0.08709753651541234,-0.03419597326660646,-0.052160792817427054,-0.03689313560232051,-0.048750343122318504,0.12592142120880848,0.3553894813797893,-0.0764825956192828,-0.09461666251018988,0.02234924583088641
2,-0.0606810720296873,0.19047048718009438,1.0,0.01009990694275575,-0.04175925238190216,-0.03393201467392865,-0.016932525958725114,-0.05360835752944297,-0.030786447078268116,-0.06697860702845276,-0.03828200631878723,0.014099514940552714,-0.07627859488692779,-0.029365283851265127,-0.03841048875988723,-0.06267911086564744,-0.031954387984897394,-0.018070676674668704,-0.0516354638902684,-0.003020921988171226,-0.040038825528168016,-0.025251777131636285,0.009159861125551876,-0.05632999710405287,-0.006349149686961282,-0.03509960351729619,-0.03549409673416962,-0.020198851427776686,-0.05351503491406538,-0.04874031958105866,0.006489911195564751,0.11362093232577986,-0.006614896319892089,-0.0784336131320909,-0.04702422182193744,-0.016055953971026233,0.09758705883635166,-0.06967165851192998,0.1218361777343745,-0.06364179524623487,0.018993825860731475,-0.017949973586581756,0.075691876544725,-0.015234132519711369,-0.02833716141502958,-0.03763226895477835,-0.0489093708122586,-0.020919078635914613,-0.016650974821915993,-0.0527970113613522,0.4890107193048239,-0.03202697171785321,-0.03209566155674119,-0.010676643498451467,-0.06051610714821781,-0.03029575874220052,-0.027440271381003523,-0.042718770231173084,0.004434295394844404,0.011913973173247671,-0.06247892716512683,0.025864560205808573,-0.05068872314904975,0.07864411275140426,-0.013114798208346518,0.0002874914513332893,-0.040762206888297445,-0.00810498409525605,-0.02793745273572541,-0.030547703658597145,0.3862621750816694,-0.0023192799331810277,-0.030632040874404548,0.1678643023530146,-0.02922496909663136,-0.009752681088535293,-0.01921210930866922,-0.03450715351921511,-0.016435943640305213,-0.0004940125486589415,-0.026445782127160415,0.1476954990957001,-0.02348455980661249,-0.00934162432406006,-0.010742132586532283,-0.02758411494410003,-0.06456557059176965,-0.03171030290813055,-0.03895402119941946,-0.031633490071889606,-0.031547363405791305,0.04250685981227994,0.3088747073026012,-0.03909937063324824,-0.06663910861551561,-0.041703969275973224
3,-0.01691710452685378,0.013887414916140732,0.01009990694275575,1.0,0.3286023117438512,-0.08945803433054919,0.24227615886994286,0.694713881417523,0.019174706921839976,-0.0768763420335929,0.3006729060963877,-0.006448736434607535,-0.12129379080726446,0.012036707147563315,0.42188870157105507,-0.16797585113944075,0.2139529372477225,0.04954422823268856,-0.13507492196098342,-0.011134456572490601,-0.09577656396831646,0.18340151733365465,0.17734164894590798,-0.11238060455046067,0.33239047140226985,-0.05040575297592434,0.19715063601098873,-0.03640637560238645,-0.03994565470001947,-0.07900180780587648,0.08929866994490175,-0.01516418364609777,-0.01862927122113281,0.24232496541099402,-0.13627583801102927,-0.038743915483297385,-0.05859381756706826,-0.00653779163583007,-0.03592706210892954,-0.08805931894957343,-0.024557004958123428,-0.002260558133278712,0.0004228689693016822,0.06804795368397298,0.1869618532888191,0.13007213304873347,-0.08755959641675064,0.21896898955436417,-0.03645849026290569,0.4042080658562571,0.029325047471635238,-0.06522887506998104,0.2179323233553065,-0.027577367556600316,-0.11855006947519978,-0.09995440243270724,-0.08395395719519744,0.003991722547127612,-0.007844592191127677,-0.04330055436816448,-0.09241475865199714,-0.04032298665041907,-0.09735063991086775,0.02396330955938897,-0.0132757810726688,-0.00792723999164976,-0.011449547317420908,0.3658901532330111,0.3140902462497021,-0.0832427858584246,0.05585865788401764,0.08632296053067962,0.26265912204556363,-0.009808901858060017,-0.07446854059097789,-0.007944847645650942,-0.04261637207693833,-0.05707934584980012,-0.01623747043303255,-0.0075659785966658115,0.16592329894832644,0.07773923274631923,0.423181449541677,-0.04287543446318627,-0.07552615946862484,-0.062315179729846425,-0.12106105513456479,-0.07436486858084479,-0.08221231984385236,-0.07598066550569879,0.12991341778056312,-0.055647404069207124,0.08981747262069326,-0.13669711265534903,-0.16060813708364266,-0.09132682292817007
4,0.034365852630214806,-0.0712434565144585,-0.04175925238190216,0.3286023117438512,1.0,-0.03406387342651929,0.45521058682944404,0.1589691993046961,-0.0515496197840833,-0.07331914416135102,0.1083502049801029,-0.07806219700092776,-0.05852758550597544,0.025088926034395054,0.058510274638386484,-0.09683794955979487,0.051228361138018055,0.06574150171307527,-0.08957039839866918,-0.010612069447526743,-0.10694970125817377,0.0850701834899766,0.1681734306909581,-0.08321487668642608,0.15090697803427316,0.09730698867887319,0.23303316934692497,-0.007900632169385706,-0.045334427545830364,-0.014380661602225637,0.0017151753203742278,-0.021342063895409012,-0.02658252733186211,0.1917601706743804,-0.10204990339331446,0.11030707496541048,-0.08001260958921157,0.00133731369580365,-0.08914071460255407,0.0664177623501957,-0.06413162046550513,0.12648692354496133,-0.04178448827499307,-0.027736590121722356,0.3529090985089356,-0.0012709727666477479,-0.047284877003444026,0.03754213977254499,-0.023176116185316765,0.03198781461957078,-0.039685201678512146,0.07052502843582974,0.17105289969126453,-0.026238993118903164,-0.08845574873831072,-0.02667801275720469,-0.05338894274791599,-0.015419420835281628,-0.02470536194045137,-0.06097458759140935,0.02219364850348755,-0.003256635482356429,-0.0783083559343225,-0.06195725265123397,-0.0012587480397635515,0.09947831347120893,-0.07160885883512813,0.0934777384713174,0.29625454714154115,-0.05960816737548469,-0.07664517843661162,0.17799360384655177,-0.026637555895894408,-0.02619954892011255,-0.06468403889120154,-0.030428000793536365,-0.06463661736048082,-0.04796018190809118,-0.04071654085938457,0.1410767339208893,0.1631476309506975,-0.033335124072490604,0.2519597451942341,-0.05537492349640365,-0.032045479592421836,-0.03865228812298477,-0.08694531315415957,-0.0555857337228773,-0.040645274941949486,-0.061310908672485884,0.44593028329914375,-0.0796528575694384,-0.07016668569748227,-0.10282767162766825,-0.13291036923102345,-0.08649567443230922
5,0.10578116914801176,-0.056240962036462956,-0.03393201467392865,-0.08945803433054919,-0.03406387342651929,1.0,-0.026247195789495463,-0.06722422258965789,-0.024622318656830632,0.040835969170110814,-0.06222701906448162,-0.06496022691288195,-0.05169628259359201,-0.0028394163648250105,-0.049659993323567526,0.055614989465534524,-0.04626885629411416,0.06187542913597197,-0.024554222169871145,-0.006318203131633499,-0.05617263090506007,-0.030482749399094306,0.03276105714129399,0.03079109575077556,-0.05458098410348587,0.1002904529921304,-0.07007140916258037,0.07139982067235678,0.251310186252952,0.0874582394104288,-0.015594396461420239,-0.019387367548412904,-0.00648340831498004,0.013814476254134019,-0.046096677069556224,0.07782782495538043,-0.06219173776082112,0.029617859608124894,-0.06833179032691031,0.05089343937757845,-0.04924513183105125,0.017628888622739054,-0.0355348210146607,-0.003351614640951715,0.029273326507125386,0.14643649512393855,0.24573833662537647,-0.05077564488484701,0.05378204212512349,-0.06861813394322905,-0.038126007537656735,0.15876952048201282,0.07244225141024377,-0.026836509561416567,0.0788173395060387,0.29600744433689313,0.25265389116093595,-0.05556933412229342,-0.023247332175941167,-0.0423294478900122,0.06693607919123273,0.12248383716205646,-0.02909220036321635,-0.05495133573205467,0.00463072360201785,0.0812716580484047,-0.04280427136640011,0.025527531095395697,-0.03302224152399541,0.1309265480137186,-0.050531227679125115,-0.01731413306718424,-0.045086249896262115,-0.03408196006627394,-0.0068852461723190195,0.11201382970624896,-0.04998730394930383,-0.003349349522641725,-0.03724833419312182,0.0621118727161163,-0.028846117143918645,-0.03556955155672089,-0.05550304382722209,0.2023624216448106,0.07773671462530557,-0.04642872628231936,-0.019967652125902235,-0.03169854805521073,0.23173843795446541,0.018879854655703715,-0.045197797940029455,-0.053401694089898456,-0.08074536947398929,0.27120954348119136,-0.049982064960644765,0.018042423093789943
6,0.07260544984292924,-0.055946936338714476,-0.016932525958725114,0.24227615886994286,0.45521058682944404,-0.026247195789495463,1.0,0.2503024701668537,-0.04120340298592712,-0.03140703508202829,0.018964982779774986,-0.06379392308521714,-0.09337348661351531,-0.010318383355703665,0.07912331450424859,-0.06245174001900176,0.06062659653382193,0.1266286434495843,-0.0728839432301801,-0.0027021749147991825,-0.08145141277471668,0.02360498832276852,0.297129227437398,-0.07093092580737066,-0.031843980717785166,0.10601949987147712,0.003087581424353919,-0.013765515829405951,0.054938194913773906,-0.009312224443931288,-0.014155871072428371,-0.018351722907470724,-0.01708985877818833,0.06099001173254627,-0.08261141180397175,0.046981598205834266,-0.05461514786360053,-0.07541169702161019,-0.06801494086593472,-0.011824466338326511,-0.0489982023157864,0.12827710276185866,-0.036154046592560364,-0.019633317492522333,0.5770175845557373,0.04833259224912226,-0.03743380423552152,0.11497087966547531,-0.021046894793743214,0.05543242632020483,-0.014282519924377552,-0.028521375523033916,0.3034357356533781,-0.025356692433762283,-0.029598473722386064,0.015491734401285834,-0.03206982273171105,-0.07394967198004973,-0.02323683050632383,-0.04559549732935557,-0.015021881904518461,0.10800310865965998,-0.06315343561811552,-0.05199705959447293,-0.012110344235530012,0.2496950919324157,-0.0564610751891631,0.0868840392157765,0.3744236237928408,-0.04363872388602884,-0.0648528456371146,0.23714884279309856,0.024569112817450542,-0.03253542244348324,-0.047669320978955,-0.02995223147857348,-0.04670892056190541,-0.03445381618405805,-0.03538226347218019,0.08344294537075614,0.10126602867612397,-0.02627997062919608,-0.007999894706618483,0.07525722222798183,0.09168103676867928,-0.03850013240838222,-0.07414748936083032,-0.04272630679131954,-0.03640491970751802,-0.04672178874819029,0.19726833534328514,-0.061200126924768145,-0.06814186456738287,-0.05417875369304162,-0.10471661435789237,-0.05811305339196926
7,-0.021019232647176526,-0.07326883237046036,-0.05360835752944297,0.694713881417523,0.1589691993046961,-0.06722422258965789,0.2503024701668537,1.0,0.06976298581361354,-0.050649539697146403,0.1731096186240519,-0.07351938118648377,-0.1062912279702782,-0.042684238132555466,0.3820867479570552,-0.11641112081230356,0.16960078851309313,0.04264604163310838,-0.09943929711434474,-0.011554788344559565,-0.09192186314509203,0.19369778628426018,0.19888412827569615,-0.05104108816093856,0.14523827460312605,-0.04752377304457285,0.11538314011032151,-0.02727319293080161,0.025411640093428008,-0.0714138733317822,0.04559832693436878,-0.00882864347620021,0.0073428377900476936,0.1700363324630485,-0.10201499450838915,-0.029177315673682366,-0.08135782062992102,-0.06675662912289594,-0.09271794757098596,-0.09311733281194211,-0.06643174748134242,-0.011458016919855556,-0.039003502758464065,0.054731376916564135,0.17091975203180623,0.1410922905009671,-0.051931784283440335,0.3132909889611418,-0.027317634577579287,0.5393110940802753,-0.027619419520490483,-0.05731614915348857,0.207855033593026,-0.040152372085134475,-0.07768419568782661,-0.07304939588662077,-0.049296799814252695,-0.05287076944617266,-0.02307713920449956,-0.058549116375144344,-0.11491490545612539,-0.051879191914042555,-0.0806742019012536,-0.06296181883283272,-0.016356062441751848,-0.011897199076644927,0.11069267343578831,0.23012986552381892,0.2789363613333109,-0.05514642687134688,-0.08426804599427462,0.06608600203678809,0.3942284239456951,-0.020774647172545076,-0.04273638478340697,0.025720087938680813,-0.006731332495185239,-0.042775480670735624,-0.010757364441306805,0.0020144426562558647,0.19724563830129074,-0.0031188715810639687,0.19350350271431604,-0.011554227342710603,-0.051858917161366626,-0.0459693026802635,-0.10068270098793114,-0.05297780313686216,-0.06111368823340155,-0.05426408043090478,0.06429783501002986,-0.0810683603074999,0.07729802787107307,-0.09913791406766279,-0.12677909922674346,-0.0641356222503943
8,-0.10013280023182472,-0.015331727803440841,-0.030786447078268116,0.019174706921839976,-0.0515496197840833,-0.024622318656830632,-0.04120340298592712,0.06976298581361354,1.0,-0.010333343033590089,0.037529429329483534,0.09421901635093394,-0.09901410583586595,-0.040717558651339324,0.09071004413916606,-0.034101184407486246,0.20304855084565582,0.0634913249549498,-0.08038062041145587,-0.011315043298085081,0.1468623743002766,0.002041019079021529,0.10299899267670293,0.16174682796270518,0.04271659516822642,-0.021489524154209735,0.03149581204034735,-0.00506836076124253,-0.03170587745084992,0.09895737533406118,0.02220838349047983,-0.011870413433159236,0.11289589179383172,-0.021936633034461514,-0.022237713761365033,-0.016444549506690255,-0.06036400785242398,-0.10713949067057765,-0.07825400783914682,-0.084869652905568,-0.039023923608262456,-0.0468581471851067,0.17535821008501454,0.05316031272177696,-0.03867562731236138,0.1420111834644743,-0.04217564184791942,0.1595414440748829,-0.02114396042850924,0.3603890618852183,-0.04582054649257525,-0.06529009458993382,-0.07801669558593691,0.033994886547368604,0.0799146073943375,-0.03439343691705199,-0.014401254040190676,-0.0629757142274269,-0.008971227460655684,0.12993732510679873,-0.11466888281745555,-0.04261480980171958,-0.015533961811908185,-0.03415067136153649,-0.02010634770699491,-0.03791995134138488,0.5226112754147922,0.10509427898837692,-0.010244571728766791,0.009474265552215894,-0.07314883124036062,-0.017945964277032905,0.1740255506700587,-0.01769609027303372,0.00838769374413114,0.042953209644494506,0.5019844953112061,0.030863623185587715,0.5572157173692869,-0.013853359145051996,0.05603910200291383,-0.026979225439274376,-0.017610100342746876,0.03456703062352012,-0.006773967781632345,-0.028085246770929658,-0.08747765856997583,-0.027129429963740345,-0.03214769895526649,0.053611470047208815,-0.024957415137915218,-0.05652873286316111,0.06915604650014921,0.014700583370547488,-0.05216368634061105,0.1686462360493971
9,0.1465246008357446,-0.10953002371930089,-0.06697860702845276,-0.0768763420335929,-0.07331914416135102,0.040835969170110814,-0.03140703508202829,-0.050649539697146403,-0.010333343033590089,1.0,0.04571546847061751,-0.119331331358609,0.18986790803082154,-0.022578560604843253,-0.05789884979270839,0.3493003115389552,-0.08571817548383434,0.271181099433179,0.14008256524771592,-0.014428794017732949,0.1301369258320002,-0.05851669117978755,0.010886500006306324,0.06692695671421577,-0.03445049784125409,0.016346948254692094,0.12141569191027513,-0.018468443994310874,0.021216349300759496,-0.012699493259947986,-0.02799987257401157,-0.039413430774725124,0.01626484057334025,0.2144967866676799,0.3673319920940278,0.03760092666254025,-0.05601508865891746,-0.04061027219724813,-0.10199388343726003,0.15959698944067963,-0.09235015493425835,0.1216318360567675,-0.07133990140320438,-0.0019668419162428195,-0.0457893699021014,0.09287681241448834,-0.04472332088030181,-0.03100499283698529,-0.014147571121704785,-0.028407128524293175,-0.0717215466597809,-0.06533604881582286,0.10909216218822129,0.08029732132757872,0.09260755916088259,0.3189625236488245,0.07013228381729403,0.15479078491655376,-0.041731187959982305,-0.08880769591927509,-0.018351354628576684,-0.00720458860187022,0.25235822026134686,-0.07990801453326953,-0.0174652869916135,0.15819787921316014,-0.042221529111265164,-0.042080577346883696,-0.06903018401297448,0.49853923304814785,-0.089858914986641,-0.035092665207168,-0.0725713758959077,-0.06642241561933329,0.05033203584365497,-0.013402322672783587,-0.08681412369390744,0.008475770961118975,-0.06012930684736702,0.01625020249813604,-0.06034983352727785,-0.07253325052046727,-0.030868186370131813,0.3188493163094521,-0.02365448938250753,0.0066230533216559,0.2241602913633738,0.032795919729703374,0.007222326292712383,0.14852379527628518,-0.06281943927550937,-0.08130772504481332,-0.1443943674728712,0.47428154018237834,0.405927149204096,0.20388741696000273
10,-0.03602911102208843,-0.08550057774086989,-0.03828200631878723,0.3006729060963877,0.1083502049801029,-0.06222701906448162,0.018964982779774986,0.1731096186240519,0.037529429329483534,0.04571546847061751,1.0,-0.047258169377228085,0.011774486875032887,-0.025390051496756515,0.04847783429797271,-0.07027217457484486,0.04830247273895679,0.08692244108925248,-0.01243314996823273,-0.011390326723353203,0.035255609684105606,-0.008862694229502775,0.02403003026014761,-0.010680442894783843,0.2583067610639244,-0.026636990410942845,0.4033012321481285,-0.017756091056253802,-0.031969607452448236,-0.0741623110611018,0.03497177434089898,-0.025541692191126588,0.04099117544402807,0.20138980789544908,-0.030416440318149354,-0.022438498597220066,-0.05761306525482727,0.0006370383284291624,-0.0954289875184173,0.17748432460833952,-0.06485139319993759,0.005657298539754246,-0.045238659603836884,0.017655915171232592,-0.017922515018243525,0.11400699907186321,-0.060070054332455394,0.09547350306775684,-0.023969842679184925,0.10474716204715917,-0.04461796039104231,0.04430384326036842,0.09122819552194927,-0.029725590195328812,-0.07283728102099263,-0.03225023370035245,-0.06005636601448922,0.2762792337435478,0.0895896065152244,-0.07206404822942328,-0.08089986607701782,-0.05240549988194888,-0.05996638948217233,0.10079058591973797,0.005403066555011544,0.032895862770508384,0.025423714109871313,0.13440563651858356,0.0036821289728067863,-0.033158745916363364,-0.0735414750652338,-0.020000309986063877,0.019454984807144533,0.03163780592821501,-0.044031984353688366,-0.006288738754068817,-0.01171223572285815,-0.005133821555147935,0.03411548655987823,-0.01951244120395886,0.03370708184839295,-0.048435156812874976,0.3131660490425509,0.006944591265043024,-0.06970282372238293,0.03731962821897659,-0.08938031117046855,-0.02101859250762239,-0.04915326747449279,-0.04565214789757409,0.054478137698229734,-0.096040074793759,-0.01883786971255633,-0.028329231844833484,-0.07216360612348507,-0.041749953298867826
11,-0.1398995680777616,0.40408323249040184,0.014099514940552714,-0.006448736434607535,-0.07806219700092776,-0.06496022691288195,-0.06379392308521714,-0.07351938118648377,0.09421901635093394,-0.119331331358609,-0.047258169377228085,1.0,-0.1225509430015296,-0.040623034897850296,-0.0590898228060637,-0.12033283522374935,-0.042695509309590075,-0.0758535927738383,-0.09143291035556775,-0.010716335441470576,0.2736698531101173,-0.03499550364984472,-0.06699728956263096,-0.018920672331572554,0.002358547374656372,-0.06587588044376655,-0.07556924802677295,-0.03334114618891087,-0.10891894829563972,-0.034466916893158096,0.0032131216896345016,0.03245648737005038,0.006063574081159583,-0.14271179549592944,-0.07489342000307977,-0.042326427418634814,-0.011230179135641541,-0.10236619929107503,0.08049158781452985,-0.13457601732545538,0.33768981385779395,-0.060901010352261545,0.27353986182372,-0.017961419818838455,-0.09286209437889503,-0.07197958508009611,-0.07536947554571052,-0.022301369142237026,-0.02025433413447579,0.11045016978245537,0.02992742188723503,-0.06324127048184362,-0.10080339402553712,0.14576374448890753,-0.08190433831100463,-0.07158079147232316,-0.05650081124211212,-0.05986002109072308,0.08914850955396048,0.44192742593240575,-0.12045731561480036,-0.04738405794464187,-0.04462054500779712,0.16055926243762464,-0.012002672868662065,-0.07561605771147728,0.13526964236941358,-0.05475620455979677,-0.039752978036568784,-0.0530098696215002,-0.038568928929086574,-0.045804423289751386,0.009394161246572452,0.12350132217003651,0.04130830389632151,-0.02178802675832344,0.39513473033598306,-0.007424287375418196,0.22076013762410973,-0.03360743085021556,-0.028680250966596838,-0.01344455754715886,-0.01820089961002935,-0.05631316195039534,-0.04495301979380156,-0.04405311828372649,-0.09950348585000796,-0.03320053319196928,-0.06080926937883056,-0.04202181324585928,-0.055978743871565234,0.17859633284017978,0.24258187284783392,-0.08613537492324266,-0.09656782649395171,0.26844960489263225
12,0.28125735449177797,-0.10773089511118956,-0.07627859488692779,-0.12129379080726446,-0.05852758550597544,-0.05169628259359201,-0.09337348661351531,-0.1062912279702782,-0.09901410583586595,0.18986790803082154,0.011774486875032887,-0.1225509430015296,1.0,-0.009872470497174017,-0.10294823740204889,0.34080858993979124,-0.09612500354041402,-0.0781753333281367,0.6479771054796912,0.025770792640748157,0.05144825652416979,-0.06103391413904436,-0.10050786871919312,0.04901238091513312,-0.06740815622338342,-0.02190843792152428,0.033900646036578636,-0.03631553637134895,0.11311879282741649,-0.012727404637518938,-0.029994957795298375,-0.03848806047746315,-0.041000368156925523,0.042129629126153756,0.3471316591814433,0.03413780869915985,-0.042993703262333496,0.3439442864524057,-0.10034525646393913,0.31012805198475946,-0.09704786586066791,-0.04322010291274332,-0.07200932830495166,-0.04555358179876855,-0.12908919342203817,-0.07964025646020556,0.07920167897827035,-0.11207657161709342,0.07133053677473643,-0.11225312978866045,-0.0865988963832675,0.11958836584336212,-0.1427654799469864,-0.03730744608872718,0.12450694491018002,-0.05777779280579382,-0.08416439122529075,0.34026050828042853,-0.0401126002362846,-0.09256375925081822,0.15853870102280548,-0.07629817324666563,0.3902595751983504,-0.0696023020703917,0.02583499352978201,-0.054458674238221726,-0.08568384807305549,-0.09256654173523028,-0.05395634773790978,-0.054040200133605984,-0.05773189900368188,-0.05884816399678247,-0.0944812009493932,-0.062362170445205437,0.16874037541033887,-0.06247821260476247,-0.09812543363883719,0.04323401609034902,-0.07102937371506964,-0.018102762798001097,-0.05713541372982028,-0.07120913013654388,-0.016898721120578906,-0.10083879997712639,-0.0993128202676071,0.21806781110331275,0.61743561806145,0.27083642953415976,0.0291201563241872,0.052886593447269085,-0.06935478180633389,-0.09809731700817036,-0.14517708881445957,0.06173238605226684,0.5581863898511098,-0.07302329616505482
13,0.028716807827655472,-0.03607184634717368,-0.029365283851265127,0.012036707147563315,0.025088926034395054,-0.0028394163648250105,-0.010318383355703665,-0.042684238132555466,-0.040717558651339324,-0.022578560604843253,-0.025390051496756515,-0.040623034897850296,-0.009872470497174017,1.0,-0.03349710764948158,-0.03813563230867678,-0.03312502086100508,-0.0295116941428214,-0.031083767694814884,0.003999799116148941,-0.0471032017670877,-0.021783759430559827,-0.034356332935776876,-0.04581629652337997,-0.02994949345783334,0.09378660898473164,-0.028767804957195806,0.02255223144430122,-0.009004272748421058,0.3786440755463824,-0.009442556209030865,-0.01345859275272003,-0.018783748817418403,0.135347220204953,-0.018963087929770965,0.013261118402709968,-0.040221088293049816,0.28372190186806656,-0.047208346865981216,0.10272077742926683,-0.033236408612828394,0.000592994209131703,-0.02306605111620271,-0.015889389943505562,0.2325565182365089,-0.025311594709829667,-0.003013411257844179,-0.04053672913321184,-0.00511195799676133,-0.0495015426368456,-0.03173203036907987,0.05213657532104728,-0.02023313616392665,-0.022662376143724718,0.18939094548207452,-0.025375206563847216,-0.0302287856822967,-0.00146337555164483,-0.014624368953615659,-0.02895799828135036,0.31221322271693797,-0.003752256342054058,-0.010880092151211211,-0.03258866129378899,0.009128311559330476,0.0027936586750505524,-0.03978288257104917,-0.027856267631500765,-0.015339568184262936,-0.025545932662220328,-0.011950251212858412,-0.0018596002595357196,-0.033600021995701,-0.02233755221059505,-0.02707964024994717,-0.015728236157328424,-0.03402065974488309,0.0012179223434468072,-0.025595922717342345,-0.011843318594864132,-0.008967355186906568,-0.024408598181899555,-0.02029252940616985,-0.033622024532287687,-0.0066705068123812505,0.01358909273836081,0.019213858237539003,-0.021271586507710064,0.01499292156360638,-0.02125970623057337,-0.021797346212633996,-0.0424092489552446,-0.05319309778483071,-0.04938726284813022,-0.034659921889357834,-0.04120554218910189
14,-0.04544335495196046,-0.05275077077062044,-0.03841048875988723,0.42188870157105507,0.058510274638386484,-0.049659993323567526,0.07912331450424859,0.3820867479570552,0.09071004413916606,-0.05789884979270839,0.04847783429797271,-0.0590898228060637,-0.10294823740204889,-0.03349710764948158,1.0,-0.0959123211418059,0.19896220365126469,-0.012944455177989148,-0.0748559987361315,-0.009562088207413073,-0.07156970296300424,0.15384497856482052,0.2374041904634611,-0.07001647579769993,0.08877178485438723,-0.04442123488093512,0.0418261135058178,-0.02289339196561627,-0.043896423377782934,-0.06464053831850204,-0.007106281175607004,-0.01088135222759956,0.014378751442976193,-0.007657083420088692,-0.07704569857121785,-0.019061657469078164,-0.05868422512889556,-0.051799736033659796,-0.06378895282594174,-0.11032067906040577,-0.046486474361327086,-0.00783939558213408,-0.032222396502699396,0.0757445193960541,0.08043360346896342,0.165324756784559,-0.04944876651775554,0.1376913316223045,-0.020848915898083426,0.24606660591058782,-0.023378776114945682,-0.05269747879757607,0.03972108270873505,-0.024090239258927004,-0.07610578004434834,-0.05372960111231091,-0.03704097614235433,-0.06645523699384341,-0.02171950044033251,-0.0433827823524547,-0.08558843980592859,-0.038738623890450935,-0.06595635653915484,-0.04899049736892664,-0.015222710250686326,-0.0435214523135055,0.057105779192817174,0.12194074140898072,0.05295993135285166,-0.0436826760466215,-0.059044226429877736,0.12974650548761746,0.46450599245582125,-0.026801295096617272,-0.04034183428448645,0.03982131056827179,-0.03200006144293967,-0.03300476609720115,0.01992383217274342,-0.001977815284971109,0.13248697016968314,0.00023504733048665058,0.10589029004937804,-0.01730574435072339,-0.04676306588322965,-0.043243817303338164,-0.07679176933258507,-0.04106234462244993,-0.04796276138458723,-0.04811500306130273,0.0419044118095018,-0.05672963909613725,0.04161010744939926,-0.07718159660402525,-0.10101531620323512,-0.057598683450673815
15,0.47383770393895186,-0.10534859817124294,-0.06267911086564744,-0.16797585113944075,-0.09683794955979487,0.055614989465534524,-0.06245174001900176,-0.11641112081230356,-0.034101184407486246,0.3493003115389552,-0.07027217457484486,-0.12033283522374935,0.34080858993979124,-0.03813563230867678,-0.0959123211418059,1.0,-0.09129271235099978,0.051960769911280166,0.413742491413078,-0.01404457505450456,0.01990385852314136,-0.05939688366342058,-0.05467760139557237,0.2998295383414055,-0.09863844078515582,0.032948798190748904,-0.012544507695713213,0.003835898339845936,0.04976212150071766,0.09347017661981707,-0.027923470367085507,-0.0374201705393829,-0.007724002661084512,0.18423818354076582,0.1504333485822022,0.05440530844728218,-0.059290391243138264,-0.012290752046418897,-0.10652420818304918,0.2664996611979935,-0.0929238373962646,0.08792885673538335,-0.0690752649067025,-0.02315021064375794,-0.09127159924820386,-0.026364725275643378,-0.017097215003212193,-0.08624218965148481,-0.008129065019325893,-0.10333388931045094,-0.07297029842942185,0.08093466048595321,0.004433729450031475,-0.02020845990708195,0.18104037625566358,0.13542886842161572,0.13668663849915982,0.029010785717487105,-0.042561021945898586,-0.084841316532385,0.016807184300570467,-0.006658532550833137,0.13257996445009607,-0.08896733185296905,0.004175458294227529,0.04813074359587281,-0.03746502587291885,-0.0814823944324541,-0.07246018185871399,0.29100113332686645,-0.08060037006356818,-0.053595608206154915,-0.08579995895810631,-0.06386974183024971,0.11932972581502459,0.04847609747507375,-0.08625638880504334,0.044444849247364936,-0.05895112580234572,-0.02050721445015773,-0.06176773945834868,-0.06876693174113942,-0.10271728212779813,0.07563757911371946,0.019616570042986933,-0.008143493835827048,0.45981677710301305,0.0928371231304238,0.044156576608652784,0.15542955089538713,-0.08536109990856727,-0.09747306421702384,-0.14709246079041982,0.43902923913956354,0.3044930905156279,0.08396680497722808
16,-0.08386427717536943,-0.045275259549333445,-0.031954387984897394,0.2139529372477225,0.051228361138018055,-0.04626885629411416,0.06062659653382193,0.16960078851309313,0.20304855084565582,-0.08571817548383434,0.04830247273895679,-0.042695509309590075,-0.09612500354041402,-0.03312502086100508,0.19896220365126469,-0.09129271235099978,1.0,-0.04866007959925665,-0.06948467879204792,-0.008873771139005546,0.002501260771991344,0.3851636304265952,0.21160183106083486,-0.056378297155197446,0.12915751591156094,-0.04305356112032607,-0.061120381068838554,-0.02372059808967571,-0.047992861007654875,-0.06405386821927136,0.038376984059989475,-0.009783009083409974,-0.022674069780037606,-0.06494551194626946,-0.07361163545403414,-0.023038845164427904,-0.05301175521083455,-0.08262799711613363,-0.059431695536831364,-0.10263605005131199,-0.04275133370915568,-0.03989634853073409,0.008106530436370909,0.1850405710942396,0.05127437317729482,0.08999171438484235,-0.04696126696473005,0.28979327459222126,-0.019387779989617576,0.178942968759071,-0.029805666609558842,-0.04945711721660746,-0.012314241824360696,-0.0347626520924703,-0.0743632675799456,-0.05196333956982911,-0.03984832793649673,-0.06491672933025223,-0.01581957240325909,-0.03156019937785855,-0.08950342071777712,-0.03545079485520144,-0.06154850029748178,-0.04155735573254356,-0.011559339170588871,-0.05251918822555359,0.17120066634425304,0.4095757268302974,0.265328527524629,-0.039306792055026865,-0.05236190023465774,0.0276352497293524,0.377360815413614,-0.022062957864870496,-0.028813431211463618,0.05495566947973523,0.1055885700213991,-0.020357974306885997,0.031182317534644084,0.00039088529265228315,0.34779945602800194,0.014902455714982141,0.09759975170753259,-0.0208041281923325,-0.04440755099457414,-0.043231383844812746,-0.07638389475559301,-0.03779331912241082,-0.044675188626401394,-0.04361055947234374,0.18536955814807005,-0.04623371841613942,0.24138432554336858,-0.06926458274729747,-0.09377576596179998,-0.05596875740892669
17,0.07376092644526523,-0.07736381225410677,-0.018070676674668704,0.04954422823268856,0.06574150171307527,0.06187542913597197,0.1266286434495843,0.04264604163310838,0.0634913249549498,0.271181099433179,0.08692244108925248,-0.0758535927738383,-0.0781753333281367,-0.0295116941428214,-0.012944455177989148,0.051960769911280166,-0.04866007959925665,1.0,-0.09246439555327952,-0.009389936178004118,-0.054292045268405136,-0.02921407621090518,0.11921635192771615,0.0508435357083837,0.04470770331494804,0.08203840057177852,0.11025096137175314,0.018162581157954022,0.06032207180215081,-0.0030694535857975283,-0.019677654041632242,-0.027289657160710138,0.1526417982201762,0.29218431269137907,0.018189115948219266,0.05673234237828413,-0.05215485537951653,-0.07607375913539628,-0.09872865136193615,0.06688294148240499,-0.06298259601813098,0.18858632479038845,-0.054560447695705394,-0.013886457900524547,0.11514997777416328,0.2556660319344358,-0.030281364088674642,0.02621751933881724,-0.025768106273117836,-0.002952562018346179,-0.04548164477914304,-0.03674220830113695,0.2734253883097585,0.029211872104820093,0.06865508842051983,0.33154878396469795,0.20432262431642426,0.03638156499773843,-0.031906621245204395,-0.06600506283387608,0.0003682934723387315,0.08779340096614316,0.03321497006660239,-0.06967713167791204,-0.014903618163933626,0.29102538964908553,0.06252774486564369,0.10554595580098483,-0.03646888739567218,0.131289655022847,-0.08301946775698765,0.011381736322085625,-0.035757122705511325,-0.04735009640436359,-0.03808217457008767,0.006371817695358381,0.0016057564311576338,-0.03337297134091642,-0.028207846273451805,0.12536294968214334,-0.010493733942521118,-0.04446605064122515,0.03202458640303778,0.4823654923582233,0.06992949822437736,-0.047571867697167064,-0.03238089067742957,-0.05712063185880835,-0.018431922839258864,0.07994817720786443,0.07963130699301385,-0.07875347910411047,-0.10040765837827945,0.18610544037664356,-0.01865823147023925,0.17501645784510855
18,0.15272043376664532,-0.07706598658714334,-0.0516354638902684,-0.13507492196098342,-0.08957039839866918,-0.024554222169871145,-0.0728839432301801,-0.09943929711434474,-0.08038062041145587,0.14008256524771592,-0.01243314996823273,-0.09143291035556775,0.6479771054796912,-0.031083767694814884,-0.0748559987361315,0.413742491413078,-0.06948467879204792,-0.09246439555327952,1.0,-0.012948351776996518,0.037006776690392866,-0.04419086292263796,-0.07518983946604466,0.08774924350480734,-0.0827256542228422,-0.029307446083770415,0.011322608270783338,-0.026628438848283295,0.056131621706967776,-0.06536520785156871,-0.022397300582716138,-0.027934966436403405,-0.03978431859790333,0.045596148358384506,0.18685839605922125,0.023045912072165213,0.001421480305867661,0.044462026554084606,-0.05941906913134846,0.37988042742882194,-0.06933939529224664,-0.008955965029927192,-0.052837366072917814,-0.03034868723717734,-0.10083002994474655,-0.06816598479487243,0.13209778062332928,-0.08265151886452855,0.0361222290066966,-0.09357018807076035,-0.06562686837216082,0.18192074852380383,-0.09380743057437214,-0.032852514444110144,-0.04612855217984965,-0.0032630296538746295,-0.03787767899503601,0.18757859279085215,-0.030969115701148332,-0.06537729039889241,0.012136160960279271,-0.047574305513230025,0.09528337325008865,-0.04459165425812212,0.06540679314377397,-0.018853974634887118,-0.07463463885860604,-0.07478722194476863,-0.046461076394602105,0.013165009112243588,-0.026446351057690526,-0.0523087995318275,-0.0694973249242678,-0.04739714193539982,0.18507317795742487,-0.03618749524193166,-0.07278914046121716,0.001676834646763083,-0.05579682483830761,-0.03231629850975645,-0.05552531758581529,-0.05118248940631724,-0.08819464493773455,-0.05614909486377426,-0.07155914097759782,0.10431488037083647,0.27058542957463916,0.2064596315031847,0.02096362307052515,-0.041659336425692924,-0.06558875747502925,-0.07054150629889078,-0.10382444853967951,0.07457233691282919,0.23209757214102478,-0.04664359135842816
